5.089102113412709988e-02
5.690670119834748131e-02
6.263187114518915799e-02
6.770621416243373381e-02
7.235399688272478591e-02
7.666245460634268927e-02
8.094121761349759581e-02
8.471985833541685607e-02
8.829756247352933685e-02
9.171270206559045679e-02
9.484843929174041621e-02
9.783358478294001959e-02
1.007510699695758905e-01
1.034016483567940931e-01
1.058771545978806489e-01
1.082576016584498452e-01
1.104421011656411822e-01
1.125949294354568614e-01
1.146239769388637669e-01
1.166359583232735031e-01
1.185618079305928579e-01
1.203620394339818545e-01
1.221471827372369034e-01
1.238165032849618402e-01
1.254681620194290081e-01
1.270419838821569281e-01
1.285350997416031260e-01
1.299558813830315462e-01
1.313427585694529887e-01
1.326642239833646375e-01
1.339078532523733378e-01
1.351469225377162076e-01
1.363228561971984720e-01
1.374720605141571683e-01
1.385482174498683383e-01
1.395880430572638553e-01
1.406138981653115017e-01
1.415944554859684401e-01
1.425506264133773182e-01
1.434420898451271020e-01
1.443408366630409279e-01
1.451791675419166205e-01
1.460026261658985969e-01
1.467813242020840347e-01
1.475419153019392193e-01
1.482947106016193894e-01
1.490155706256091617e-01
1.497259612707563248e-01
1.504011211298411088e-01
1.510425856132809053e-01
1.516686993684565055e-01
1.522726434805243834e-01
1.528734202630183947e-01
1.534580160090968648e-01
1.540070240579929084e-01
1.545492769822317536e-01
1.550866167373693427e-01
1.556071353761301068e-01
1.561140915106682958e-01
1.566014236279723859e-01
1.570743576699885069e-01
1.575351524480541887e-01
1.579840940941042993e-01
1.584149006869994269e-01
1.588250276762328272e-01
1.592357164090717203e-01
1.596405428682978189e-01
1.600193014795529556e-01
1.603952564236514056e-01
1.607548678434039535e-01
1.611189190531026605e-01
1.614645546613353577e-01
1.617996666706899289e-01
1.621366520074885020e-01
1.624602666824030706e-01
1.627687657472113303e-01
1.630805928352489498e-01
1.633790404735812329e-01
1.636777293414482526e-01
1.639669245044954871e-01
1.642468999583217570e-01
1.645120657745436088e-01
1.647735092370738730e-01
1.650283666898023638e-01
1.652904770754742292e-01
1.655474296842303905e-01
1.657897787485899110e-01
1.660242944185662817e-01
1.662545834586458271e-01
1.664856436817250540e-01
1.667068172170057538e-01
1.669228669756618877e-01
1.671341352724238782e-01
1.673425320358779556e-01
1.675479909897609754e-01
1.677478105062869262e-01
1.679439728333695925e-01
1.681325129600647061e-01
1.683234051012221233e-01
1.685079838565154697e-01
1.686865085599306979e-01
1.688650456687870172e-01
1.690412300024339010e-01
1.692155186488835117e-01
1.693857870529964504e-01
1.695438678841884317e-01
1.697032091874051130e-01
1.698624394695755768e-01
1.700222496648945147e-01
1.701774141719614997e-01
1.703286061102573523e-01
1.704767188982491410e-01
1.706210007152133834e-01
1.707627830447418227e-01
1.709023418437226050e-01
1.710415745681065636e-01
1.711751907418426200e-01
1.713124016259321980e-01
1.714461696091697240e-01
1.715753208439781963e-01
1.717035141662466291e-01
1.718313536230037519e-01
1.719539568212233582e-01
1.720738676545733592e-01
1.721919824139403477e-01
1.723067413878571208e-01
1.724150141686008608e-01
1.725263098304826714e-01
1.726364894414697537e-01
1.727462742962333209e-01
1.728539180419713384e-01
1.729609096693849601e-01
1.730629976024332106e-01
1.731606109289975937e-01
1.732616226409790516e-01
1.733611159923205414e-01
1.734608526952954866e-01
1.735553337215052783e-01
1.736538601078411459e-01
1.737467991272572954e-01
1.738368346592571445e-01
1.739291839525938244e-01
1.740165145500957300e-01
1.741055805557138181e-01
1.741930350637800606e-01
1.742798975409463880e-01
1.743649203470279407e-01
1.744488485556699719e-01
1.745297453674742871e-01
1.746079964397665718e-01
1.746878891788062327e-01
1.747652347994271826e-01
1.748419388655616524e-01
1.749147925787428171e-01
1.749900932299022216e-01
1.750615920874328546e-01
1.751336737303666458e-01
1.752047881063308887e-01
1.752732761011616680e-01
1.753414919956449991e-01
1.754077431094190898e-01
1.754760490739367407e-01
1.755403821060566583e-01
1.756062272719345341e-01
1.756718652589972507e-01
1.757322620212096453e-01
1.757951094123349489e-01
1.758562780525727842e-01
1.759173882105856401e-01
1.759766958450273977e-01
1.760340842717577903e-01
1.760903933551315470e-01
1.761493160490872900e-01
1.762059041375455826e-01
1.762635615728699590e-01
1.763174534126022708e-01
1.763743537221213742e-01
1.764265837096770095e-01
1.764778764632964070e-01
1.765264281640761268e-01
1.765756673454837999e-01
1.766270212354876801e-01
1.766766857113335198e-01
1.767239664825341061e-01
1.767720320353534658e-01
1.768176213234556593e-01
1.768640193210248013e-01
1.769102914636663249e-01
1.769548356305440384e-01
1.769998410964182534e-01
1.770465745546862812e-01
1.770888045530013832e-01
1.771303360344162747e-01
1.771713251607785478e-01
1.772145337700753165e-01
1.772557142122550000e-01
1.772968349141159083e-01
1.773416485134756415e-01
1.773795598007604779e-01
1.774161126997369220e-01
1.774580377676887311e-01
1.774971370821495364e-01
1.775363713997839821e-01
1.775744761896683732e-01
1.776133552007181649e-01
1.776502565784774113e-01
1.776869936491659030e-01
1.777229574881262486e-01
1.777594126417689768e-01
1.777966053071051433e-01
1.778335993168744245e-01
1.778678159497458777e-01
1.779046341671851328e-01
1.779394198060861021e-01
1.779724353725812003e-01
1.780037136220995186e-01
1.780381784814308033e-01
1.780717671137069802e-01
1.781015493741880951e-01
1.781327084516303449e-01
1.781642726889114681e-01
1.781966504997626599e-01
1.782273315892386745e-01
1.782582074275583794e-01
1.782881042394896809e-01
1.783168578894822054e-01
1.783456324356211820e-01
1.783735232858236486e-01
1.784021281713032980e-01
1.784278121955901186e-01
1.784538193437276710e-01
1.784797948045656335e-01
1.785044895950789468e-01
1.785320893527377051e-01
1.785569393645263792e-01
1.785810228137213462e-01
1.786077997243349924e-01
1.786342193800817268e-01
1.786590813123135335e-01
1.786840779835431325e-01
1.787063387222822819e-01
1.787289386006240544e-01
1.787516528667274784e-01
1.787740837796228388e-01
1.787953040977161845e-01
1.788154258512945627e-01
1.788350546948148656e-01
1.788575748141419675e-01
1.788791586124920396e-01
1.789014675581954983e-01
1.789227792411282603e-01
1.789421797885095977e-01
1.789628418706506741e-01
1.789843327171666276e-01
1.790031465081272088e-01
1.790213539571291479e-01
1.790411896843183137e-01
1.790617282747123673e-01
1.790810989638364492e-01
1.791009184469095350e-01
1.791185739201852645e-01
1.791388800389290270e-01
1.791563703311186972e-01
1.791736674453735800e-01
1.791923080857178996e-01
1.792120824974144100e-01
1.792307755663820890e-01
1.792449126517978164e-01
1.792630264207360768e-01
1.792809595408477175e-01
1.792971319350712689e-01
1.793139021556544033e-01
1.793297443823323734e-01
1.793455257522463819e-01
1.793602985622222701e-01
1.793757999057396524e-01
1.793890926456505608e-01
1.794061653350111085e-01
1.794195080700469735e-01
1.794325012684784004e-01
1.794467096630819880e-01
1.794591518723456791e-01
1.794715790654052845e-01
1.794839965074194743e-01
1.794954767718595356e-01
1.795087107544500182e-01
1.795222811460170098e-01
1.795353362856859925e-01
1.795484251139139731e-01
1.795615003484689609e-01
1.795735483089568874e-01
1.795841581517888530e-01
1.795957555258651805e-01
1.796083574744347100e-01
1.796212966935699373e-01
1.796306263020842897e-01
1.796421663798007662e-01
1.796562596945699974e-01
1.796680071282684699e-01
1.796802359840063701e-01
1.796912714509467102e-01
1.797017992176271339e-01
1.797105398188338921e-01
1.797219708358418488e-01
1.797325284613680296e-01
1.797397980792168060e-01
1.797508471886375969e-01
1.797586680540468607e-01
1.797666085709008210e-01
1.797769911211065386e-01
1.797876231913074219e-01
1.797969728421605906e-01
1.798070180895716685e-01
1.798156471800322342e-01
1.798250014667684415e-01
1.798347626398799637e-01
1.798428335641211739e-01
1.798512892587388334e-01
1.798580328172827980e-01
1.798660636770799126e-01
1.798749906039790181e-01
1.798829640443825595e-01
1.798913549616647234e-01
1.799001360688046725e-01
1.799088310418930359e-01
1.799182646874727676e-01
1.799265159983746143e-01
1.799342244097758281e-01
1.799416756512268734e-01
1.799494776928157458e-01
1.799571594372853800e-01
1.799652082845631107e-01
1.799714730266308849e-01
1.799797332363980151e-01
1.799868189072179880e-01
1.799946451184820662e-01
1.800027639940782742e-01
1.800083052764125946e-01
1.800168369314597006e-01
1.800214741900220683e-01
1.800275078082489710e-01
1.800340180255577127e-01
1.800399178473760797e-01
1.800444251717384647e-01
1.800504691860565776e-01
1.800566566315444650e-01
1.800623190995389034e-01
1.800676037848495392e-01
1.800746276470561180e-01
1.800785347121169333e-01
1.800846626790004734e-01
1.800899521036453399e-01
1.800964471913925335e-01
1.801018228456668924e-01
1.801084819561506456e-01
1.801137777215155167e-01
1.801208188605166460e-01
1.801269155349003170e-01
1.801331394218377013e-01
1.801390599858226360e-01
1.801431234141064874e-01
1.801485711518789889e-01
1.801539812714919309e-01
1.801616289100219648e-01
1.801667807298047153e-01
1.801704522638913342e-01
1.801744104349582987e-01
1.801792823085247852e-01
1.801843891629566208e-01
1.801889688179884597e-01
1.801942782666504650e-01
1.801996681937664269e-01
1.802033034817667190e-01
1.802093189934161899e-01
1.802141243081567257e-01
1.802173641954255556e-01
1.802226383718494862e-01
1.802287629657770285e-01
1.802324014551074383e-01
1.802376094405121476e-01
1.802418398261264321e-01
1.802475126348489776e-01
1.802500296711086747e-01
1.802546465827485345e-01
1.802595824611260278e-01
1.802658620470767026e-01
1.802701362734263069e-01
1.802732285367893983e-01
1.802755493995796821e-01
1.802807858424259335e-01
1.802841779366002317e-01
1.802889713339403122e-01
1.802932016381045000e-01
1.802971715985563217e-01
1.803003945821321785e-01
1.803059842110945610e-01
1.803090289272314684e-01
1.803124542235036709e-01
1.803174874809007344e-01
1.803205756627838940e-01
1.803239707860160024e-01
1.803285468870297614e-01
1.803313267274024023e-01
1.803351158216482120e-01
1.803378481710350978e-01
1.803411812295448169e-01
1.803455357023181493e-01
1.803479035477719983e-01
1.803533174350207824e-01
1.803566988754078670e-01
1.803603444983490345e-01
1.803642767884379439e-01
1.803676619075499366e-01
1.803701941476965886e-01
1.803745620428314211e-01
1.803777168203495873e-01
1.803805960755423821e-01
1.803836744361062838e-01
1.803858187107930944e-01
1.803879197599880246e-01
1.803900537718003960e-01
1.803924235384613828e-01
1.803936488176290098e-01
1.803968325456514754e-01
1.804000266410412945e-01
1.804022268597447465e-01
1.804034891264325313e-01
1.804051917324281662e-01
1.804061220173397428e-01
1.804096710863793973e-01
1.804121956674218652e-01
1.804144053748736043e-01
1.804149342378180421e-01
1.804171670092507562e-01
1.804191022515363174e-01
1.804208246437906393e-01
1.804234440559221442e-01
1.804251797837595761e-01
1.804259998945661470e-01
1.804274720104122043e-01
1.804287373384396986e-01
1.804311900487387266e-01
1.804329212113903180e-01
1.804329444303117980e-01
1.804345033067991655e-01
1.804361521907355548e-01
1.804372283160103896e-01
1.804400544687141672e-01
1.804415328789314155e-01
1.804427784060641526e-01
1.804445163832891219e-01
1.804460082919904507e-01
1.804488861363904573e-01
1.804494106781783236e-01
1.804502941930314908e-01
1.804523292627716324e-01
1.804542565423419842e-01
1.804559253013258702e-01
1.804576517580809558e-01
1.804590552523684666e-01
1.804611712005076418e-01
1.804631115684024734e-01
1.804666940445006362e-01
1.804683869845041810e-01
1.804696500695805728e-01
1.804711759769831725e-01
1.804726669664823424e-01
1.804740151998360798e-01
1.804751356346941671e-01
1.804758529261666078e-01
1.804771233516698770e-01
1.804785699076603689e-01
1.804788987227637642e-01
1.804799984523496881e-01
1.804798561419535818e-01
1.804816888345698034e-01
1.804820978009231136e-01
1.804821221970298872e-01
1.804825688840434317e-01
1.804832536300397805e-01
1.804840789325736217e-01
1.804851338181324705e-01
1.804863798851385759e-01
1.804863869318139580e-01
1.804863126746143742e-01
1.804870543154415419e-01
1.804886401582208033e-01
1.804893394732749734e-01
1.804912354653939455e-01
1.804927234097749300e-01
1.804940148368406605e-01
1.804943703699755930e-01
1.804948597116276809e-01
1.804935840832485316e-01
1.804952369948518431e-01
1.804956110373374667e-01
1.804955390438779395e-01
1.804954455486738607e-01
1.804960387116733012e-01
1.804962124281091485e-01
1.804973987839341987e-01
1.804972274715763159e-01
1.804976978634309781e-01
1.804979661127305013e-01
1.804984922827492233e-01
1.804989303981296700e-01
1.804983469666584517e-01
1.804982055787669737e-01
1.804987631316007368e-01
1.804993513471486455e-01
1.804991496844656484e-01
1.805001058534238534e-01
1.805006297640661950e-01
1.805006833882709105e-01
1.805004669788002059e-01
1.805003402734803031e-01
1.804996207740832137e-01
1.805009562264696388e-01
1.805008615558107987e-01
1.805007853027326692e-01
1.804993563546120339e-01
1.804989378821412471e-01
1.804971448285359881e-01
1.804966955877395085e-01
1.804969108923840104e-01
1.804958319851281412e-01
1.804940583560497858e-01
1.804938116453233821e-01
1.804950317211720945e-01
1.804948522418048651e-01
1.804951457320381758e-01
1.804942436107826731e-01
1.804944766129407407e-01
1.804959372262879558e-01
1.804955339953444315e-01
1.804957180669149175e-01
1.804961271598358175e-01
1.804954825250858486e-01
1.804974648212439581e-01
1.804985451536176289e-01
1.804979718297678448e-01
1.804971293949736155e-01
1.804960408596750498e-01
1.804960342585837929e-01
1.804953838283648859e-01
1.804944599604140498e-01
1.804938278914640648e-01
1.804911665356015160e-01
1.804908049077872112e-01
1.804894821669866256e-01
1.804884675399404947e-01
1.804864563547097511e-01
1.804860681599647076e-01
1.804853825425035974e-01
1.804864038800266246e-01
1.804855896243030000e-01
1.804850442613198658e-01
1.804855246872722752e-01
1.804843666984864148e-01
1.804843943798590256e-01
1.804829959601410849e-01
1.804821385162740099e-01
1.804816813781106311e-01
1.804821110627721770e-01
1.804818581191949545e-01
1.804811917366157537e-01
1.804794179023080369e-01
1.804784269376218109e-01
1.804772419744940792e-01
1.804749876407198139e-01
1.804750096163382500e-01
1.804743113778060626e-01
1.804716102549726309e-01
1.804712115658049787e-01
1.804702068823254568e-01
1.804687069109131292e-01
1.804675544500355389e-01
1.804645356428016267e-01
1.804638435000277541e-01
1.804627788731417992e-01
1.804636419187136687e-01
1.804629846238920976e-01
1.804639359810807087e-01
1.804626464530604268e-01
1.804619540862885396e-01
1.804621338112351592e-01
1.804605767214685352e-01
1.804597977921147400e-01
1.804577333748681178e-01
1.804574862084107334e-01
1.804569381735295075e-01
1.804559166016379002e-01
1.804544088478378938e-01
1.804539708977971890e-01
1.804531268881421346e-01
1.804527244745631198e-01
1.804507320290186512e-01
1.804497849817481292e-01
1.804480998344638876e-01
1.804475954323173092e-01
1.804449035866901585e-01
1.804443872922532610e-01
1.804452468894559569e-01
1.804430856049466791e-01
1.804405259501395964e-01
1.804388763489967462e-01
1.804383698471263842e-01
1.804376915316989738e-01
1.804354560422953557e-01
1.804357713255108076e-01
1.804344434828495658e-01
1.804322923384600874e-01
1.804320616764730212e-01
1.804310618349498352e-01
1.804293865435214472e-01
1.804278542381924089e-01
1.804279282552115893e-01
1.804276990031413452e-01
1.804262846986451063e-01
1.804252447452702746e-01
1.804225503417171972e-01
1.804212712896872128e-01
1.804212408224080966e-01
1.804206111581976024e-01
1.804186969694939469e-01
1.804172553425066050e-01
1.804169194026175038e-01
1.804165718888859904e-01
1.804169754553847926e-01
1.804170814120556465e-01
1.804152531468113385e-01
1.804163269354409904e-01
1.804153083691829029e-01
1.804145499788802343e-01
1.804145205525430617e-01
1.804133931787708089e-01
1.804114319561400948e-01
1.804090749058787635e-01
1.804086690675084370e-01
1.804073456333171177e-01
1.804059683828470595e-01
1.804040983075591575e-01
1.804009459843501639e-01
1.803998659736443244e-01
1.803984161842511202e-01
1.803961073369089729e-01
1.803948975175383163e-01
1.803936460909941197e-01
1.803916360971277999e-01
1.803911963327703427e-01
1.803909752409679490e-01
1.803912545712685334e-01
1.803895879728127372e-01
1.803876056969103692e-01
1.803862126982889447e-01
1.803868770886948580e-01
1.803853727412207120e-01
1.803849575246476156e-01
1.803841141521295433e-01
1.803827349754549003e-01
1.803813836684890204e-01
1.803810471253265713e-01
1.803806844601157922e-01
1.803787177356908356e-01
1.803776668847811848e-01
1.803765174833159846e-01
1.803748160587924088e-01
1.803722663289082928e-01
1.803714318030644748e-01
1.803710289513906495e-01
1.803701759365442803e-01
1.803687518440243998e-01
1.803682237782098519e-01
1.803670901080191846e-01
1.803673934568564841e-01
1.803659237331313725e-01
1.803645656897037153e-01
1.803639895031989293e-01
1.803634977527375505e-01
1.803622751931973633e-01
1.803615220733037761e-01
1.803603570003743384e-01
1.803587545250805446e-01
1.803572484974804713e-01
1.803555414024125558e-01
1.803550114105615942e-01
1.803539119407416569e-01
1.803512655782929519e-01
1.803498445834428310e-01
1.803487731424132656e-01
1.803460870293134288e-01
1.803442878714855702e-01
1.803421853029216204e-01
1.803410628273511562e-01
1.803398970556907566e-01
1.803379903386322647e-01
1.803363749162820162e-01
1.803358879507053203e-01
1.803354977299764239e-01
1.803343439652775881e-01
1.803318436150899984e-01
1.803319369791877846e-01
1.803315447837069430e-01
1.803310286938667184e-01
1.803296418288572178e-01
1.803274250069460405e-01
1.803250242064121933e-01
1.803230564398365932e-01
1.803226967028699612e-01
1.803221550367060944e-01
1.803202082231414871e-01
1.803185912814625202e-01
1.803155425054895622e-01
1.803147745798131807e-01
1.803140584041675876e-01
1.803111112249259074e-01
1.803106695918673674e-01
1.803088945499096707e-01
1.803068584185901768e-01
1.803052580188871934e-01
1.803037668891959155e-01
1.803016946244619945e-01
1.803005093421300720e-01
1.802979012132850667e-01
1.802966804467427409e-01
1.802945495255026120e-01
1.802940846306083922e-01
1.802930843689789508e-01
1.802910861334295900e-01
1.802899606417023293e-01
1.802888598216583205e-01
1.802865207170356587e-01
1.802852802617467554e-01
1.802842855379985787e-01
1.802820913036175532e-01
1.802810302518672303e-01
1.802802102986092447e-01
1.802786024024204126e-01
1.802770394320969694e-01
1.802746235489356141e-01
1.802735563052769996e-01
1.802724243335026288e-01
1.802717068901114605e-01
1.802705022965253312e-01
1.802706814964299409e-01
1.802692335016854441e-01
1.802675767516020988e-01
1.802655622986101547e-01
1.802635773834840860e-01
1.802624578747717976e-01
1.802608895122056742e-01
1.802610211518981542e-01
1.802597395552216486e-01
1.802595707066009245e-01
1.802578211478937931e-01
1.802562137694805888e-01
1.802538260804264769e-01
1.802515576569841960e-01
1.802498413785287579e-01
1.802485852490031126e-01
1.802480545491933761e-01
1.802467784678350171e-01
1.802460310770034602e-01
1.802437438753471399e-01
1.802423555581995629e-01
1.802405945518366082e-01
1.802390200205800375e-01
1.802384623916737372e-01
1.802372028296889139e-01
1.802360353700344919e-01
1.802357504736252780e-01
1.802350436532383082e-01
1.802336609216794450e-01
1.802320078668389336e-01
1.802314921250854629e-01
1.802297263936588623e-01
1.802292237748687465e-01
1.802280337396947041e-01
1.802271174298894219e-01
1.802260835222916080e-01
1.802247865003704375e-01
1.802229985641632393e-01
1.802217998260202125e-01
1.802190534960505519e-01
1.802180006434840887e-01
1.802155762159313446e-01
1.802164458221427457e-01
1.802148146209250623e-01
1.802145584052691207e-01
1.802131002363951962e-01
1.802124905912387554e-01
1.802113882860264249e-01
1.802101501288699559e-01
1.802092803714837876e-01
1.802072883654778357e-01
1.802066424461665761e-01
1.802053912811901470e-01
1.802046836112295436e-01
1.802040617325553762e-01
1.802036016341122537e-01
1.802019272299068831e-01
1.801999849791299790e-01
1.801995133404311611e-01
1.801977584942012489e-01
1.801966693263278296e-01
1.801953972527977066e-01
1.801945181039318333e-01
1.801921830957811943e-01
1.801914106896001788e-01
1.801891266819391213e-01
1.801876901084154825e-01
1.801863735283039114e-01
1.801848011295423546e-01
1.801820142987027862e-01
1.801807940360053428e-01
1.801797568026395902e-01
1.801787612170763775e-01
1.801766004921421804e-01
1.801744786271578802e-01
1.801726840501458038e-01
1.801711902740099069e-01
1.801703487688409988e-01
1.801704274028742836e-01
1.801686022407510412e-01
1.801682959953996022e-01
1.801679717167441186e-01
1.801662978483201671e-01
1.801642527186847198e-01
1.801634616423511415e-01
1.801619313138232426e-01
1.801603359311122754e-01
1.801588548764860576e-01
1.801585260838021729e-01
1.801572672537853359e-01
1.801567131567258506e-01
1.801550397593464359e-01
1.801542630552053215e-01
1.801527511888698918e-01
1.801519257160148768e-01
1.801501382532952888e-01
1.801485457768533527e-01
1.801474691994810196e-01
1.801457970665871489e-01
1.801444441372268279e-01
1.801437685838591096e-01
1.801428338571301746e-01
1.801423788997185693e-01
1.801406164408309030e-01
1.801401928361431592e-01
1.801384506026006693e-01
1.801371720735630844e-01
1.801361942820101369e-01
1.801355322714287277e-01
1.801342562502463163e-01
1.801325039626326951e-01
1.801318265529891494e-01
1.801304123729880469e-01
1.801290045683135999e-01
1.801280438224476255e-01
1.801276110732054347e-01
1.801266768994008727e-01
1.801260252198605138e-01
1.801251146157010763e-01
1.801232849687056659e-01
1.801218993846769312e-01
1.801216621375643090e-01
1.801204993641587759e-01
1.801188721861885500e-01
1.801169466920214679e-01
1.801155849275280219e-01
1.801138784435816209e-01
1.801120331851396028e-01
1.801106052066042684e-01
1.801093628547008052e-01
1.801083434849578557e-01
1.801077126226694469e-01
1.801064735120609939e-01
1.801051715034165945e-01
1.801028756472285997e-01
1.801012743996979193e-01
1.800991979224537964e-01
1.800983290438427087e-01
1.800970399030771274e-01
1.800958974641836685e-01
1.800950765848660096e-01
1.800936800802961091e-01
1.800925258641976612e-01
1.800906295656712064e-01
1.800888431140766355e-01
1.800872438288109445e-01
1.800863901747971618e-01
1.800843386266370860e-01
1.800829767315993979e-01
1.800816055267027704e-01
1.800808051835627033e-01
1.800800189630138437e-01
1.800779636447036314e-01
1.800770846120358371e-01
1.800760192738515009e-01
1.800741337690704436e-01
1.800732219398266387e-01
1.800715871710065197e-01
1.800707781844404221e-01
1.800686610511068875e-01
1.800666508664646726e-01
1.800648232103209956e-01
1.800631035741312169e-01
1.800609279634182158e-01
1.800585481868098303e-01
1.800571431101485875e-01
1.800554835918243279e-01
1.800541345937188842e-01
1.800523764690095119e-01
1.800515873972204917e-01
1.800501084467971413e-01
1.800489089514211716e-01
1.800468436451332088e-01
1.800451857887738205e-01
1.800441055244515476e-01
1.800422885608646273e-01
1.800394225879805299e-01
1.800381858149939784e-01
1.800363761148329189e-01
1.800345183557923168e-01
1.800334166527828572e-01
1.800334791059702844e-01
1.800322431126678557e-01
1.800312562444485176e-01
1.800310343215251740e-01
1.800301121103665691e-01
1.800276904070893802e-01
1.800270469402031615e-01
1.800250061204111685e-01
1.800230187470820420e-01
1.800220283617605943e-01
1.800210968047210591e-01
