4.840274504245606346e-02
5.206100835597496368e-02
5.555109587381248243e-02
5.861661695079874168e-02
6.143620546121839748e-02
6.405510675874442894e-02
6.666932370561010068e-02
6.894072969282939722e-02
7.107202769411301302e-02
7.311428383189967628e-02
7.495275951896082645e-02
7.669783592552810447e-02
7.841838143964947883e-02
7.996410335974385442e-02
8.138218101323950460e-02
8.274880737140125064e-02
8.398757072031685922e-02
8.522318448531439328e-02
8.637226933127882533e-02
8.751985258609870644e-02
8.861433578747669737e-02
8.962648542967345533e-02
9.063662980616615794e-02
9.156681196855818994e-02
9.249168493472501029e-02
9.336469192793528382e-02
9.418586064772339894e-02
9.495382418754833020e-02
9.570944091471751680e-02
9.642166943942712121e-02
9.707808962736627634e-02
9.773325400704237220e-02
9.834915883859100816e-02
9.894720895729744448e-02
9.949678729357090690e-02
1.000243746584098814e-01
1.005446677032896946e-01
1.010341605665238118e-01
1.015112584176729449e-01
1.019450727165710502e-01
1.023845863148177548e-01
1.027813852029726971e-01
1.031720968519809767e-01
1.035336832903892973e-01
1.038830855179000284e-01
1.042276282768047763e-01
1.045536402216556138e-01
1.048749294538301458e-01
1.051731381042466801e-01
1.054473049920797711e-01
1.057126859651980194e-01
1.059624312090418352e-01
1.062105317069917537e-01
1.064505012016560975e-01
1.066649077661827316e-01
1.068747389597970998e-01
1.070819738941559546e-01
1.072799116834701749e-01
1.074680749905045779e-01
1.076442441852231008e-01
1.078119238335867314e-01
1.079728610458316612e-01
1.081263115617083076e-01
1.082689067243498143e-01
1.083978350987713640e-01
1.085263705503941856e-01
1.086527107503183487e-01
1.087627029536721857e-01
1.088689501974549334e-01
1.089660535021512583e-01
1.090642030200744128e-01
1.091519991728538141e-01
1.092334414331697645e-01
1.093146069350361821e-01
1.093889025552831212e-01
1.094535356311923946e-01
1.095206582356230141e-01
1.095779898619183984e-01
1.096331873004015023e-01
1.096835500300420013e-01
1.097276196183245428e-01
1.097641889077468624e-01
1.097952135351222963e-01
1.098220211284211129e-01
1.098517120443540246e-01
1.098806822638958153e-01
1.099026648698530062e-01
1.099186270082454092e-01
1.099336533364543705e-01
1.099449504507998138e-01
1.099507939852951421e-01
1.099521164877158841e-01
1.099543596433727177e-01
1.099495265228413177e-01
1.099437218611864497e-01
1.099368114196708351e-01
1.099256199395433758e-01
1.099136765316198056e-01
1.099003548232088262e-01
1.098839663609890160e-01
1.098654846725671125e-01
1.098471040684932953e-01
1.098280140743508465e-01
1.098042143222664191e-01
1.097812456117138458e-01
1.097513202298260604e-01
1.097208867108720454e-01
1.096895300209829588e-01
1.096580436986610840e-01
1.096270071123183476e-01
1.095936347318675896e-01
1.095574426663540601e-01
1.095236478134654357e-01
1.094854616641622314e-01
1.094477923179609929e-01
1.094053078806979384e-01
1.093612831576705330e-01
1.093186579018906590e-01
1.092774903490074390e-01
1.092333008674727934e-01
1.091869550922486415e-01
1.091379670650167444e-01
1.090887909962043739e-01
1.090346468849948819e-01
1.089809099293924666e-01
1.089266218008520665e-01
1.088668382783981592e-01
1.088078426778589375e-01
1.087457247039146091e-01
1.086857861397697578e-01
1.086236673729806396e-01
1.085606761378763996e-01
1.085012777380419402e-01
1.084357744623033054e-01
1.083690333864125444e-01
1.082989452462612273e-01
1.082298931396203090e-01
1.081611353012740528e-01
1.080936769032704581e-01
1.080249591542012250e-01
1.079555975255070827e-01
1.078875110879617683e-01
1.078155486971637683e-01
1.077434460846589392e-01
1.076698748734405547e-01
1.075975732704800292e-01
1.075232465798908466e-01
1.074503405355391739e-01
1.073809372985132515e-01
1.073063884242418248e-01
1.072299887302512050e-01
1.071539724191385712e-01
1.070828272980684087e-01
1.070038625174610514e-01
1.069254948585968701e-01
1.068470560412758397e-01
1.067665572983712424e-01
1.066873322390315404e-01
1.066073973616866455e-01
1.065274740913760704e-01
1.064465890417099769e-01
1.063698292833212961e-01
1.062910082587295579e-01
1.062094219516025867e-01
1.061278764481542874e-01
1.060493558650413698e-01
1.059653896488233354e-01
1.058831761200424160e-01
1.057981082877901824e-01
1.057136617172982213e-01
1.056322946313875549e-01
1.055488350827633454e-01
1.054649450190499327e-01
1.053810267772247455e-01
1.052991753025744603e-01
1.052134936697988743e-01
1.051319475341802590e-01
1.050449427091407206e-01
1.049575542222704189e-01
1.048682043493353311e-01
1.047814507365718434e-01
1.046928458702558185e-01
1.046076531164485124e-01
1.045180600218003908e-01
1.044295896045712158e-01
1.043424268542961497e-01
1.042557188111505051e-01
1.041681052965555826e-01
1.040812061129835070e-01
1.039907398961053137e-01
1.039052102337963551e-01
1.038162001256040523e-01
1.037273837246576874e-01
1.036396667000533955e-01
1.035516764893016639e-01
1.034636385134609093e-01
1.033808240620039814e-01
1.032968365349861278e-01
1.032091157018992095e-01
1.031208692445776121e-01
1.030348001442397132e-01
1.029479798961978054e-01
1.028609218535407321e-01
1.027731838587149782e-01
1.026880764684954678e-01
1.026024595637759634e-01
1.025154847228725297e-01
1.024283126759493734e-01
1.023410645399178559e-01
1.022584027706595067e-01
1.021740924774375558e-01
1.020909784282152816e-01
1.020052603226130339e-01
1.019184320962023688e-01
1.018326342026679571e-01
1.017481288918219984e-01
1.016638977730225379e-01
1.015770796059394798e-01
1.014911161125300887e-01
1.014036496269326015e-01
1.013182456143947863e-01
1.012324903350425714e-01
1.011461112647671912e-01
1.010608784983147296e-01
1.009707935059022954e-01
1.008817181881744990e-01
1.007922633294631581e-01
1.007041249614250011e-01
1.006194265121178044e-01
1.005339887336796079e-01
1.004465571888780856e-01
1.003598875136269553e-01
1.002711644033150162e-01
1.001844612254795680e-01
1.000964690819599601e-01
1.000085390282719200e-01
9.992314121076610600e-02
9.983843183845117486e-02
9.975159052642408597e-02
9.966630040615465091e-02
9.957809945839635191e-02
9.948975470398330190e-02
9.940267242666343817e-02
9.931709951584727358e-02
9.922984642532199639e-02
9.914258996748069597e-02
9.905582850911481829e-02
9.896979832807897837e-02
9.888430341846976557e-02
9.880075331724270937e-02
9.871375070965275611e-02
9.862556043117302884e-02
9.853804243242113292e-02
9.845108558566777190e-02
9.836725880918180398e-02
9.828032905203530623e-02
9.819500977804553055e-02
9.811051745166798899e-02
9.802558504443605047e-02
9.794163462593440117e-02
9.785435495437462550e-02
9.776982529830935409e-02
9.768830598996121328e-02
9.760244985131796835e-02
9.751583984155132168e-02
9.743279883118916018e-02
9.734688429632835927e-02
9.725985405967525754e-02
9.717451759660629407e-02
9.709079390564293033e-02
9.700587966278099994e-02
9.692050880165323234e-02
9.683386315035001635e-02
9.675036640754830497e-02
9.666624337593533733e-02
9.657972135056164253e-02
9.649194467774487027e-02
9.640777911092479613e-02
9.632273380591284406e-02
9.623923966216060832e-02
9.615488922233693392e-02
9.606794449046501816e-02
9.598169006028146877e-02
9.589779017744706757e-02
9.581480845678487512e-02
9.572956039039541565e-02
9.564822692844135443e-02
9.556134059759500976e-02
9.547872812455032721e-02
9.539644782123037070e-02
9.531461774950251986e-02
9.523244820416079670e-02
9.514779448200368084e-02
9.506470365050689875e-02
9.498061573516235201e-02
9.489642322517788386e-02
9.481265635824814852e-02
9.472970334953639826e-02
9.464639474283816079e-02
9.456623018967669214e-02
9.448245640925780064e-02
9.439969468899045424e-02
9.431634113193501645e-02
9.423418792922644283e-02
9.415210465708165333e-02
9.406817642203005314e-02
9.398833586060575951e-02
9.390470558947154600e-02
9.382227518938998645e-02
9.373876512349017809e-02
9.365596140204911213e-02
9.357307909804242485e-02
9.349107914201043590e-02
9.340906849003451085e-02
9.332638467121658066e-02
9.324381385414809431e-02
9.316098171926034954e-02
9.307980483431935181e-02
9.299755599633172110e-02
9.291591737665086392e-02
9.283445583308781723e-02
9.275434979388536005e-02
9.267278602192073611e-02
9.259070417402093245e-02
9.251464980286322470e-02
9.243438693326556932e-02
9.235333648132225404e-02
9.227404082523234241e-02
9.219370972891761939e-02
9.211434868566638345e-02
9.203523064133940779e-02
9.195633347362192067e-02
9.187821871525228556e-02
9.179933629530841188e-02
9.172382279670285299e-02
9.164706163863764465e-02
9.156987678260090913e-02
9.149200277002313142e-02
9.141498127606989543e-02
9.133894249865090464e-02
9.126338137451024679e-02
9.118650746831948040e-02
9.110873783453125874e-02
9.103157547388099347e-02
9.095449030758741282e-02
9.087867198642129996e-02
9.080071352405875984e-02
9.072551689413747844e-02
9.065155142771821883e-02
9.057594095696520908e-02
9.049919158346289572e-02
9.042631369681536357e-02
9.035051112375898363e-02
9.027497448466885455e-02
9.020108737947744870e-02
9.012670846339698727e-02
9.005082694514802977e-02
8.997670729708455439e-02
8.990154001619632407e-02
8.982616675259576244e-02
8.975044399994276667e-02
8.967502995068649119e-02
8.959825395988645080e-02
8.952489174973238262e-02
8.944984888506049558e-02
8.937501008769518918e-02
8.930070738510932637e-02
8.922544893582128045e-02
8.915365163090502310e-02
8.907866957268058272e-02
8.900282999452613364e-02
8.892975536740355125e-02
8.885922350085402599e-02
8.878551603931537917e-02
8.871278556523319592e-02
8.863897878392971996e-02
8.856492384390451944e-02
8.849306913153466569e-02
8.841995270994812417e-02
8.834869237582938795e-02
8.827565099565136408e-02
8.820373532139262618e-02
8.813148682166671577e-02
8.805922785672594399e-02
8.798781964696976432e-02
8.791638536665033477e-02
8.784449051495556160e-02
8.777193737045259347e-02
8.770106902474068822e-02
8.762920894967489438e-02
8.755700642023783731e-02
8.748477219434158680e-02
8.741495080691472075e-02
8.734245462680279015e-02
8.727101491086436402e-02
8.720214942854609408e-02
8.713064144481977302e-02
8.705870148532865449e-02
8.698915742389803918e-02
8.692144851326676080e-02
8.685163791241876097e-02
8.678084644074930687e-02
8.671027362702492247e-02
8.664291899854578705e-02
8.657366684363870801e-02
8.650465618304661874e-02
8.643686754015450502e-02
8.636816788777272602e-02
8.629998687864558204e-02
8.623292201792946698e-02
8.616521738372062700e-02
8.609526769204987884e-02
8.602705100715468678e-02
8.595717608016407996e-02
8.588938701612497395e-02
8.582015353819669179e-02
8.575243416596749213e-02
8.568544772544763044e-02
8.561548021015617793e-02
8.554656743378460937e-02
8.547761696025311939e-02
8.540998553777104374e-02
8.534118873006375783e-02
8.527244197120500968e-02
8.520358446656857432e-02
8.513719192850635609e-02
8.506965397136415086e-02
8.500388144742154761e-02
8.493647032773361805e-02
8.486853113446296559e-02
8.480132539170198713e-02
8.473487326154430233e-02
8.466798344769803364e-02
8.460115960000877400e-02
8.453368214141175618e-02
8.446755227778425523e-02
8.440428818038885062e-02
8.434042276977780916e-02
8.427447601297835544e-02
8.420692895153614188e-02
8.414162303434358225e-02
8.407557044993713147e-02
8.400898657297455052e-02
8.394303706686491451e-02
8.387706308603673500e-02
8.381133458181824758e-02
8.374607015769935936e-02
8.368185922652857101e-02
8.361728883386065903e-02
8.355426153393213928e-02
8.348834624935612403e-02
8.342500465824034817e-02
8.335888659352029550e-02
8.329425139534225864e-02
8.322978742724554402e-02
8.316482565585754660e-02
8.309876817822221817e-02
8.303316947237272816e-02
8.297094968833879092e-02
8.290701218692164698e-02
8.284395599734238613e-02
8.278053083238118282e-02
8.271756563595529521e-02
8.265438163020631668e-02
8.259029972681258824e-02
8.252899111259996701e-02
8.246404282030710131e-02
8.240135513630733599e-02
8.233779842649070757e-02
8.227546015392704637e-02
8.221471081826221827e-02
8.215178592087113429e-02
8.208997512995598600e-02
8.202779394946359270e-02
8.196577800447935047e-02
8.190281616155418998e-02
8.184116775259646370e-02
8.177878045364940507e-02
8.171811554161009794e-02
8.165646881284967240e-02
8.159408091601179358e-02
8.153193612160268555e-02
8.147167034852063894e-02
8.140923634800691089e-02
8.134758710256929926e-02
8.128525374222006494e-02
8.122359351223462642e-02
8.116184382566504762e-02
8.110131083384614081e-02
8.104171095265179370e-02
8.098083831302407831e-02
8.092233480989317884e-02
8.086268582192934762e-02
8.080224145578110417e-02
8.074223572482615296e-02
8.068289087948744831e-02
8.062420221543069310e-02
8.056317027020781785e-02
8.050363659293267860e-02
8.044402604728573269e-02
8.038539049511356227e-02
8.032520137628731960e-02
8.026471026301938705e-02
8.020438404359810092e-02
8.014430744690512198e-02
8.008543082369369570e-02
8.002740153319087835e-02
7.996956775942537510e-02
7.991033561300614485e-02
7.985121294879260478e-02
7.979212479519247336e-02
7.973326423269162799e-02
7.967441116868786977e-02
7.961544063300982077e-02
7.955757419123821172e-02
7.949982340765555933e-02
7.944255318011066158e-02
7.938554331871401637e-02
7.932711471191629393e-02
7.926889213937592105e-02
7.921080876352541711e-02
7.915215167148692554e-02
7.909472126342587117e-02
7.903673412957784583e-02
7.897953093604369312e-02
7.892117554634391074e-02
7.886242194399793737e-02
7.880320237690913165e-02
7.874660518379195118e-02
7.868838079671842956e-02
7.863089136138916302e-02
7.857333221614337671e-02
7.851625326148149731e-02
7.845979585144342849e-02
7.840325524231397947e-02
7.834536110740575321e-02
7.828859428108964069e-02
7.823134140647920731e-02
7.817562907160625907e-02
7.812077041978124359e-02
7.806347791008427794e-02
7.800862060698474099e-02
7.795152932141498348e-02
7.789675812817546674e-02
7.784105033246963012e-02
7.778557621839760072e-02
7.772882589972959777e-02
7.767479939054534877e-02
7.761825839334669797e-02
7.756231211562523986e-02
7.750586527673665460e-02
7.744994061586769896e-02
7.739190305299857575e-02
7.733648224527306381e-02
7.728063603918185198e-02
7.722353774803225601e-02
7.716849186509301683e-02
7.711123199932851113e-02
7.705484018020022918e-02
7.699899257983223999e-02
7.694320792261775954e-02
7.689028039064567388e-02
7.683646258526023731e-02
7.678242802859680527e-02
7.672694928143075632e-02
7.667155535864982052e-02
7.661713010792144118e-02
7.656282983602856473e-02
7.650664404270866858e-02
7.645150647679117839e-02
7.639960881941375292e-02
7.634604870758610051e-02
7.629243267790802863e-02
7.623768959171201010e-02
7.618334599699885801e-02
7.612806376386131724e-02
7.607396620743486770e-02
7.602167715354592181e-02
7.596734627167998910e-02
7.591260131513412335e-02
7.585927611096174306e-02
7.580604442087904293e-02
7.575454449526358713e-02
7.570088392878142336e-02
7.564694871394618547e-02
7.559313365074456226e-02
7.553942745110921175e-02
7.548511713900270259e-02
7.543120379083642635e-02
7.537838044373590396e-02
7.532508823475098092e-02
7.527289328554483128e-02
7.522026916943852504e-02
7.516669520643695646e-02
7.511294180251408548e-02
7.506077120121855406e-02
7.500769726207547061e-02
7.495522975688870271e-02
7.490309995081492755e-02
7.484905618209512779e-02
7.479701661568179116e-02
7.474457949637242082e-02
7.469309801272251692e-02
7.464083869101548196e-02
7.458926631603660096e-02
7.453772117578312539e-02
7.448605491582227511e-02
7.443385634871851897e-02
7.438297574807349599e-02
7.433204567132681295e-02
7.428084842139842658e-02
7.422857491246506734e-02
7.417834223422756224e-02
7.412785345321265540e-02
7.407670358360998741e-02
7.402455472938336556e-02
7.397292360445889559e-02
7.392156016709568178e-02
7.386979068913041013e-02
7.381831284072415400e-02
7.376852095246935748e-02
7.371768064811833054e-02
7.366672473173686841e-02
7.361456190849730019e-02
7.356351175136802145e-02
7.351276848987250978e-02
7.346284923634578690e-02
7.341225722428246225e-02
7.336271544327872818e-02
7.331226739542280602e-02
7.326203789736948635e-02
7.321082168489238817e-02
7.316037206472299215e-02
7.311118388792028910e-02
7.306059667273910596e-02
7.301081914091592240e-02
7.296309801023044550e-02
7.291497633505486520e-02
7.286605384549303677e-02
7.281641948041191192e-02
7.276705763240770564e-02
7.271817801402302717e-02
7.266989001837113882e-02
7.262080644973278876e-02
7.257165332277422387e-02
7.252232068589244129e-02
7.247278417558253305e-02
7.242287330745904306e-02
7.237444326171856013e-02
7.232647727263433191e-02
7.227830418653947986e-02
7.223168032886019552e-02
7.218503722594532546e-02
7.213682816196224923e-02
7.208829453632485673e-02
7.204110889557195641e-02
7.199426705937360393e-02
7.194546820928804376e-02
7.189658864108559866e-02
7.184772635811977060e-02
7.179968097653467718e-02
7.175205311050705803e-02
7.170263489361511366e-02
7.165474919890120475e-02
7.160632590787789631e-02
7.155816217325403072e-02
7.151026694456927291e-02
7.146320945776363232e-02
7.141429888185012176e-02
7.136636258883888306e-02
7.131946742593008037e-02
7.127087665894621393e-02
7.122550608899524960e-02
7.117707634111908321e-02
7.113107118099333548e-02
7.108602786412485108e-02
7.103944201457043639e-02
7.099289130323443997e-02
7.094686430192378990e-02
7.090084757716191843e-02
7.085336876898958025e-02
7.080637786762135344e-02
7.075832853962196745e-02
7.071213259494447956e-02
7.066653627436129959e-02
7.062017906012402202e-02
7.057415617398273000e-02
7.052758699304013945e-02
7.048098128622629077e-02
7.043495611153627323e-02
7.038951590411297865e-02
7.034413410845601067e-02
7.029803523464070447e-02
7.025180407950426531e-02
7.020506413863208950e-02
7.015858167900307363e-02
7.011342875603619740e-02
7.006777039885253577e-02
7.002299921669996596e-02
6.997707882851275651e-02
6.993175685552494025e-02
6.988584026464808585e-02
6.984074250803481987e-02
6.979539280652896638e-02
6.975155565107769851e-02
6.970814882802819912e-02
6.966384014806824287e-02
6.961966304791628035e-02
6.957567896006799923e-02
6.952958688894009254e-02
6.948396335372550303e-02
6.943874946177977514e-02
6.939474882756653529e-02
6.934902365941575386e-02
6.930391620472656222e-02
6.925968410048435886e-02
6.921492834972460539e-02
6.917100374415864616e-02
6.912791265490864090e-02
6.908305213079293794e-02
6.903827716486696242e-02
6.899492074574765932e-02
6.895191493972809005e-02
6.890816655277616498e-02
6.886307047435182016e-02
6.881919155839703872e-02
6.877486051991593685e-02
6.872950869753945147e-02
6.868482085102811663e-02
6.864071751052523707e-02
6.859692169960691921e-02
6.855380445050425486e-02
6.850937956707053855e-02
6.846486459839790095e-02
6.842189143013566177e-02
6.837834155532945823e-02
6.833524120571947413e-02
6.829156441658179588e-02
6.824846309512065667e-02
6.820574615713942412e-02
6.816167639848770554e-02
6.811952177952862453e-02
6.807537448189859841e-02
6.803387523689446992e-02
6.799092181431183601e-02
6.794691060600079047e-02
6.790427497556389413e-02
6.786221781612607196e-02
6.781869284081823435e-02
6.777497570881597933e-02
6.773327943922193006e-02
6.769013184959074558e-02
6.764732222334279843e-02
6.760449227097554969e-02
6.756249760836541274e-02
6.752009339497173912e-02
6.747769905617775898e-02
6.743602259995021275e-02
6.739392563870232056e-02
6.735242739257060740e-02
6.731161000508660563e-02
6.726999396833910350e-02
6.722710672580353708e-02
6.718420183307148574e-02
6.714348131573985579e-02
6.710448777704151879e-02
6.706269912684233170e-02
6.702040076360706033e-02
6.697863321396742287e-02
6.693813368070715419e-02
6.689590799199388038e-02
6.685388020677335286e-02
6.681168435663896454e-02
6.677162676559433852e-02
6.672987677390898598e-02
6.668772994848740088e-02
6.664514915255631555e-02
6.660348009176711437e-02
6.656332091863206846e-02
6.652168047154105590e-02
6.648048620798038821e-02
6.643920943875993024e-02
6.639718135444450109e-02
6.635569477011127315e-02
6.631461188219085756e-02
6.627405994868132422e-02
6.623315205181279364e-02
6.619223654519229560e-02
6.615117599181594144e-02
6.611073766521710637e-02
6.607041930375120997e-02
6.603057206700692350e-02
6.599025514843261109e-02
6.594897826484275027e-02
6.590929383830576582e-02
6.586918804094490931e-02
6.582778531542073097e-02
6.578737420902959487e-02
6.574740348052987571e-02
6.570714894119789040e-02
6.566642288610895217e-02
6.562762359963099368e-02
6.558682070404438236e-02
6.554679960203035893e-02
6.550613122313274361e-02
6.546708505636771036e-02
6.542756337090918639e-02
6.538911963589381926e-02
6.534879388758572938e-02
6.530880568981646539e-02
6.527053823424255885e-02
6.522964700722864995e-02
6.519055974392715114e-02
6.515211543292530327e-02
6.511310469578673876e-02
6.507315905627540642e-02
6.503375402343501699e-02
6.499444084082935114e-02
6.495481244259361520e-02
6.491554967370748164e-02
6.487681485669564985e-02
6.483722923518511760e-02
6.479691141857225889e-02
6.475810148880177530e-02
6.471838644257166262e-02
6.467950327956800693e-02
6.463992282188757432e-02
6.460133604008140573e-02
6.456361917679535878e-02
6.452422092325627023e-02
6.448524582918309378e-02
6.444632650253179218e-02
6.440743525040945605e-02
6.436883136015561502e-02
6.433014288171222395e-02
6.429203092426491462e-02
6.425356991196483347e-02
6.421469411301085339e-02
6.417645972492050377e-02
6.413766664509833182e-02
6.409961336264324849e-02
6.406095367252960526e-02
6.402291161964998589e-02
6.398387132508420727e-02
6.394559699452176393e-02
6.390717196899398100e-02
6.386870367570521290e-02
6.383070144037673865e-02
6.379291050875747493e-02
6.375580586713949782e-02
6.371874042076247635e-02
6.368190220698194404e-02
6.364520441781695848e-02
6.360727104312598190e-02
6.356977592941047417e-02
6.353290156247173859e-02
6.349486976988426290e-02
6.345777259116923419e-02
6.342173479103128952e-02
6.338407792053474266e-02
6.334715292484509319e-02
6.330932302781105969e-02
6.327128208782298313e-02
6.323395544076444719e-02
6.319673266716741011e-02
6.316057860181727157e-02
6.312363780766995502e-02
6.308731370490557044e-02
6.304971678543651314e-02
6.301341216722199101e-02
6.297677355487965589e-02
6.293912733107639990e-02
6.290188590121781331e-02
6.286441099505442331e-02
6.282771858134766907e-02
6.279249546617320099e-02
6.275553240408303368e-02
6.271831014577343433e-02
6.268188218503127629e-02
6.264495047168945618e-02
6.260906543968058902e-02
6.257143397576807320e-02
6.253437470108652585e-02
6.249716111206129326e-02
6.245961877417308822e-02
6.242249352353372582e-02
6.238649445426132367e-02
6.235043501281906791e-02
6.231477616975628075e-02
6.227786967007973434e-02
6.224156605231179890e-02
6.220576654585047854e-02
6.216948171368038428e-02
6.213304987690047160e-02
6.209672901109004883e-02
6.206096101704303147e-02
6.202589118351625047e-02
6.198942977907681562e-02
6.195435658135713120e-02
6.191961514955821033e-02
6.188417456157031815e-02
6.184918116227161589e-02
6.181270850450028276e-02
6.177750215447416066e-02
6.174195975820701010e-02
6.170562126032559658e-02
6.166997223370884740e-02
6.163449241325647671e-02
6.159897658948720184e-02
6.156312674937541862e-02
6.152799464552077824e-02
6.149166750394220726e-02
6.145686826346421355e-02
6.142163916244572364e-02
6.138698856935835557e-02
6.135085000326347821e-02
6.131569449704969005e-02
6.128113791473151911e-02
6.124580952151802843e-02
6.121166316492649556e-02
6.117808651539610731e-02
6.114307470427820385e-02
6.110951360356816492e-02
6.107457579217973054e-02
6.103953764223826045e-02
6.100442931478249065e-02
6.096985496349274086e-02
6.093450336898860453e-02
6.089890942012287506e-02
6.086380110307104685e-02
6.083018603062766844e-02
6.079603420973569983e-02
6.076154685268500555e-02
6.072673771048672092e-02
6.069279632380401857e-02
6.065899109715302412e-02
