1.000000000000000000e+00
9.485000000000017861e-01
9.103771929824580056e-01
8.821915950467651424e-01
8.600571925972871901e-01
8.421489155944764660e-01
8.275527973222167599e-01
8.153228055120856910e-01
8.045379970490516008e-01
7.947231528429955505e-01
7.858716920697714770e-01
7.778892286179208693e-01
7.705746324872906339e-01
7.636320498633226705e-01
7.572645660805443768e-01
7.510869046010811845e-01
7.451853477109867674e-01
7.395588237294338230e-01
7.345005885926283451e-01
7.295369252508656643e-01
7.248505221636772911e-01
7.201228368628426191e-01
7.156450329312749048e-01
7.114958148017125339e-01
7.074817891591588248e-01
7.035272848579450233e-01
6.995250026711578029e-01
6.954441927294326975e-01
6.915477068085038592e-01
6.878295996881962360e-01
6.841555493427249335e-01
6.806096070972766920e-01
6.772073221733119208e-01
6.739275262866722960e-01
6.706866859168818529e-01
6.674832995510568967e-01
6.641889192517033136e-01
6.611539060402620294e-01
6.580920692965349650e-01
6.551172935476168302e-01
6.522592560005168183e-01
6.493972888887822315e-01
6.465856091369169834e-01
6.437879328439941595e-01
6.410439095317834735e-01
6.382530319826260623e-01
6.356057042377903921e-01
6.329268352829349187e-01
6.304606942292069194e-01
6.279417414148313892e-01
6.254296715633215209e-01
6.230047764558591661e-01
6.206536487565139648e-01
6.183157565946202361e-01
6.160739047131751356e-01
6.138013808796232151e-01
6.115976663162709936e-01
6.094053261389392739e-01
6.071598320479162370e-01
6.049659275443433071e-01
6.028265065917332022e-01
6.007032920887318550e-01
5.986519701443097086e-01
5.966380272043275701e-01
5.946446123793326377e-01
5.926905985012971279e-01
5.913371955339796759e-01
5.900038432783987208e-01
5.890800047309290299e-01
5.884248327989189953e-01
5.878793382130499401e-01
5.871922891975366321e-01
5.868780141562063291e-01
5.866174748696357799e-01
5.863936611316425962e-01
5.863404214448140195e-01
5.863255347658176131e-01
5.862545153341452986e-01
5.863770127675088650e-01
5.865906145433834595e-01
5.868024068326693765e-01
5.871391663196039445e-01
5.874116069644191862e-01
5.877473423098822369e-01
5.880087712277444201e-01
5.882863874293206008e-01
5.886371590013705912e-01
5.889311619155868094e-01
5.892962346433252563e-01
5.896103072193205064e-01
5.899540578371729183e-01
5.903337084678562663e-01
5.907450000374341315e-01
5.911364374188599058e-01
5.915540498004089320e-01
5.920185374594616468e-01
5.924367459965228511e-01
5.928831348974742399e-01
5.933173889263104739e-01
5.937985087773713921e-01
5.942843814016192105e-01
5.947443173654520798e-01
5.952224701970856291e-01
5.956910356394926609e-01
5.962048025115465055e-01
5.966751437617067166e-01
5.971888477932890682e-01
5.976877887215659158e-01
5.982114900209477559e-01
5.987280385109413627e-01
5.992258214763113155e-01
5.997332796766543517e-01
6.002255311911569580e-01
6.007353907220231992e-01
6.012661635912445179e-01
6.017892732081761009e-01
6.023194239521991733e-01
6.028292915052496648e-01
6.033346150994688406e-01
6.038673095055679951e-01
6.043883194893282518e-01
6.048929544354387788e-01
6.053982257923542498e-01
6.059024425490506793e-01
6.064134366743949567e-01
6.069243274373498087e-01
6.074318743118217734e-01
6.079375071795795060e-01
6.084499820091049394e-01
6.089733565971600093e-01
6.094807216996981358e-01
6.099777949069453697e-01
6.104943576393149218e-01
6.110010164039518799e-01
6.115133106697036025e-01
6.120073812813060510e-01
6.125109621179429809e-01
6.130152052407074059e-01
6.135044923687622553e-01
6.139973966567284780e-01
6.144976597348741354e-01
6.149813113387532226e-01
6.154717831064094868e-01
6.159522346082890731e-01
6.164329653889629723e-01
6.169152808126472376e-01
6.174056766720348310e-01
6.178928072118978765e-01
6.183785192425156341e-01
6.188455119621354417e-01
6.193073867073537464e-01
6.197772212734434794e-01
6.202494637359348140e-01
6.207165382344682625e-01
6.211768266416034523e-01
6.216409283790838014e-01
6.221044518077009089e-01
6.225629646952935969e-01
6.230213198316583156e-01
6.234745349293416838e-01
6.239253393212951249e-01
6.243750545622543946e-01
6.248239277672852365e-01
6.252644002301134263e-01
6.257053777454264498e-01
6.261458537851312123e-01
6.265791523687626041e-01
6.270078170881698831e-01
6.274352004067056399e-01
6.278584509631485178e-01
6.282915282621441833e-01
6.287174534731501119e-01
6.291377287919359684e-01
6.295513955198657197e-01
6.299624133767904866e-01
6.303729378507259007e-01
6.307824000617743287e-01
6.311872856443025981e-01
6.315922762768526599e-01
6.319930585944196766e-01
6.323928356137432649e-01
6.327934796377526760e-01
6.331844223821222473e-01
6.335716807898478242e-01
6.339603713270318686e-01
6.343466881005558333e-01
6.347306340016570791e-01
6.351142431840702818e-01
6.354998204561158603e-01
6.358817340262201689e-01
6.362623275304070125e-01
6.366488532195371253e-01
6.370277390991622157e-01
6.374056680477552250e-01
6.377777349824581554e-01
6.381493432502960417e-01
6.385178918851240892e-01
6.388835471156657508e-01
6.392541503222228805e-01
6.396189473822713190e-01
6.399838746186277127e-01
6.403438695287715365e-01
6.407043369885496720e-01
6.410565232560081483e-01
6.414107716510689672e-01
6.417645677816845584e-01
6.421116227913779007e-01
6.424627989037060560e-01
6.428091284511502357e-01
6.431546773613413537e-01
6.434963154058042090e-01
6.438379362246853255e-01
6.441759499238645104e-01
6.445103011596097220e-01
6.448482570750287968e-01
6.451833355778618939e-01
6.455172239999459327e-01
6.458444314514295570e-01
6.461788364587883748e-01
6.465075713099781574e-01
6.468367339375522551e-01
6.471643143313814406e-01
6.474888128118125863e-01
6.478133972087440906e-01
6.481353842814380206e-01
6.484572432657484953e-01
6.487709374501402504e-01
6.490873473361395973e-01
6.494023074934880402e-01
6.497147522394794983e-01
6.500266014689948246e-01
6.503385740407405802e-01
6.506480377261560921e-01
6.509576365315247193e-01
6.512658081205073834e-01
6.515705973546204177e-01
6.518758071394310516e-01
6.521767964030884546e-01
6.524775642052589308e-01
6.527733016069829919e-01
6.530734822130241923e-01
6.533651281493750851e-01
6.536636527267962737e-01
6.539611654959608389e-01
6.542607856617098649e-01
6.545553410407620731e-01
6.548475852496105087e-01
6.551362036026660007e-01
6.554288753391669387e-01
6.557179088349378571e-01
6.560060048857216941e-01
6.562910460964265225e-01
6.565750465358151100e-01
6.568580659993713544e-01
6.571419918322246589e-01
6.574181191049807138e-01
6.576995047200767663e-01
6.579795482785627536e-01
6.582572970123353739e-01
6.585315036459554738e-01
6.588058217407821715e-01
6.590737386814865539e-01
6.593377594892207982e-01
6.596096593077777070e-01
6.598815728325903018e-01
6.601450526321578360e-01
6.604100691688569169e-01
6.606735861333509208e-01
6.609371055074720891e-01
6.611960131970318066e-01
6.614555560081954999e-01
6.617149238610023909e-01
6.619736198771891678e-01
6.622304230793224500e-01
6.624809332714317600e-01
6.627316956117175195e-01
6.629823650490231923e-01
6.632316008024388143e-01
6.634822619015668943e-01
6.637322189441354769e-01
6.639811736424866551e-01
6.642256103918582344e-01
6.644717652518026263e-01
6.647193138727393036e-01
6.649656234994166804e-01
6.652083263466878060e-01
6.654493445285225572e-01
6.656911094704208720e-01
6.659303205155255867e-01
6.661736454328801571e-01
6.664158515988447551e-01
6.666571335029369827e-01
6.668967990275650459e-01
6.671314963402040776e-01
6.673682148402694247e-01
6.676052655809148195e-01
6.678405231697872591e-01
6.680776560497940775e-01
6.683091844148241201e-01
6.685431580962444276e-01
6.687766688097318557e-01
6.690043218216207288e-01
6.692304987886008583e-01
6.694589909037790276e-01
6.696849079703808272e-01
6.699148495196619590e-01
6.701435114826347350e-01
6.703698902126514758e-01
6.705941091869950244e-01
6.708199085687016616e-01
6.710457280679126280e-01
6.712704860494834724e-01
6.714909458406133069e-01
6.717107473866632539e-01
6.719271128999764198e-01
6.721466099922031034e-01
6.723680036231165502e-01
6.725866336369149545e-01
6.728030497764572182e-01
6.730181236827462721e-01
6.732356520063725869e-01
6.734492879823819056e-01
6.736606528333689559e-01
6.738725566305722170e-01
6.740822025361168368e-01
6.742960598746318146e-01
6.745041007497464269e-01
6.747110254330586088e-01
6.749213037839364437e-01
6.751301391795184736e-01
6.753338800835991806e-01
6.755403547078283610e-01
6.757512229516534630e-01
6.759559836907291785e-01
6.761586689763945390e-01
6.763631782755464839e-01
6.765668418426842301e-01
6.767717238292833004e-01
6.769729127254175971e-01
6.771748965354972283e-01
6.773776107049953588e-01
6.775827445530545612e-01
6.777803209436528142e-01
6.779813821382696393e-01
6.781805849923187024e-01
6.783787293795261464e-01
6.785801539244625813e-01
6.787802420142167170e-01
6.789774180755607791e-01
6.791738943488236924e-01
6.793701740901926245e-01
6.795617670538190991e-01
6.797583122656877253e-01
6.799501875524053274e-01
6.801410672502585797e-01
6.803317873569887375e-01
6.805234668306328061e-01
6.807158524771768082e-01
6.809051646189994145e-01
6.810944981200729442e-01
6.812866266657937597e-01
6.814756421256147334e-01
6.816609306841989735e-01
6.818480371740739399e-01
6.820311267611455230e-01
6.822180700993463187e-01
6.824039387223872488e-01
6.825913924454076742e-01
6.827746595345968172e-01
6.829580899482543543e-01
6.831455993898077894e-01
6.833252156827072099e-01
6.835107583600035230e-01
6.836944855299255108e-01
6.838763880086169422e-01
6.840568287665934610e-01
6.842379598667415186e-01
6.844171191136281251e-01
6.845969936777209774e-01
6.847762324692626690e-01
6.849544548060724214e-01
6.851339372532563310e-01
6.853109913070398740e-01
6.854900750834667100e-01
6.856668470588073161e-01
6.858421190784870225e-01
6.860164478133775612e-01
6.861912218214757386e-01
6.863656127172013122e-01
6.865339383125540484e-01
6.867049938695097833e-01
6.868773786333832732e-01
6.870481088244302370e-01
6.872195665316636060e-01
6.873892421536319519e-01
6.875583282365544946e-01
6.877263795905557142e-01
6.878948712113798214e-01
6.880617618690682002e-01
6.882261079874144594e-01
6.883904331660833931e-01
6.885544068914282168e-01
6.887209742594548878e-01
6.888834794484712809e-01
6.890482431303860400e-01
6.892107800652538252e-01
6.893736772371292787e-01
6.895375163150250231e-01
6.897016075137004654e-01
6.898637810237826518e-01
6.900241786974838920e-01
6.901866330407464556e-01
6.903464224850996978e-01
6.905029862363946114e-01
6.906635743395718174e-01
6.908227445157746338e-01
6.909785960105009339e-01
6.911356858865228547e-01
6.912931800379535918e-01
6.914474956336725819e-01
6.916031185156100713e-01
6.917581304645389340e-01
6.919118992826688297e-01
6.920661810339833186e-01
6.922205310746356588e-01
6.923765310638843040e-01
6.925306004522809866e-01
6.926855649081541388e-01
6.928348453755759362e-01
6.929876688208458368e-01
6.931412728775070420e-01
6.932937468238796752e-01
6.934458785550673410e-01
6.935941526846768346e-01
6.937455452172643922e-01
6.938966865804571116e-01
6.940447715648474514e-01
6.941917516406249655e-01
6.943391159294630688e-01
6.944863358990653879e-01
6.946357001762524241e-01
6.947829975234830480e-01
6.949270715596191916e-01
6.950743295965756685e-01
6.952180204777677064e-01
6.953639592178488815e-01
6.955071204024697584e-01
6.956532326885401796e-01
6.957970491595106832e-01
6.959394232671182179e-01
6.960801920529615661e-01
6.962229772705365027e-01
6.963671780980020820e-01
6.965101581427204369e-01
6.966510068743487771e-01
6.967935864703376225e-01
6.969345793102015296e-01
6.970735034512460793e-01
6.972148748437760890e-01
6.973556432537482141e-01
6.974914076116496275e-01
6.976317746077086435e-01
6.977718781855583030e-01
6.979079116641929703e-01
6.980437122061111666e-01
6.981809130043845624e-01
6.983176228822892684e-01
6.984555062925847935e-01
6.985891070301724071e-01
6.987252108971957476e-01
6.988602108740203933e-01
6.989927937835159755e-01
6.991278329990945339e-01
6.992592342811392303e-01
6.993911946822870540e-01
6.995232204993075964e-01
6.996568040130449750e-01
6.997889818203374412e-01
6.999232837293248854e-01
7.000535979201013559e-01
7.001861331963806778e-01
7.003172036546280177e-01
7.004471129715282851e-01
7.005804853901815843e-01
7.007126310228166677e-01
7.008445110839077730e-01
7.009746756156803871e-01
7.011067340132670633e-01
7.012366397593333689e-01
7.013663700326856487e-01
7.014944240566240996e-01
7.016242222131684469e-01
7.017516667062357882e-01
7.018811261219272124e-01
7.020083720485733592e-01
7.021356439385962878e-01
7.022622066010483222e-01
7.023905526276861266e-01
7.025169741854611072e-01
7.026440567355831668e-01
7.027698102853761064e-01
7.028917399222893714e-01
7.030148560776297018e-01
7.031405573040487855e-01
7.032669245278385661e-01
7.033911132639434349e-01
7.035146594590595548e-01
7.036391622622214514e-01
7.037644414229414780e-01
7.038880533059317379e-01
7.040111209998456410e-01
7.041340480981804761e-01
7.042540859974505407e-01
7.043755341934118119e-01
7.044955003986221875e-01
7.046175135855002880e-01
7.047370957663293689e-01
7.048577980954081612e-01
7.049790944580639485e-01
7.050996577716307501e-01
7.052193799881636416e-01
7.053400428850713499e-01
7.054602876351119267e-01
7.055770511653043364e-01
7.056955445029639007e-01
7.058123237340307998e-01
7.059293935331595327e-01
7.060442781548785796e-01
7.061609436778989446e-01
7.062786571382778655e-01
7.063932607910118344e-01
7.065111666143587543e-01
7.066268518168548063e-01
7.067433603558819222e-01
7.068589187630545112e-01
7.069722094865524831e-01
7.070872117487155828e-01
7.072020259033764411e-01
7.073162661950316288e-01
7.074313344696468997e-01
7.075452241556453581e-01
7.076590115709028295e-01
7.077736876732866333e-01
7.078861210117850522e-01
7.079990721397065867e-01
7.081124086790289152e-01
7.082251037676252636e-01
7.083356480074725070e-01
7.084492470229117878e-01
7.085619649713119639e-01
7.086743905287817835e-01
7.087851725073813780e-01
7.088967235415946089e-01
7.090057810955476825e-01
7.091141426429783401e-01
7.092237537311028017e-01
7.093318219438896621e-01
7.094406667513328824e-01
7.095517738082774972e-01
7.096594968709939444e-01
7.097676257813388956e-01
7.098753811119168367e-01
7.099852200491311160e-01
7.100928018950374287e-01
7.102006891990211290e-01
7.103064977838768890e-01
7.104149072728553893e-01
7.105228365839635352e-01
7.106306281123647706e-01
7.107377693086899262e-01
7.108436775669865204e-01
7.109495909852160400e-01
7.110547353302031359e-01
7.111603727878065273e-01
7.112657297511806309e-01
7.113716364718208895e-01
7.114760614479750389e-01
7.115807326629071117e-01
7.116857940762790768e-01
7.117898927175173585e-01
7.118936478964714709e-01
7.119973455637458315e-01
7.120987144177440831e-01
7.122026073492584430e-01
7.123061255147347115e-01
7.124106744789522327e-01
7.125146412358105419e-01
7.126185958209321214e-01
7.127216463153489556e-01
7.128231610752645553e-01
7.129268681666290908e-01
7.130314706109526224e-01
7.131349050504043330e-01
7.132342879708319927e-01
7.133364239228642267e-01
7.134372345176478447e-01
7.135391259889055648e-01
7.136393262794817893e-01
7.137376117861378155e-01
7.138376196653177796e-01
7.139382094847972482e-01
7.140373663067604015e-01
7.141378588321483090e-01
7.142342078409488204e-01
7.143304812644885038e-01
7.144305015404629478e-01
7.145283381695568536e-01
7.146283846082339686e-01
7.147250353443338478e-01
7.148230778350118664e-01
7.149210310548549385e-01
7.150197809642532265e-01
7.151177288578645097e-01
7.152157491205579642e-01
7.153140007333014250e-01
7.154122990599419696e-01
7.155109143963110929e-01
7.156098721417010200e-01
7.157064838509543669e-01
7.158017201503308335e-01
7.158997925568434395e-01
7.159954965739678823e-01
7.160922269224352377e-01
7.161895680246247453e-01
7.162851181204834550e-01
7.163818434502354782e-01
7.164751850238313402e-01
7.165688979414720494e-01
7.166618146306319437e-01
7.167566692662972194e-01
7.168517035791025505e-01
7.169467360435152203e-01
7.170407819396564797e-01
7.171366929891940245e-01
7.172325087294886270e-01
7.173229277220327660e-01
7.174154898548870118e-01
7.175099012276443533e-01
7.176030806507980309e-01
7.176963318298128502e-01
7.177908485638586633e-01
7.178837739653257666e-01
7.179766340674150760e-01
7.180690999178471756e-01
7.181622215230050177e-01
7.182520186647520788e-01
7.183430766284648605e-01
7.184308090302782279e-01
7.185226350923494820e-01
7.186140398719023104e-01
7.187043766060121630e-01
7.187961679010834715e-01
7.188876772862914377e-01
7.189799296136437645e-01
7.190692765650168461e-01
7.191592573775359432e-01
7.192485211761422415e-01
7.193385663521364437e-01
7.194283870088813426e-01
7.195186532467289231e-01
7.196068558238944979e-01
7.196973619024832347e-01
7.197861714075921569e-01
7.198752620731270202e-01
7.199649551676945425e-01
7.200547145174724939e-01
7.201426635711447588e-01
7.202282586013082355e-01
7.203174017533910956e-01
7.204061646741157787e-01
7.204939256155988847e-01
7.205806077594710812e-01
7.206678639470679437e-01
7.207552381019438625e-01
7.208401182198755919e-01
7.209267325750252642e-01
7.210150553373593230e-01
7.210994926600264865e-01
7.211847924037809721e-01
7.212712871612368959e-01
7.213585025074666923e-01
7.214435934014599150e-01
7.215286083157566033e-01
7.216150567905007529e-01
7.217007672848955169e-01
7.217863524110172957e-01
7.218714934980587916e-01
7.219554352757667770e-01
7.220410243374654202e-01
7.221266774121021248e-01
7.222114885626730318e-01
7.222943279261657690e-01
7.223777490298952664e-01
7.224593463210020605e-01
7.225420161141091757e-01
7.226262344833266349e-01
7.227085180769842188e-01
7.227919871142717279e-01
7.228739138982304135e-01
7.229563804393941417e-01
7.230390355300397864e-01
7.231204059838113318e-01
7.232024595920077958e-01
7.232833380831239500e-01
7.233656831425137046e-01
7.234477274460803242e-01
7.235297000323668293e-01
7.236122469554311376e-01
7.236934642689916153e-01
7.237750339600755867e-01
7.238575130574083083e-01
7.239390471151861961e-01
7.240208919824844269e-01
7.241019492703903992e-01
7.241809703528232500e-01
7.242598960754864645e-01
7.243367633147653750e-01
7.244154305099036462e-01
7.244958190323659286e-01
7.245758749868238535e-01
7.246525716569057751e-01
7.247309407723134811e-01
7.248100529543947124e-01
7.248895870259103313e-01
7.249695319699971385e-01
7.250485834581240630e-01
7.251261671754649640e-01
7.252054334552735515e-01
7.252846708910886120e-01
7.253634743657555450e-01
7.254420435759344477e-01
7.255207999200418145e-01
7.255994904775843191e-01
7.256782361932718750e-01
7.257555459042248636e-01
7.258322121524494186e-01
7.259109811147326230e-01
7.259857068259490953e-01
7.260638828295229441e-01
7.261382552680895053e-01
7.262133362578327977e-01
7.262897177103720958e-01
7.263652315831968798e-01
7.264400931171565157e-01
7.265155741459616845e-01
7.265919235857798419e-01
7.266681276567658054e-01
7.267457042755597341e-01
7.268213179464905194e-01
7.268964850571576486e-01
7.269711554448524682e-01
7.270459887616376182e-01
7.271227753141136230e-01
7.271983415520486549e-01
7.272729351496768357e-01
7.273484445226255923e-01
7.274229753527765574e-01
7.274984164575130086e-01
7.275729669670026878e-01
7.276479804711386556e-01
7.277233844527303264e-01
7.277971519130749245e-01
7.278702508027597995e-01
7.279423262996751465e-01
7.280161865368959262e-01
7.280906933218385113e-01
7.281631918972303330e-01
7.282353009114236331e-01
7.283077153787096414e-01
7.283794330446350385e-01
7.284514678025013623e-01
7.285244843855178676e-01
7.285968935737174856e-01
7.286674973406417344e-01
7.287402466445397353e-01
7.288138264552602719e-01
7.288866253152535002e-01
7.289595703193312293e-01
7.290319222227178431e-01
7.291035409114864363e-01
7.291764074328548340e-01
7.292472907507466795e-01
7.293185969860913609e-01
7.293892922010277724e-01
7.294611977083461651e-01
7.295328635114424198e-01
7.296036448633185234e-01
7.296731695676308416e-01
7.297447285979208331e-01
7.298161873679918088e-01
7.298872862915345427e-01
7.299571480140687463e-01
7.300284452907479515e-01
7.301000021654782124e-01
7.301700910414703483e-01
7.302397903393608170e-01
7.303099737983465012e-01
7.303802943601902520e-01
7.304504110451996990e-01
7.305201221090570352e-01
7.305892407495041541e-01
7.306576283272581129e-01
7.307272736550778358e-01
7.307962588008025673e-01
7.308656355693022855e-01
7.309349551689675595e-01
7.310024290586980555e-01
7.310713737445706517e-01
7.311381615804974921e-01
7.312049667939996000e-01
7.312743060066806411e-01
7.313424545555475831e-01
7.314103343042193117e-01
7.314795451881060950e-01
7.315480454743458205e-01
7.316149626650093607e-01
7.316815860998516774e-01
7.317491872919508200e-01
7.318156743695076738e-01
7.318828300463765535e-01
7.319501897479786523e-01
7.320182348024557584e-01
7.320854181583090758e-01
7.321524138030955919e-01
7.322183379992676100e-01
7.322828268528606133e-01
7.323487655593001744e-01
7.324153708222840287e-01
7.324834202711132392e-01
7.325484302314996254e-01
7.326120678846629319e-01
7.326781722074493519e-01
7.327437481846065248e-01
7.328094319755513730e-01
7.328737372049946019e-01
7.329388099844702520e-01
7.330040501197059299e-01
7.330700465042453429e-01
7.331341922908761743e-01
7.331988162936362574e-01
7.332649779275345336e-01
7.333302830099769354e-01
7.333953175759930776e-01
7.334585711993729662e-01
7.335233249578533288e-01
7.335878462650717857e-01
7.336528689246674118e-01
7.337179974599601362e-01
7.337840520630759533e-01
7.338480228358177371e-01
7.339127439656992768e-01
7.339745782479873970e-01
7.340387894162401228e-01
7.341017599076650191e-01
7.341652396976000583e-01
7.342277345689267598e-01
7.342902017647198187e-01
7.343532002919194168e-01
7.344167254043708626e-01
7.344797482294873614e-01
7.345418287213965058e-01
7.346056994282399444e-01
7.346680270167396110e-01
7.347297947632650539e-01
7.347916342128327782e-01
7.348550608266232187e-01
7.349168242818090446e-01
7.349790649137876164e-01
7.350417340844062064e-01
7.351043433803322591e-01
7.351655042276594720e-01
7.352266990250211354e-01
7.352882129380688969e-01
7.353499917149325382e-01
7.354128657698286720e-01
7.354732026483568053e-01
7.355359157531203840e-01
7.355970853816115040e-01
7.356587559385755482e-01
7.357194123698643784e-01
7.357807530109669036e-01
7.358414861108762972e-01
7.359032060085908267e-01
7.359651558863941068e-01
7.360263742286028421e-01
7.360867529113730434e-01
7.361472762430081307e-01
7.362075766316137360e-01
7.362682149349442096e-01
7.363282193565388045e-01
7.363873869401267314e-01
7.364484918566168714e-01
7.365089490319266519e-01
7.365673001116493923e-01
7.366279552132577457e-01
7.366882170594014623e-01
7.367482689723249267e-01
7.368071363312806987e-01
7.368665804280942755e-01
7.369253798891923779e-01
7.369846555191688076e-01
7.370433651083020399e-01
7.371031452807587092e-01
7.371615991905977605e-01
7.372214807056793884e-01
7.372804107990201805e-01
7.373393928839135913e-01
7.373983021793951709e-01
7.374578312685033943e-01
7.375159240527469073e-01
7.375743630222540981e-01
7.376323415240321202e-01
7.376910928713357185e-01
7.377483005365338409e-01
7.378060807733440862e-01
7.378633223912964834e-01
7.379200172764320831e-01
7.379762252778607756e-01
7.380341890528631099e-01
7.380921442513500574e-01
7.381484142213969868e-01
7.382064846294329463e-01
7.382635991682401366e-01
7.383192184601837793e-01
7.383758534651757577e-01
7.384322224684360947e-01
7.384891575569610955e-01
7.385465083546681742e-01
7.386040219686479391e-01
7.386609540275556052e-01
7.387157068098271218e-01
7.387720753555636621e-01
7.388282556859874228e-01
7.388859254073750771e-01
7.389417485203870761e-01
7.389981958672199314e-01
7.390557207073945589e-01
7.391124105534351285e-01
7.391691048198361091e-01
7.392247850792074138e-01
7.392786212742166185e-01
7.393346956658618518e-01
7.393910533438026178e-01
7.394475627010936858e-01
7.395038507905732361e-01
7.395595434640288568e-01
7.396157241385911130e-01
7.396717241208118354e-01
7.397276906030278987e-01
7.397836298395153998e-01
7.398396823234628661e-01
7.398943702322310356e-01
7.399497915366343159e-01
7.400046883457835900e-01
7.400605783410172389e-01
7.401151160956600528e-01
7.401703007573668947e-01
7.402252458926744660e-01
7.402803064926598564e-01
7.403346710549935095e-01
7.403884489393942614e-01
7.404427394331402068e-01
7.404972097162082489e-01
7.405504773892245263e-01
7.406041827320792859e-01
7.406575851656781451e-01
7.407112256211562107e-01
7.407654617373704564e-01
7.408197039845001441e-01
7.408741286935722758e-01
7.409291220325104899e-01
7.409833001506639372e-01
7.410377216913185405e-01
7.410923463092982111e-01
7.411463119794353682e-01
7.411997916407857545e-01
7.412541009332049846e-01
7.413072821467616702e-01
7.413599098436916002e-01
7.414126070503505028e-01
7.414664532940848929e-01
7.415201484371567453e-01
7.415728250025346302e-01
7.416256650997516964e-01
7.416780371307523101e-01
7.417308424344206674e-01
7.417834218983864192e-01
7.418351157234819304e-01
7.418881632120465364e-01
7.419405365930997753e-01
7.419918172529387235e-01
7.420438099078249250e-01
7.420962820768308710e-01
7.421482140175312825e-01
7.422003173888596095e-01
7.422524018729167450e-01
7.423032410748860999e-01
7.423557376305065514e-01
7.424084635516572384e-01
7.424593454251313673e-01
7.425100034155185380e-01
