0.000000000000000000e+00
5.149999999999821387e-02
8.962280701754199441e-02
1.178084049532348576e-01
1.399428074027128099e-01
1.578510844055235340e-01
1.724472026777832401e-01
1.846771944879143090e-01
1.954620029509483992e-01
2.052768471570044495e-01
2.141283079302285230e-01
2.221107713820791307e-01
2.294253675127093661e-01
2.363679501366773295e-01
2.427354339194556232e-01
2.489130953989188155e-01
2.548146522890132326e-01
2.604411762705661770e-01
2.654994114073716549e-01
2.704630747491343357e-01
2.751494778363227089e-01
2.798771631371573809e-01
2.843549670687250952e-01
2.885041851982874661e-01
2.925182108408411752e-01
2.964727151420549767e-01
3.004749973288421971e-01
3.045558072705673025e-01
3.084522931914961408e-01
3.121704003118037640e-01
3.158444506572750665e-01
3.193903929027233080e-01
3.227926778266880792e-01
3.260724737133277040e-01
3.293133140831181471e-01
3.325167004489431033e-01
3.358110807482966864e-01
3.388460939597379706e-01
3.419079307034650350e-01
3.448827064523831698e-01
3.477407439994831817e-01
3.506027111112177685e-01
3.534143908630830166e-01
3.562120671560058405e-01
3.589560904682165265e-01
3.617469680173739377e-01
3.643942957622096079e-01
3.670731647170650813e-01
3.695393057707930806e-01
3.720582585851686108e-01
3.745703284366784791e-01
3.769952235441408339e-01
3.793463512434860352e-01
3.816842434053797639e-01
3.839260952868248644e-01
3.861986191203767849e-01
3.884023336837290064e-01
3.905946738610607261e-01
3.928401679520837630e-01
3.950340724556566929e-01
3.971734934082667978e-01
3.992967079112681450e-01
4.013480298556902914e-01
4.033619727956724299e-01
4.053553876206673623e-01
3.080156353221197296e-01
2.996950949116978791e-01
2.918131897025996735e-01
2.845971641558385223e-01
2.777849648571377728e-01
2.714031004218629417e-01
2.651971694833556992e-01
2.594613978155474454e-01
2.540129349627218702e-01
2.487793529708672846e-01
2.438583797444847379e-01
2.391430445257142767e-01
2.345760332566293460e-01
2.302572355159531736e-01
2.261500498454963592e-01
2.221911841374795415e-01
2.184311617944380002e-01
2.147702791148095591e-01
2.112564114199751431e-01
2.078354178628833704e-01
2.045374688526098717e-01
2.013743161349741406e-01
1.982850255410101292e-01
1.953204501031546858e-01
1.924298458265254752e-01
1.896392663527348699e-01
1.869453311428171949e-01
1.843452943919859921e-01
1.818113630969696026e-01
1.793600567767993093e-01
1.769955196607987669e-01
1.746830774587185831e-01
1.724448500667362660e-01
1.702633416022349133e-01
1.681564864791893488e-01
1.661032008827070527e-01
1.640971167659467378e-01
1.621489137504221190e-01
1.602470795294570483e-01
1.584080349267553700e-01
1.565994332604346007e-01
1.548505994618216142e-01
1.531374882605545107e-01
1.514735024865789259e-01
1.498469606692193756e-01
1.482518396452645604e-01
1.466975094760808729e-01
1.451735780842565715e-01
1.436903500438890258e-01
1.422439458033948056e-01
1.408293414581693881e-01
1.394455013582346081e-01
1.380867565247401729e-01
1.367568676897781832e-01
1.354607586702563649e-01
1.341876645686428948e-01
1.329384549330359100e-01
1.317147271480454684e-01
1.305153909497764331e-01
1.293408955124095705e-01
1.281893910590749530e-01
1.270601121942923628e-01
1.259520871646078732e-01
1.248662105795458194e-01
1.238037806278357994e-01
1.227571913408359583e-01
1.217289514744384626e-01
1.207236379274599369e-01
1.197347769749417812e-01
1.187657679847411857e-01
1.178094966455168757e-01
1.168724840478678473e-01
1.159516866554329007e-01
1.150442486887130605e-01
1.141534341055853302e-01
1.132800388867221397e-01
1.124174375903748135e-01
1.115711865580908818e-01
1.107368487498611720e-01
1.099165600764995393e-01
1.091101996107064626e-01
1.083180686456746977e-01
1.075384700159059542e-01
1.067710929392608893e-01
1.060122989180363046e-01
1.052645013445200478e-01
1.045303351081136034e-01
1.038076148372534951e-01
1.030952249704315399e-01
1.023925792258716799e-01
1.017014604186153026e-01
1.010205647289213193e-01
1.003485403889098071e-01
9.968662160962241114e-02
9.903375221971089104e-02
9.839003875274711375e-02
9.775535266483263708e-02
9.712988274103025177e-02
9.651183984545562422e-02
9.590267203706906440e-02
9.530215298237097732e-02
9.470869789395708338e-02
9.412293883504536940e-02
9.354506662214442936e-02
9.297451637214118603e-02
9.241328362384132467e-02
9.185845062857272980e-02
9.131030171750549596e-02
9.076831111657868156e-02
9.023316533892966618e-02
8.970482130714915736e-02
8.918343837362247006e-02
8.866806582701858286e-02
8.815947901424328603e-02
8.765680724389672551e-02
8.716028193745223307e-02
8.667004646273417101e-02
8.618451809005489572e-02
8.570465925197501278e-02
8.523100696151714173e-02
8.476284264094889609e-02
8.430004531032242454e-02
8.384300899850198607e-02
8.339166500431589857e-02
8.294537363044701683e-02
8.250430928088380023e-02
8.206929433346385472e-02
8.163810839249617535e-02
8.121211780686041215e-02
8.079020458153876594e-02
8.037307133475198040e-02
7.996052230761455104e-02
7.955217754385909834e-02
7.914946428647622045e-02
7.875039659033708506e-02
7.835606414279051857e-02
7.796538463631266791e-02
7.757919398867099692e-02
7.719593973288024769e-02
7.681747006747251250e-02
7.644300003355121442e-02
7.607168216806650674e-02
7.570513784903444565e-02
7.534184490847700699e-02
7.498241270143803094e-02
7.462621378276937389e-02
7.427389684839588724e-02
7.392486098492634383e-02
7.357901617440273934e-02
7.323735806096280665e-02
7.289878651308066837e-02
7.256356878148831346e-02
7.223080238494038186e-02
7.190250844500775673e-02
7.157684060152275096e-02
7.125461793373905062e-02
7.093545463988067123e-02
7.061906684282498459e-02
7.030592932840759590e-02
6.999564963154090991e-02
6.968842458312243804e-02
6.938318419260171288e-02
6.908126229907418647e-02
6.878204328297483905e-02
6.848550605336896357e-02
6.819178064475416023e-02
6.790092689810113546e-02
6.761250810122870769e-02
6.732686697009945820e-02
6.704383431716699759e-02
6.676302374223423708e-02
6.648496442267405604e-02
6.620894252877432273e-02
6.593550487997074105e-02
6.566396151757258881e-02
6.539557070457466259e-02
6.512857059432328177e-02
6.486482085438599610e-02
6.460340381847233526e-02
6.434458182487867717e-02
6.408754087718228354e-02
6.383254764464599273e-02
6.357945756955196703e-02
6.332909815649856444e-02
6.308046952513746142e-02
6.283394693652649687e-02
6.258921577139817116e-02
6.234655670396298255e-02
6.210589225710110017e-02
6.186742717525177404e-02
6.163009610653664982e-02
6.139549060131779812e-02
6.116273196236328424e-02
6.093171112683268276e-02
6.070228609466754577e-02
6.047482553350191914e-02
6.024860234239355627e-02
6.002375546231743242e-02
5.980166518956260557e-02
5.958144522309516411e-02
5.936210945591371968e-02
5.914481385279574122e-02
5.892912061332436502e-02
5.871523444414455950e-02
5.850255513375456073e-02
5.829172784955112541e-02
5.808259776695917642e-02
5.787510995873521025e-02
5.766909973899071729e-02
5.746405865080358999e-02
5.726061259397050018e-02
5.705884057301564838e-02
5.685850470776301901e-02
5.665988619614463484e-02
5.646271148061536571e-02
5.626698384359182792e-02
5.607231335368842440e-02
5.587938802855091369e-02
5.568802064054251266e-02
5.549801842202037316e-02
5.530915535000593963e-02
5.512151463667221141e-02
5.493544767557326236e-02
5.475059355860130428e-02
5.456745682172786660e-02
5.438557232349854054e-02
5.420497073197867721e-02
5.402555272518630436e-02
5.384694897637481992e-02
5.366998423046084876e-02
5.349435788647942391e-02
5.331979451202015219e-02
5.314668995181195954e-02
5.297426500695860685e-02
5.280343345726923321e-02
5.263376934827487807e-02
5.246473724327817278e-02
5.229684999286624003e-02
5.213033725748335290e-02
5.196471363992138937e-02
5.180071229965940716e-02
5.163779521275790874e-02
5.147578449395760758e-02
5.131470751753486326e-02
5.115494090826015749e-02
5.099625611331211339e-02
5.083863074658684367e-02
5.068168101716574725e-02
5.052579058237494092e-02
5.037066622458537257e-02
5.021686005701588018e-02
5.006425615720082323e-02
4.991248206001323851e-02
4.976153192070838227e-02
4.961147099994471510e-02
4.946266498446295901e-02
4.931451255525425015e-02
4.916710144025068785e-02
4.902075936115528332e-02
4.887524439103922702e-02
4.873101125080829543e-02
4.858719391301519197e-02
4.844429824586148070e-02
4.830257891937200787e-02
4.816171289321230509e-02
4.802123858779724919e-02
4.788198542946119074e-02
4.774401033687346307e-02
4.760647229192845054e-02
4.746957757711481318e-02
4.733381012660124731e-02
4.719874720000813428e-02
4.706466863803430989e-02
4.693119511478771599e-02
4.679856152634516431e-02
4.666686803870334632e-02
4.653621812355000775e-02
4.640573461041128112e-02
4.627637598577054312e-02
4.614767407704228885e-02
4.601967173505493169e-02
4.589274971272672143e-02
4.576648886009652972e-02
4.564079523957267903e-02
4.551582042253189686e-02
4.539155476496194164e-02
4.526772487172253667e-02
4.514501085103127254e-02
4.502265920913037234e-02
4.490098458004208870e-02
4.478004658455185527e-02
4.465992681341754422e-02
4.454059751495433039e-02
4.442177425605897678e-02
4.430358945119476644e-02
4.418632380694406669e-02
4.406953513633635189e-02
4.395310627169463080e-02
4.383756095481942949e-02
4.372240706517141473e-02
4.360820204044917048e-02
4.349456737099516301e-02
4.338172660382341728e-02
4.326918170033489108e-02
4.315727693329596271e-02
4.304642610894535149e-02
4.293560126804943367e-02
4.282586799647807030e-02
4.271663070978368171e-02
4.260785574678634113e-02
4.249958664005000497e-02
4.239198819305546595e-02
4.228478365478977041e-02
4.217829065221227747e-02
4.207238139275230882e-02
4.196696869989952061e-02
4.186224746336214553e-02
4.175791459990194077e-02
4.165433610291877087e-02
4.155117188746190737e-02
4.144843448444614220e-02
4.134623834835451928e-02
4.124463719493880187e-02
4.114354703997308293e-02
4.104258084268969098e-02
4.094235450975187984e-02
4.084276888691985852e-02
4.074362594056159248e-02
4.064504808819190129e-02
4.054693146788591884e-02
4.044928168482071762e-02
4.035207865125925442e-02
4.025543704673700818e-02
4.015916859922537274e-02
4.006325030866469961e-02
3.996786007679689612e-02
3.987295233189259991e-02
3.977871769410938618e-02
3.968470234399912311e-02
3.959134018094098706e-02
3.949833075198695698e-02
3.940579726899352819e-02
3.931382800306763847e-02
3.922239184068007645e-02
3.913125948257335784e-02
3.904049268455034305e-02
3.895033433565588121e-02
3.886045683591328459e-02
3.877083468883105177e-02
3.868194999134604017e-02
3.859340122176199706e-02
3.850513818903836261e-02
3.841735579832562808e-02
3.833002263171066126e-02
3.824293503069932376e-02
3.815639529947742470e-02
3.807022372979639024e-02
3.798447788534629888e-02
3.789913952798265595e-02
3.781424218694594275e-02
3.772990152206644188e-02
3.764579844515353324e-02
3.756219986046747950e-02
3.747863396466971642e-02
3.739570156428895231e-02
3.731326477090643468e-02
3.723113535605269975e-02
3.714939020058659336e-02
3.706780652146152155e-02
3.698681639206656546e-02
3.690620515836628979e-02
3.682580487398257052e-02
3.674572137675428951e-02
3.666604903780536218e-02
3.658675422754469053e-02
3.650795684439230027e-02
3.642944026076294639e-02
3.635109634306911419e-02
3.627331623836876906e-02
3.619567770589075806e-02
3.611854996037332233e-02
3.604163164128863783e-02
3.596525081868442997e-02
3.588907640101483831e-02
3.581317462478599001e-02
3.573756053331139659e-02
3.566239594108162880e-02
3.558765599475592623e-02
3.551322343295919282e-02
3.543899833355039497e-02
3.536522917282430845e-02
3.529167716151657141e-02
3.521834410373470003e-02
3.514549893086479915e-02
3.507294725325524332e-02
3.500045874870971740e-02
3.492855502024011516e-02
3.485696610560937159e-02
3.478544343100825609e-02
3.471426361783817860e-02
3.464347829718067429e-02
3.457298378993166332e-02
3.450289335298788174e-02
3.443285814963359392e-02
3.436327408813044659e-02
3.429395171338817105e-02
3.422480297401137017e-02
3.415609556536074176e-02
3.408746140519440526e-02
3.401918442437561196e-02
3.395121761862274212e-02
3.388365150646720225e-02
3.381630526495793543e-02
3.374934604281444595e-02
3.368245302094224902e-02
3.361599644507304308e-02
3.354976610386210811e-02
3.348376486691780063e-02
3.341821568886914340e-02
3.335288178341069831e-02
3.328781818403871162e-02
3.322291530808718640e-02
3.315842843904016901e-02
3.309408572381014602e-02
3.303001885970448248e-02
3.296615715512479783e-02
3.290263468903487087e-02
3.283926011391449795e-02
3.277628153299942670e-02
3.271342573058427794e-02
3.265083500227985991e-02
3.258851476253377122e-02
3.252652968679779766e-02
3.246469920527936259e-02
3.240315887146875962e-02
3.234181279304899903e-02
3.228052784139963383e-02
3.221954136883291298e-02
3.215896678840671208e-02
3.209867451021308771e-02
3.203852636327328418e-02
3.197858004226458717e-02
3.191892995341368000e-02
3.185957707988180954e-02
3.180038030123236159e-02
3.174139222760055667e-02
3.168265342810977492e-02
3.162400030730672107e-02
3.156564409379611358e-02
3.150745966138152054e-02
3.144962378185446605e-02
3.139189128343983226e-02
3.133442917468108602e-02
3.127724346841546932e-02
3.122026060809221515e-02
3.116346509320717939e-02
3.110693239436444768e-02
3.105061759118947495e-02
3.099434738827591684e-02
3.093838805774598577e-02
3.088254906811917222e-02
3.082696406605681116e-02
3.077146216466548900e-02
3.071628770739055769e-02
3.066139306532897346e-02
3.060657211940502609e-02
3.055212359885180196e-02
3.049777784700177796e-02
3.044370558293320317e-02
3.038976815685183464e-02
3.033595634351542170e-02
3.028243242275291403e-02
3.022910024390380868e-02
3.017594140315509044e-02
3.012303138392016799e-02
3.007027084823064855e-02
3.001772287557759322e-02
2.996540967603407435e-02
2.991319456256141818e-02
2.986120541740396039e-02
2.980943147238566959e-02
2.975782629263958035e-02
2.970630175886827817e-02
2.965512969726734338e-02
2.960413525150436265e-02
2.955330141355660967e-02
2.950259382216319226e-02
2.945209315946537010e-02
2.940167260521223125e-02
2.935142299459493620e-02
2.930139311903245947e-02
2.925147287624156600e-02
2.920178771511008908e-02
2.915240065269286696e-02
2.910303040932805951e-02
2.905387230183618941e-02
2.900487762877453080e-02
2.895616413198720540e-02
2.890752280035659150e-02
2.885907232558398983e-02
2.881071293707535008e-02
2.876266387928097523e-02
2.871475528958609968e-02
2.866702173130662723e-02
2.861943096165572853e-02
2.857196121119011389e-02
2.852466051493462995e-02
2.847749133160451529e-02
2.843052846758659102e-02
2.838370595287811882e-02
2.833708904852098864e-02
2.829056846590947971e-02
2.824422640433882359e-02
2.819808190244019186e-02
2.815206611244422397e-02
2.810618842239266668e-02
2.806048048206029322e-02
2.801478603707226178e-02
2.796941638301446431e-02
2.792419704315669826e-02
2.787916040291031627e-02
2.783426921056128545e-02
2.778953808710601936e-02
2.774492396733369004e-02
2.770039709630774116e-02
2.765612430189885729e-02
2.761204908899965449e-02
2.756808092736315330e-02
2.752407512420396163e-02
2.748034303861247862e-02
2.743672838892481647e-02
2.739329818416838536e-02
2.734994384609597262e-02
2.730665513613080020e-02
2.726359109702380934e-02
2.722071134088208111e-02
2.717791225231414032e-02
2.713531723628663517e-02
2.709269826620096244e-02
2.705020316211262377e-02
2.700804871968492948e-02
2.696591182848478985e-02
2.692404521067599810e-02
2.688217226890689260e-02
2.684048800415361757e-02
2.679893276633341093e-02
2.675756524455311092e-02
2.671630521598862551e-02
2.667518757830812659e-02
2.663420498408670956e-02
2.659336812338088107e-02
2.655268863311145700e-02
2.651215664533569660e-02
2.647165136126897189e-02
2.643123993046068987e-02
2.639108007082130447e-02
2.635096729961923512e-02
2.631101639096397604e-02
2.627122509668861072e-02
2.623149491982527948e-02
2.619195266700567737e-02
2.615239606924897597e-02
2.611295809515708222e-02
2.607364627799907408e-02
2.603452333307706978e-02
2.599554932563187537e-02
2.595671594625530154e-02
2.591796128669314470e-02
2.587942099360322767e-02
2.584099715300038069e-02
2.580245384221523108e-02
2.576415005972082506e-02
2.572605583947498720e-02
2.568801819168498035e-02
2.565011529086283493e-02
2.561238076136689024e-02
2.557470537720382686e-02
2.553715313623737548e-02
2.549971031044508119e-02
2.546239828871905975e-02
2.542506330557250949e-02
2.538789432676399893e-02
2.535071049337747628e-02
2.531383452580866777e-02
2.527705732786296455e-02
2.524035593200811556e-02
2.520382792633878155e-02
2.516740778259111966e-02
2.513113322065169131e-02
2.509485678283651655e-02
2.505871621418356843e-02
2.502266893667502712e-02
2.498675563058713744e-02
2.495094688688451190e-02
2.491527806261485678e-02
2.487964850032382824e-02
2.484420880642264351e-02
2.480881385377101123e-02
2.477353814159416467e-02
2.473839321789302048e-02
2.470336528015555644e-02
2.466836964022955936e-02
2.463339649651329066e-02
2.459867395064674334e-02
2.456404305970802393e-02
2.452947685962124369e-02
2.449496747758025950e-02
2.446058817251456352e-02
2.442633010768728574e-02
2.439206478328678762e-02
2.435797552072674343e-02
2.432407741171552229e-02
2.429010342927293009e-02
2.425629230805653735e-02
2.422262271163166947e-02
2.418908852495753325e-02
2.415555473886960014e-02
2.412213251400636971e-02
2.408886782172373064e-02
2.405567512911005457e-02
2.402257629479614964e-02
2.398955456413566500e-02
2.395659917008825801e-02
2.392380259583967717e-02
2.389111386703590689e-02
2.385848760494785337e-02
2.382590343487094031e-02
2.379342185693628098e-02
2.376096278033441866e-02
2.372863507841237174e-02
2.369647447249254024e-02
2.366433330268240265e-02
2.363233245182237707e-02
2.360035223496906309e-02
2.356850233532369054e-02
2.353675215027348222e-02
2.350506404981812791e-02
2.347348916705857547e-02
2.344193900387457619e-02
2.341055174375726577e-02
2.337924653866491065e-02
2.334802364605098601e-02
2.331691704184755964e-02
2.328586330763127155e-02
2.325489653289906922e-02
2.322405891979027748e-02
2.319327119169295459e-02
2.316258861906241029e-02
2.313197137076324073e-02
2.310135604177207536e-02
2.307082449700610660e-02
2.304030178510589610e-02
2.300994429133829122e-02
2.297974710876145299e-02
2.294961777856234508e-02
2.291944235882741043e-02
2.288941942709220301e-02
2.285952131166962831e-02
2.282971018087452675e-02
2.280000669642819056e-02
2.277035189685223948e-02
2.274073258870140668e-02
2.271124719099554268e-02
2.268186217431934770e-02
2.265253284158537384e-02
2.262327676749553707e-02
2.259411707659650381e-02
2.256503373574375582e-02
2.253603312181352847e-02
2.250706255554560387e-02
2.247814448507622076e-02
2.244939038229676331e-02
2.242056330684580323e-02
2.239195072133878806e-02
2.236328009406067518e-02
2.233471214491097867e-02
2.230627458535375252e-02
2.227788761036975096e-02
2.224954482818214396e-02
2.222130308367903373e-02
2.219318557192680175e-02
2.216513747523850275e-02
2.213721265973775387e-02
2.210930096108452980e-02
2.208143726606849599e-02
2.205365408446191555e-02
2.202594312363799489e-02
2.199837211455328567e-02
2.197083257828222336e-02
2.194333559637362541e-02
2.191595254394800019e-02
2.188860266728186177e-02
2.186136300492466655e-02
2.183416612614189067e-02
2.180705833453849829e-02
2.178004352963433532e-02
2.175304441460686189e-02
2.172609084768234444e-02
2.169917675364846366e-02
2.167239066931372915e-02
2.164570620754655006e-02
2.161903085893379650e-02
2.159241179683460410e-02
2.156586312089467383e-02
2.153936947543004521e-02
2.151295836252439808e-02
2.148665126000169623e-02
2.146038693852964085e-02
2.143412699642030517e-02
2.140801142981407779e-02
2.138200196787273799e-02
2.135603394150420442e-02
2.133013834761267324e-02
2.130427953805322239e-02
2.127848447961941392e-02
2.125279724173489981e-02
2.122711130766134768e-02
2.120150471984032226e-02
2.117593672547340988e-02
2.115049214197370353e-02
2.112509243449470220e-02
2.109973976647182281e-02
2.107440615051099642e-02
2.104920363601793520e-02
2.102406171091363019e-02
2.099897262456580649e-02
2.097390683540692469e-02
2.094896164273364614e-02
2.092409085006408098e-02
2.089923080630208541e-02
2.087442813937394337e-02
2.084970103411358522e-02
2.082504581099245411e-02
2.080043881840382136e-02
2.077589515718974988e-02
2.075138744329915741e-02
2.072692016841316820e-02
2.070255952591995574e-02
2.067823867197980670e-02
2.065399472462267627e-02
2.062981212726773539e-02
2.060562482827069108e-02
2.058154488341928934e-02
2.055746088608270683e-02
2.053342989525862305e-02
2.050954988563312431e-02
2.048569371728642396e-02
2.046188558104446165e-02
2.043818458759158463e-02
2.041452094206640255e-02
2.039086838356303499e-02
2.036726089865942280e-02
2.034375092948473296e-02
2.032026265291585199e-02
2.029685119736424070e-02
2.027350308756901975e-02
2.025024006094000573e-02
2.022700158475651544e-02
2.020381917967332963e-02
2.018064935915866998e-02
2.015750859285940499e-02
2.013446200452570500e-02
2.011149137490897409e-02
2.008863402046813518e-02
2.006573289456095588e-02
2.004284978645894111e-02
2.002010864512827892e-02
1.999738866011267768e-02
1.997473198079229018e-02
1.995209374426375193e-02
1.992953154991058962e-02
1.990702602028240897e-02
1.988460821743624762e-02
1.986217307669055354e-02
1.983981480736929370e-02
1.981756573031920321e-02
1.979534406259800261e-02
1.977316859254510395e-02
1.975099045210554349e-02
1.972891104831400733e-02
1.970688102657738860e-02
1.968492307240941874e-02
1.966302135957515018e-02
1.964119967076222162e-02
1.961936463850731671e-02
1.959761986968805436e-02
1.957582387805706370e-02
1.955415941764251930e-02
1.953250569524991875e-02
1.951092240078763917e-02
1.948935553608327487e-02
1.946783788224683287e-02
1.944639443077801622e-02
1.942501595930259950e-02
1.940366956672903709e-02
1.938234079149200872e-02
1.936112397514917760e-02
1.933991516300125058e-02
1.931874002364969423e-02
1.929761521185707762e-02
1.927658905736094608e-02
1.925556713942998266e-02
1.923460104173684015e-02
1.921370781936218575e-02
1.919285607020716766e-02
1.917201346317511101e-02
1.915121950013784491e-02
1.913048433025608952e-02
1.910980370788155358e-02
1.908920185841574135e-02
1.906856900898515339e-02
1.904806371134705467e-02
1.902755374491899021e-02
1.900711432979636240e-02
1.898668889834354001e-02
1.896633113011809979e-02
1.894599864861230831e-02
1.892575265843764176e-02
1.890555304385439783e-02
1.888539204754387246e-02
1.886524195792139980e-02
1.884514575296575289e-02
1.882508454693972155e-02
1.880508133550297389e-02
1.878509820548993070e-02
1.876513806356114311e-02
1.874528747317538713e-02
1.872546220930722261e-02
1.870561906920410744e-02
1.868589254966274149e-02
1.866620118030316855e-02
1.864654964865722353e-02
1.862690233450767230e-02
1.860732095796477359e-02
1.858776407236954753e-02
1.856827379721984195e-02
1.854880192452780518e-02
1.852940941736054559e-02
1.851001536846685891e-02
1.849071439592699095e-02
1.847143006148321831e-02
1.845218424407578384e-02
1.843298913436769437e-02
1.841385326918557053e-02
1.839471036887221911e-02
1.837563115162174632e-02
1.835657590054409760e-02
1.833758924745663987e-02
1.831859611856552494e-02
1.829966275691574662e-02
1.828076511437795593e-02
1.826188623457583593e-02
1.824303803289353820e-02
1.822428365376459192e-02
1.820557585660677324e-02
1.818685766314212526e-02
1.816823322769474391e-02
1.814962367227702933e-02
1.813100292633730570e-02
1.811245754108406492e-02
1.809394770731793944e-02
1.807549419536733093e-02
1.805709494180776642e-02
1.803873762188194785e-02
1.802041392060005354e-02
1.800205245079129768e-02
1.798378747260760691e-02
1.796555842291845673e-02
1.794741111516694188e-02
1.792925438486291101e-02
1.791115213431879183e-02
1.789311877638943837e-02
1.787509833874278975e-02
1.785712133040866234e-02
1.783915285448706145e-02
1.782117063694073356e-02
1.780329841799412061e-02
1.778546500700735333e-02
1.776767946664643827e-02
1.774992433803938841e-02
1.773219317383675775e-02
1.771451284179810515e-02
1.769686127502451134e-02
1.767925082072713955e-02
1.766167480144550245e-02
1.764414407270729901e-02
1.762660944930997953e-02
1.760914388487540977e-02
1.759169237038349376e-02
1.757430816009208224e-02
1.755692767723098652e-02
1.753959407014554078e-02
1.752229566204575179e-02
1.750503810373690156e-02
1.748779475035373843e-02
1.747057108054886343e-02
1.745340573863991135e-02
1.743627589267909839e-02
1.741914675556684167e-02
1.740206834929206026e-02
1.738501833292489807e-02
1.736800604556565375e-02
1.735105157368883877e-02
1.733413280991880773e-02
1.731726068175604150e-02
1.730043349684291798e-02
1.728362404149599851e-02
1.726685793200676694e-02
1.725012891440475676e-02
1.723341816104062563e-02
1.721673012186913931e-02
1.720009696913392394e-02
1.718347312076460437e-02
1.716686359664218453e-02
1.715029593349400028e-02
1.713378775123045733e-02
1.711731342066035583e-02
1.710085129396003017e-02
1.708441985427872761e-02
1.706801114345656706e-02
1.705164846220269537e-02
1.703531758234139853e-02
1.701899455811698575e-02
1.700274263998141633e-02
1.698650911187910700e-02
1.697027432630850152e-02
1.695409201601447841e-02
1.693795830973200689e-02
1.692184224082066840e-02
1.690576939770277454e-02
1.688972168936620638e-02
1.687367777517503886e-02
1.685770939639727461e-02
1.684177999077399873e-02
1.682582988930401979e-02
1.680990868260737875e-02
