485 482 499 489 500 480 494 489 492 494 502 492 490 503 499 490 486 497 488 495 484 494 502 507 499 500 489 495 500 498 506 493 493 491 497 497 497 499 497 490 495 506 499 503 481 491 499 492 498 498 493 497 502 501 490 495 489 497 494 486 498 494 504 496 504 499 498 500 498 502 494 488 509 496 497 486 506 492 508 500 502 494 500 494 498 492 490 500 499 503 498 496 500 500 490 500 493 499 504 500
499 475 494 497 497 491 497 500 484 490 504 489 501 486 496 502 491 494 497 490 496 496 492 489 487 487 503 493 498 498 479 495 497 492 494 497 488 495 497 501 493 492 498 494 496 500 491 496 495 501 496 496 506 500 498 495 499 496 493 499 497 501 505 496 498 506 498 495 504 499 494 498 504 508 506 485 495 497 493 501 492 486 496 496 500 499 500 502 506 495 498 494 505 506 497 495 491 496 502 490
491 495 473 488 497 505 497 494 502 495 494 482 490 492 501 489 496 495 491 486 497 487 490 489 497 493 498 494 504 505 501 487 493 505 487 490 495 502 495 492 496 500 499 496 504 495 502 494 502 493 492 497 496 497 502 510 500 494 495 486 498 497 494 500 495 498 502 488 498 497 497 490 506 501 498 498 491 504 504 507 498 503 499 493 496 494 497 493 499 502 498 508 496 502 497 507 509 500 493 494
461 496 484 492 492 492 492 499 492 496 502 503 493 493 506 497 492 492 494 489 499 483 491 501 503 491 490 492 493 485 491 499 492 501 504 491 492 512 494 492 500 500 493 506 484 494 490 484 496 498 503 498 491 495 498 495 493 495 500 500 494 507 498 496 493 494 503 505 494 498 494 495 502 496 498 504 495 502 506 493 487 500 497 494 493 499 497 498 504 503 491 495 501 499 504 504 496 509 492 500
490 494 490 493 495 497 491 493 496 486 502 489 494 493 483 487 505 492 475 496 486 498 496 498 502 492 494 490 495 498 494 484 493 499 499 491 500 501 494 504 496 498 501 492 500 495 501 500 492 508 503 498 506 498 500 491 489 486 501 495 502 500 493 506 495 498 498 500 502 491 504 495 504 495 488 496 502 496 508 497 500 498 503 503 504 500 492 495 490 493 496 496 493 495 499 499 501 495 500 487
442 476 493 459 491 489 495 493 503 493 498 493 495 501 493 501 485 488 480 501 493 497 496 498 498 492 499 502 505 503 500 498 497 494 492 491 501 498 503 502 486 497 493 498 502 493 499 502 502 494 493 499 506 498 498 506 494 496 498 496 493 501 501 493 496 500 502 497 510 494 503 497 498 498 495 496 502 503 498 495 498 500 496 493 493 503 491 494 496 495 501 504 496 489 504 497 501 499 499 500
486 497 493 496 472 498 491 497 484 487 493 499 495 494 497 473 489 494 495 490 490 494 498 495 490 502 494 500 485 493 498 502 490 498 492 502 496 499 497 494 494 501 487 494 497 500 491 499 496 497 501 493 497 501 507 493 509 503 499 494 490 494 501 497 494 501 487 495 504 498 497 501 501 493 495 498 499 498 505 496 499 494 511 500 495 501 508 502 500 499 510 507 494 500 490 505 494 505 496 502
494 487 497 493 485 492 487 502 491 499 487 500 484 494 496 499 500 494 499 499 510 495 494 505 496 505 484 500 501 503 495 497 504 495 504 495 497 500 464 508 496 503 509 500 497 496 500 504 501 498 497 500 493 493 496 499 496 494 493 498 500 496 493 493 495 494 497 495 498 494 505 488 495 497 500 503 499 497 496 501 480 500 505 495 501 485 493 504 496 497 486 499 502 493 493 497 505 506 496 493
491 499 492 484 498 497 502 493 492 494 485 489 500 497 488 494 488 487 494 501 492 488 500 497 495 492 510 503 491 497 495 492 497 496 486 500 499 486 496 507 502 491 498 511 495 486 505 492 490 498 500 490 504 497 492 497 499 508 494 496 502 505 487 498 489 495 496 501 504 501 507 499 508 494 496 501 493 494 493 502 494 501 495 504 500 493 497 499 501 498 498 498 500 493 493 494 496 492 504 501
485 496 490 494 487 501 493 491 492 493 505 500 491 499 490 497 501 493 497 492 500 488 492 500 488 488 497 495 491 495 494 503 492 494 499 496 502 490 502 491 498 492 499 499 499 495 500 498 490 492 499 499 499 505 494 492 494 500 508 492 497 499 498 504 489 507 502 497 496 495 502 496 505 505 490 503 502 494 501 499 492 498 494 497 487 493 506 482 493 504 502 494 506 492 511 500 495 493 502 506
495 494 495 493 488 501 491 502 497 495 488 462 487 498 492 498 497 483 482 492 494 500 499 497 491 499 495 488 498 505 502 500 496 497 504 495 491 500 493 499 499 500 498 495 491 493 495 485 490 503 494 491 493 494 492 500 496 499 497 501 497 500 496 488 497 501 509 496 495 508 491 502 500 497 511 493 504 492 503 496 500 498 493 494 506 500 497 499 500 498 500 494 497 498 507 495 499 491 502 497
492 493 496 491 475 490 494 467 498 496 492 491 462 488 502 496 491 490 492 480 502 492 495 504 499 498 489 490 497 502 485 495 502 490 504 494 505 491 493 493 492 492 500 511 499 499 491 505 497 505 499 513 492 493 503 497 503 506 504 497 503 497 494 500 500 491 496 502 490 500 495 505 493 497 500 494 502 501 504 503 505 490 503 498 487 501 498 502 496 487 503 499 492 492 501 503 500 505 496 493
460 477 493 489 489 496 507 495 500 487 489 499 493 493 494 491 490 492 505 503 497 492 501 488 505 507 497 500 496 511 500 496 497 494 491 493 504 490 489 503 492 492 500 498 504 501 499 501 500 495 497 492 506 503 500 502 497 491 494 503 495 499 503 498 501 500 495 498 498 500 504 498 503 505 489 501 493 503 494 503 506 506 511 494 496 501 487 489 492 495 494 504 492 501 492 501 502 498 492 498
490 494 476 497 486 503 480 500 497 494 495 493 490 496 502 500 496 498 497 507 483 504 490 494 496 500 506 501 502 490 499 495 499 497 493 494 489 491 502 491 497 488 496 492 504 499 506 500 497 489 503 501 503 494 505 498 500 505 503 500 498 491 498 501 499 502 493 501 494 499 493 493 499 491 499 498 495 491 501 505 504 502 501 493 500 501 503 502 495 496 492 498 490 504 501 496 496 503 501 498
497 487 503 471 488 487 507 494 466 507 492 494 487 496 496 498 492 482 488 493 493 501 497 497 482 493 485 488 502 499 494 498 494 494 493 498 494 501 483 496 500 504 501 502 495 496 496 499 493 501 503 499 491 501 496 500 493 498 502 496 491 496 504 497 501 500 497 506 495 501 495 491 494 502 498 499 492 500 495 498 508 494 492 496 504 498 494 489 498 505 501 497 508 505 495 495 491 497 501 494
498 493 454 488 499 501 480 505 487 488 480 491 493 462 495 498 489 498 494 502 504 500 503 501 498 491 497 502 501 500 491 490 499 491 489 494 500 490 512 503 497 502 496 494 505 498 499 506 506 495 497 484 495 493 501 499 495 503 495 491 502 501 490 496 491 504 507 495 492 494 492 494 499 492 493 501 500 497 499 503 503 504 500 497 494 504 498 497 499 495 491 497 499 496 502 500 499 493 503 497
497 493 490 486 506 498 503 481 485 500 488 476 494 490 493 492 488 492 503 485 498 497 502 496 488 501 498 488 496 497 492 494 490 493 498 494 500 503 487 492 495 502 491 498 500 494 494 499 491 498 495 504 511 497 500 500 502 501 499 508 491 492 498 494 495 503 504 499 487 498 490 499 497 497 498 501 494 500 499 494 493 493 492 494 496 496 492 500 496 494 490 505 503 507 501 488 503 500 511 496
468 487 500 492 453 497 497 485 491 494 488 492 487 489 504 492 489 494 499 482 487 486 505 494 484 495 506 498 495 500 496 503 493 501 495 476 500 497 509 503 500 494 496 492 492 498 504 493 505 499 503 501 492 494 493 500 497 506 498 492 497 498 488 502 495 497 499 502 490 498 498 497 497 491 496 494 501 497 504 489 497 507 506 502 499 501 496 512 501 491 498 498 500 496 491 492 502 504 497 504
493 487 497 495 481 491 487 477 488 503 483 501 492 498 494 503 492 493 494 497 489 457 491 492 495 495 496 496 456 492 496 497 506 497 501 502 495 499 496 504 505 492 503 494 492 490 507 496 495 497 489 504 505 497 499 500 511 499 501 498 497 501 497 491 489 504 492 495 500 502 497 499 492 504 504 503 501 500 503 505 495 495 493 498 505 499 499 499 507 493 504 496 497 500 499 498 502 500 489 500
474 478 458 467 491 475 493 494 491 495 498 484 498 500 501 492 496 506 498 482 502 497 453 486 503 493 499 485 498 492 504 501 499 500 505 488 497 500 497 486 489 497 496 510 500 479 485 494 503 495 502 486 489 497 493 492 502 499 494 496 504 486 499 504 494 491 498 494 494 497 494 501 496 489 495 498 495 497 502 491 505 492 497 500 500 502 495 492 498 497 496 495 492 501 513 495 504 494 487 498
496 472 489 478 496 444 491 491 490 484 486 497 494 494 447 499 491 485 499 497 500 488 491 497 497 490 494 481 502 493 498 496 496 504 499 504 496 493 499 498 485 503 500 499 485 495 505 495 505 500 503 497 492 492 493 502 500 497 501 501 498 493 498 489 502 497 504 494 504 490 490 493 499 510 507 501 498 497 500 494 500 501 493 505 495 486 502 484 492 500 499 500 493 492 499 501 495 501 494 499
488 470 434 492 502 495 481 495 495 459 493 495 495 493 502 492 498 501 500 493 497 498 493 493 496 489 494 497 503 500 490 497 495 498 492 500 498 488 504 502 503 494 495 497 491 497 503 502 493 494 500 499 498 496 500 498 510 497 496 498 498 496 496 507 490 496 506 508 501 490 507 502 496 492 498 492 497 497 498 505 501 496 498 494 496 509 498 498 495 502 493 494 502 504 499 502 495 502 499 497
503 443 492 499 471 495 497 466 494 492 489 489 504 499 497 486 472 488 505 499 495 482 485 492 496 498 493 484 486 496 496 497 494 503 489 501 497 497 498 497 487 490 492 498 489 510 499 499 497 499 486 492 495 495 496 493 497 493 502 498 501 499 493 496 501 498 502 504 498 492 498 498 510 502 500 499 498 504 499 505 499 489 501 489 502 495 506 492 498 502 499 507 493 498 494 499 502 497 493 496
488 468 478 485 490 504 441 479 443 492 490 494 496 499 490 495 500 465 494 494 485 492 498 477 499 492 488 492 485 506 487 507 496 504 498 491 498 499 505 500 489 503 500 481 501 492 493 495 499 483 497 500 494 500 492 492 496 497 494 504 498 499 499 494 500 505 503 487 501 490 500 505 498 496 495 501 500 491 501 497 494 497 504 496 502 498 496 497 489 499 499 496 507 494 508 500 503 502 490 494
471 502 495 500 455 478 481 476 508 490 495 483 504 488 497 487 495 506 495 490 495 499 460 490 503 499 497 497 501 497 490 490 501 502 497 499 498 502 498 495 491 492 507 491 500 497 510 487 488 505 495 504 494 499 498 492 502 494 496 502 494 501 499 502 491 500 502 503 499 499 495 503 515 495 493 495 500 502 500 489 502 507 500 497 497 496 499 498 494 497 502 500 497 498 497 491 491 496 507 495
504 485 499 489 448 463 490 480 500 484 491 481 499 489 458 495 501 472 486 495 497 495 492 499 506 493 498 496 490 499 500 491 497 500 492 487 496 497 492 498 492 503 492 495 494 507 486 497 489 489 504 495 494 496 503 490 497 493 498 496 493 500 505 491 504 502 495 492 497 508 491 510 500 495 499 494 497 492 493 497 501 494 505 492 499 504 507 491 494 497 494 503 496 500 499 506 505 499 501 494
495 496 476 463 466 483 482 490 488 465 489 488 489 492 505 487 495 482 499 500 498 504 494 492 488 480 504 483 503 489 496 502 500 502 487 499 499 495 497 502 505 498 499 493 497 503 497 483 496 495 497 496 503 502 498 495 504 492 495 494 491 502 501 491 498 503 505 505 494 509 498 494 496 504 504 499 501 497 496 502 495 500 500 501 493 505 496 496 490 492 500 499 499 494 494 494 494 503 498 499
487 422 473 465 479 500 454 482 493 458 493 498 498 444 499 494 467 479 507 480 500 492 504 496 459 498 489 487 494 491 496 497 493 499 503 484 494 493 493 493 499 494 501 498 488 500 490 496 497 497 497 501 495 495 499 495 497 503 501 500 505 495 492 500 507 497 511 502 491 502 496 497 498 502 495 493 497 502 496 492 502 506 500 506 490 498 494 494 505 503 490 506 499 494 501 503 492 489 495 497
488 487 505 477 503 492 454 492 493 495 449 468 497 486 492 490 471 498 500 491 497 493 501 491 485 490 489 492 498 499 506 495 493 500 496 502 481 501 493 497 491 505 494 490 498 504 496 494 498 503 510 494 503 501 490 489 497 500 499 503 494 496 503 491 487 499 488 502 507 495 491 502 502 502 504 502 497 500 506 494 493 497 506 502 489 498 499 496 500 495 498 506 497 497 497 497 503 496 499 502
480 452 459 494 445 496 448 499 487 461 438 495 465 485 501 489 495 494 449 490 496 464 486 498 501 494 504 491 496 494 502 496 494 506 507 493 485 497 500 491 489 489 500 496 489 506 488 512 501 497 502 492 493 498 492 498 495 489 491 496 490 495 498 486 502 500 498 504 497 502 493 496 504 500 492 492 495 495 504 493 491 504 495 491 498 500 501 496 488 494 499 497 500 503 495 499 487 492 498 495
470 455 463 488 484 493 491 473 488 488 480 484 504 485 496 487 494 503 498 473 486 487 489 501 486 507 486 492 502 490 494 498 499 498 506 496 508 506 491 496 502 496 499 492 488 491 499 504 498 487 491 493 501 491 494 512 493 495 502 496 496 500 490 490 490 498 494 494 491 498 501 497 498 503 504 498 505 493 493 501 502 485 504 498 490 488 495 501 497 491 503 503 496 502 499 499 502 500 502 496
493 489 491 467 484 491 455 464 493 440 502 493 487 490 492 483 506 496 494 438 445 496 492 489 497 496 495 502 487 501 494 497 489 495 478 502 495 500 496 507 501 496 491 493 499 501 498 493 502 507 498 502 490 504 500 512 495 502 497 502 499 500 499 503 500 499 494 497 496 491 502 508 493 493 498 495 489 494 497 499 494 496 497 492 500 494 494 496 505 495 498 492 500 510 493 498 493 491 499 493
494 494 494 431 494 389 500 496 489 474 487 489 480 502 499 470 492 495 492 471 487 491 508 504 492 491 486 465 495 451 493 485 501 502 495 499 464 495 498 495 486 501 495 495 493 501 494 481 502 501 497 495 501 499 496 498 488 499 502 500 505 504 493 502 501 500 499 504 495 509 498 497 497 487 500 496 504 505 490 494 492 495 502 496 499 496 498 490 499 498 500 502 503 499 501 500 496 501 511 501
473 497 477 494 429 469 454 477 450 459 475 447 493 498 488 476 476 499 491 447 492 493 493 500 494 485 501 502 505 493 501 492 502 486 495 475 489 497 480 496 495 503 496 498 489 496 498 487 487 496 498 504 495 500 507 492 490 492 497 505 502 507 494 456 494 491 496 496 493 495 507 492 507 493 503 497 492 495 499 501 491 496 495 497 489 508 504 496 501 494 502 499 501 490 494 488 505 497 496 496
468 475 487 500 490 487 502 497 494 390 445 492 497 487 499 502 462 484 494 476 488 488 494 495 491 499 496 479 486 489 493 503 493 493 503 485 482 494 500 493 503 504 501 491 504 505 491 494 512 505 489 509 501 494 501 491 504 490 489 493 493 499 499 493 495 498 495 500 502 489 493 489 499 500 490 501 501 497 507 498 492 493 499 492 492 495 491 492 495 500 506 496 504 497 488 491 503 488 498 491
489 491 442 499 471 489 442 489 493 483 458 501 476 443 462 490 496 425 447 480 487 443 490 473 499 477 442 498 497 484 500 476 499 445 494 506 492 494 512 499 491 508 505 501 502 505 495 502 497 496 502 495 500 494 500 490 497 507 496 503 494 504 497 491 495 505 499 492 490 496 504 493 494 494 503 501 496 494 501 498 496 493 502 496 497 497 500 503 494 495 501 496 496 494 500 496 506 499 497 488
454 449 474 490 489 486 423 472 486 439 463 498 500 492 485 480 495 479 498 504 498 480 488 480 469 502 492 474 491 486 484 503 495 496 478 493 499 489 502 508 499 503 494 475 498 499 497 501 493 497 503 501 504 496 498 505 488 492 500 496 494 489 496 500 497 497 493 502 489 498 489 500 486 494 499 498 498 503 497 500 497 501 496 500 493 498 505 504 499 497 493 501 493 498 500 507 502 496 494 503
463 495 435 477 442 428 398 494 448 461 494 488 492 467 492 488 489 491 466 490 491 501 494 499 485 483 476 495 496 466 489 499 494 506 487 491 508 485 496 491 482 504 495 502 492 493 497 496 487 492 494 495 506 499 500 499 493 486 500 497 496 496 498 498 497 497 503 490 501 496 503 500 502 496 498 494 503 489 501 505 503 507 494 501 495 501 491 491 490 492 497 506 495 494 489 496 496 500 495 504
412 449 491 438 465 473 462 388 462 491 465 482 472 455 500 496 448 447 499 487 494 492 498 472 497 491 493 496 487 497 487 495 481 494 504 490 499 464 493 490 509 497 499 485 493 494 496 504 494 504 496 500 500 496 497 493 491 494 505 497 501 506 485 493 494 498 498 506 500 494 486 501 499 511 488 490 501 501 507 494 494 494 493 496 497 488 502 495 490 497 495 506 501 498 495 509 503 495 492 497
473 408 448 498 511 414 488 493 495 493 497 463 479 436 468 492 486 487 486 483 495 419 488 504 495 482 456 495 484 495 504 494 493 490 473 506 491 498 496 497 492 491 496 504 506 494 499 496 501 476 498 496 506 497 499 493 501 500 497 492 494 495 502 489 494 497 495 503 508 498 505 487 500 493 501 490 493 501 496 493 506 499 499 496 496 498 495 504 496 498 500 483 503 496 504 502 497 494 501 504
433 503 363 393 453 415 415 458 436 494 497 478 490 447 483 498 473 489 401 495 494 501 478 465 496 478 493 497 498 502 493 491 487 492 493 494 491 501 495 502 498 491 496 503 486 499 499 484 497 499 500 491 502 510 498 491 496 491 502 485 494 493 491 493 492 491 502 492 497 509 497 493 495 496 496 497 489 501 495 506 499 495 503 498 497 486 501 490 497 494 498 503 496 497 500 497 503 505 499 498
476 496 493 463 458 483 464 423 421 495 488 478 420 502 496 432 497 499 491 496 452 440 506 498 486 498 500 490 487 495 479 505 457 468 509 489 485 444 497 479 491 490 501 497 495 499 480 508 495 494 505 495 501 499 491 500 497 500 499 499 497 490 495 500 487 489 500 497 501 497 499 489 509 505 494 497 492 503 504 500 501 494 495 495 497 494 500 501 501 499 506 506 500 494 504 502 500 508 507 504
445 423 468 440 486 490 493 468 441 477 445 359 488 490 456 489 501 429 496 491 497 471 474 484 443 498 498 461 502 495 494 483 492 492 482 462 498 486 494 494 486 504 498 487 500 496 497 495 495 494 497 487 496 503 497 507 480 497 499 488 491 487 502 501 492 494 499 496 502 487 497 500 504 501 498 496 486 498 494 494 496 496 502 497 485 494 497 499 503 497 499 502 497 494 488 493 508 481 498 500
430 497 506 461 479 475 439 475 434 458 481 459 478 501 483 467 455 481 494 463 458 477 409 495 506 445 486 492 479 494 483 479 499 497 485 495 508 500 504 498 504 484 478 493 490 494 489 489 502 487 499 495 499 504 499 506 504 496 507 511 499 497 503 487 496 500 497 492 501 503 492 493 498 496 495 499 496 511 496 503 493 494 504 495 497 504 494 502 499 498 496 488 501 504 494 491 491 503 506 494
484 398 466 432 434 463 490 473 490 484 469 488 482 423 485 488 475 491 480 464 496 491 486 501 500 474 471 487 477 489 474 432 496 500 490 494 494 503 494 499 486 500 492 500 501 496 501 490 495 444 497 499 503 496 491 492 489 501 488 499 501 497 501 502 502 498 486 496 491 504 498 497 485 494 497 497 497 498 495 490 488 495 500 496 501 498 506 493 486 501 498 499 504 493 490 492 498 494 498 496
465 458 489 450 491 464 462 458 446 445 481 471 475 481 467 494 499 415 495 455 461 486 405 482 489 470 493 440 506 450 489 488 502 465 492 496 489 493 459 481 491 453 495 488 491 498 488 506 501 496 500 484 428 500 492 493 490 497 504 496 509 495 492 503 492 493 506 493 501 500 493 506 494 493 489 496 499 501 492 495 496 486 494 508 498 500 497 500 506 502 505 498 503 496 497 493 491 494 497 502
481 471 469 468 486 493 470 461 448 479 442 479 491 412 397 434 432 461 445 477 490 417 419 487 489 482 449 454 484 504 478 489 480 428 496 484 492 489 496 501 495 488 490 495 498 499 495 488 488 502 498 494 499 491 496 494 492 491 498 494 500 502 497 501 493 503 507 495 485 504 488 502 503 497 504 495 501 504 498 500 496 493 498 504 498 489 509 493 503 491 496 495 490 502 493 495 494 506 494 493
433 455 470 456 409 494 403 486 483 466 493 493 410 493 490 474 481 492 459 493 487 494 472 490 499 503 499 492 471 493 432 490 487 501 499 479 492 482 489 492 489 495 491 499 456 502 491 462 496 499 504 500 496 502 494 503 487 507 503 493 492 489 495 507 498 495 498 499 490 498 499 497 493 494 501 494 495 491 496 501 498 500 503 500 489 490 497 500 501 496 506 501 491 495 499 497 495 497 501 498
445 449 381 452 384 483 450 397 483 492 468 493 433 431 451 475 493 496 498 457 504 475 460 486 440 489 495 486 495 487 495 462 492 501 492 490 495 504 491 498 489 497 499 492 500 493 495 496 496 498 494 498 493 499 498 493 501 491 491 494 497 479 500 500 500 492 498 496 495 499 498 504 491 497 502 499 501 495 496 490 502 490 490 499 502 498 496 496 494 486 510 493 508 505 498 494 497 500 497 498
483 416 351 422 413 389 374 454 402 470 444 478 453 484 492 481 405 481 480 455 491 480 493 500 486 497 487 480 487 492 456 486 501 470 474 499 489 480 497 484 413 486 489 505 504 494 458 497 496 497 499 498 496 490 480 500 499 501 498 493 507 492 495 503 505 491 508 499 499 493 494 510 504 503 501 501 500 501 492 496 497 506 496 503 496 498 488 497 492 494 484 488 494 496 501 498 505 499 494 500
374 398 458 426 492 480 460 408 475 400 488 451 482 401 419 493 474 450 452 432 509 487 493 446 486 496 481 464 488 487 471 490 476 451 485 489 494 444 491 496 495 493 491 502 504 499 498 505 499 498 498 500 503 497 485 500 495 488 487 493 503 496 484 497 477 495 490 499 501 495 502 498 496 497 502 487 496 499 500 492 494 497 497 508 502 495 494 494 498 504 491 502 492 495 497 497 499 488 496 486
425 503 410 452 429 472 457 443 388 429 468 465 448 488 490 474 462 496 460 482 460 439 471 414 493 500 454 489 499 476 484 482 462 496 445 492 502 486 489 449 484 490 501 479 500 491 485 487 489 490 482 504 485 482 497 488 486 497 486 500 496 482 495 495 495 495 496 497 506 503 485 498 497 490 502 496 486 495 501 495 495 502 500 502 495 492 490 493 493 492 508 491 500 505 498 499 500 508 494 499
485 437 451 385 428 468 424 438 478 487 444 426 422 471 395 441 444 492 464 416 482 442 474 493 465 489 486 491 431 487 495 491 490 484 504 492 471 494 494 493 493 507 483 496 494 461 488 491 506 505 499 490 505 512 499 497 499 497 493 507 499 498 498 502 502 479 507 495 489 498 489 499 499 497 493 492 506 501 496 490 501 495 504 500 495 490 505 491 503 498 502 499 494 493 499 491 503 508 490 501
375 453 451 438 401 465 463 436 412 479 380 492 429 438 463 432 461 485 425 444 461 486 483 485 496 491 468 483 477 499 499 485 492 502 500 457 499 498 504 483 493 496 499 452 494 487 494 485 477 497 478 494 459 490 500 487 487 501 494 488 510 494 504 489 492 490 499 496 500 502 481 498 493 502 496 501 487 487 495 501 505 496 492 508 496 496 494 501 504 501 500 503 481 497 503 488 503 497 502 501
364 378 455 335 414 452 451 387 490 475 448 478 414 391 454 431 497 480 483 440 462 473 489 489 486 439 470 490 499 457 468 480 482 500 497 498 477 485 499 501 499 484 486 496 489 474 447 501 496 481 495 486 500 488 495 502 489 496 482 503 507 493 500 494 491 505 496 502 493 496 490 498 498 500 493 494 501 501 496 496 492 506 501 493 497 501 495 497 497 496 502 496 497 500 487 494 493 493 492 488
408 467 455 490 442 370 474 408 412 467 451 490 433 454 442 456 455 461 462 473 473 483 501 473 484 469 469 476 494 470 414 474 475 467 491 504 494 412 471 485 504 491 488 484 504 496 490 490 440 498 488 500 505 492 500 494 469 495 490 500 491 470 497 491 504 508 486 496 495 490 493 500 491 497 501 479 494 495 503 495 488 502 503 495 492 486 492 498 499 497 493 495 495 493 502 505 502 501 501 499
402 470 449 379 337 442 436 485 461 488 430 426 412 433 483 440 465 473 463 434 404 463 480 472 488 492 463 456 493 464 473 482 479 495 490 472 496 494 486 476 502 427 437 491 491 492 497 458 493 491 493 474 498 494 500 497 491 484 489 491 496 493 504 499 505 486 501 507 497 484 497 497 503 493 499 505 493 499 505 500 493 500 499 493 495 502 507 501 496 496 504 492 499 501 505 495 497 499 504 507
404 325 481 487 446 373 466 456 439 428 412 447 486 430 464 462 464 458 422 354 440 468 482 495 457 449 494 485 488 445 490 490 484 498 470 495 455 485 447 493 473 490 484 479 499 491 492 502 487 463 497 479 477 496 493 486 495 493 495 486 497 494 480 500 496 506 497 498 501 493 501 498 502 506 498 491 493 499 505 490 484 492 507 498 494 501 503 499 497 492 495 502 499 505 499 494 490 491 488 500
277 412 426 357 427 381 428 369 423 401 441 338 361 398 417 432 405 490 486 488 493 431 485 499 479 493 398 475 494 491 494 506 427 494 438 505 479 468 498 472 492 493 490 486 491 503 485 499 497 487 490 492 489 491 510 471 501 500 502 496 496 499 507 497 506 507 486 493 506 502 494 490 493 498 488 489 494 493 497 500 495 500 499 502 497 492 499 495 494 492 502 499 493 495 494 495 498 488 501 494
414 399 361 417 476 419 469 402 469 409 324 420 447 445 461 415 387 464 499 458 457 469 445 440 462 477 442 450 440 447 451 469 480 497 500 486 492 487 469 450 503 482 498 502 492 495 493 503 492 496 491 491 493 503 496 493 495 495 495 499 499 503 492 479 491 503 493 494 500 502 496 490 497 491 498 501 496 492 507 493 504 490 493 497 499 494 494 498 499 506 503 499 497 497 495 499 496 485 493 496
401 380 470 453 428 406 408 453 452 352 356 444 437 420 493 379 397 492 441 443 457 478 482 495 465 496 457 488 441 436 471 488 491 495 495 495 470 485 479 488 468 449 492 483 496 498 474 490 498 491 507 487 497 502 463 501 489 491 486 499 496 502 498 471 503 495 502 493 499 499 490 504 490 499 498 493 493 491 498 498 502 510 498 498 494 491 494 502 488 490 490 503 496 486 497 484 498 493 490 487
425 408 393 410 436 471 442 452 474 405 443 424 459 410 379 452 451 452 462 451 454 435 442 462 502 431 439 436 487 433 473 498 412 477 449 433 466 448 494 491 435 493 490 472 507 492 493 475 491 504 495 495 499 490 441 492 498 495 467 495 479 502 486 494 482 492 499 501 492 504 488 485 493 502 491 502 494 499 485 491 502 493 491 502 492 498 491 504 488 500 500 502 508 493 497 497 496 491 495 492
361 481 433 401 337 405 468 422 487 426 449 394 421 438 390 423 307 453 385 366 447 434 453 445 457 469 477 431 479 452 494 482 496 494 464 470 459 496 427 500 443 487 490 500 492 496 471 486 497 481 490 489 484 485 495 492 504 493 491 496 444 505 493 489 496 501 498 503 492 487 493 496 487 502 500 487 506 470 502 502 490 490 498 493 497 491 502 490 502 492 490 498 495 499 501 488 490 502 495 498
387 332 410 472 415 404 447 359 449 384 362 396 434 418 462 316 432 377 439 478 467 432 463 453 497 376 442 494 471 492 337 394 452 499 489 481 490 486 472 436 470 491 490 486 495 434 499 457 495 494 494 491 493 499 490 499 491 488 471 484 485 489 484 500 510 497 471 506 499 490 490 503 490 493 494 501 495 493 492 500 504 502 493 478 493 503 497 486 497 492 492 501 486 504 500 493 499 495 505 498
343 315 412 344 388 369 358 393 466 432 398 336 446 378 428 358 414 484 490 452 490 434 403 485 439 478 459 475 448 443 488 436 487 490 487 489 486 492 434 481 501 447 442 489 485 477 488 490 493 486 490 465 427 499 496 491 505 494 502 482 449 488 498 493 501 499 479 489 487 496 502 505 492 498 486 493 506 486 494 494 494 495 500 497 493 500 498 504 493 498 506 489 492 492 493 492 492 483 491 495
316 388 415 356 403 417 363 341 417 469 450 376 367 394 462 483 403 400 445 430 464 486 418 414 412 466 489 427 476 445 495 460 484 470 487 443 443 488 445 495 463 432 496 488 493 466 485 483 471 498 501 496 497 482 496 490 499 503 494 487 488 493 491 498 500 488 503 461 487 494 487 504 492 496 491 489 478 502 491 500 491 494 499 497 455 501 496 500 500 495 489 504 482 499 490 495 490 482 495 495
348 436 310 415 394 344 297 378 468 418 301 389 391 431 448 380 360 429 479 319 439 429 414 442 476 462 452 358 466 485 427 480 441 490 433 487 478 493 494 482 478 452 482 498 500 495 421 464 452 439 489 494 483 497 490 489 437 492 491 495 468 498 485 494 497 446 498 497 495 473 459 494 491 499 492 496 499 490 500 492 493 495 497 499 490 491 497 481 493 499 500 482 489 482 487 502 495 499 494 493
379 248 383 375 334 376 336 406 401 398 298 350 427 403 439 451 409 422 352 323 480 501 437 472 452 453 487 485 466 436 485 461 451 446 501 473 431 494 480 483 486 499 488 496 498 447 489 493 454 491 459 498 440 490 478 499 487 495 495 493 480 482 493 501 501 495 477 484 480 493 484 491 490 496 494 495 440 493 480 499 495 500 498 505 498 474 491 498 493 502 486 496 487 498 485 493 497 500 497 497
317 314 268 366 394 284 384 385 307 378 438 421 344 409 368 415 374 445 431 486 399 456 388 465 454 425 483 458 473 413 485 430 449 473 439 402 489 461 491 491 447 490 481 473 503 497 490 483 443 413 492 489 499 454 466 491 445 487 504 492 482 492 491 472 460 499 502 500 496 499 490 497 490 502 489 486 488 490 497 503 486 505 495 493 491 491 488 492 489 493 495 487 496 503 497 496 488 501 492 483
309 308 298 424 406 433 341 334 432 346 412 332 350 458 331 363 450 474 481 379 423 450 374 436 428 399 405 325 493 466 410 437 447 431 487 475 395 431 501 470 495 482 480 496 485 500 474 387 495 497 491 508 493 485 488 498 484 499 487 493 482 485 488 487 488 478 454 503 499 495 491 487 503 499 493 494 487 494 499 492 497 494 494 503 498 495 502 492 484 495 490 496 484 504 500 497 498 495 491 495
329 322 365 361 316 365 315 447 384 381 233 409 400 473 405 365 337 435 370 371 366 445 457 416 411 483 452 490 344 411 470 407 425 447 419 391 478 477 407 482 441 422 443 453 445 462 494 487 499 472 493 482 495 462 489 490 483 495 503 468 492 469 483 495 493 500 496 497 495 496 490 496 495 493 492 491 500 503 493 493 492 496 496 496 499 506 491 489 497 496 504 485 497 494 493 494 484 503 497 492
421 331 258 340 325 331 391 378 386 400 431 440 334 440 407 375 407 367 436 384 461 459 504 416 406 490 392 459 442 445 444 469 407 409 426 445 393 454 489 444 492 477 435 492 478 493 412 460 502 497 494 489 472 497 491 497 481 485 453 474 506 493 439 480 487 481 496 496 503 470 497 492 493 492 495 498 489 487 489 501 496 502 493 488 504 498 494 490 506 490 495 490 498 488 505 486 499 501 486 498
351 306 272 308 366 390 365 335 368 267 312 369 338 465 393 397 398 406 378 377 449 445 445 388 420 364 462 486 373 407 414 443 440 448 458 441 450 443 476 452 391 464 471 477 492 484 484 437 496 487 479 493 486 489 480 462 463 447 486 493 496 475 474 496 495 500 489 469 504 482 488 492 493 497 494 498 497 495 504 505 483 499 493 485 487 498 489 488 498 505 498 490 503 499 500 496 487 496 483 489
308 358 317 406 400 406 327 436 342 297 300 382 305 469 292 381 330 398 362 373 359 463 433 430 444 426 450 385 319 466 433 451 431 470 443 445 484 483 391 430 480 494 486 483 473 487 458 449 485 483 486 503 488 469 450 505 412 468 470 496 491 492 492 501 487 467 478 467 475 486 494 495 496 496 470 490 496 495 484 505 497 463 497 505 492 495 496 493 487 495 495 492 495 493 488 490 490 483 502 486
436 307 339 357 345 327 446 348 315 385 392 436 414 346 477 412 318 450 384 361 470 417 440 402 419 380 434 403 450 450 470 426 483 433 458 378 477 447 427 432 471 491 435 425 487 422 482 498 394 475 460 502 507 489 489 500 478 497 459 492 491 483 494 489 477 489 493 493 490 483 503 485 484 476 489 494 495 505 490 497 492 487 503 493 497 487 465 486 494 488 495 497 490 479 501 493 494 497 493 486
320 329 321 289 422 378 314 257 355 251 351 272 362 396 415 332 399 305 398 465 363 446 422 386 387 466 466 472 484 410 481 465 333 422 414 427 465 488 459 405 472 493 439 426 484 450 492 499 483 441 489 452 499 453 473 440 462 493 487 491 463 490 496 485 486 451 501 457 491 496 477 491 490 502 492 497 459 489 490 494 498 489 492 493 499 497 482 489 496 500 479 484 494 496 497 495 489 489 496 505
276 309 313 275 222 327 334 415 318 335 326 266 361 272 310 317 480 423 391 384 374 410 428 409 442 469 346 448 484 416 422 385 413 416 453 495 486 439 422 398 419 449 391 415 477 489 486 464 493 490 481 493 499 425 445 492 476 493 492 451 490 491 483 446 480 474 500 488 490 432 488 507 496 501 482 495 490 499 499 489 489 489 496 490 492 490 484 499 492 476 489 489 485 487 486 490 479 499 495 499
278 281 379 351 314 275 370 388 310 248 437 324 384 363 340 365 339 433 418 313 417 409 371 443 390 448 432 431 384 482 410 419 465 430 459 473 479 432 479 496 479 400 453 406 448 458 489 447 480 480 459 440 455 489 457 496 467 505 471 485 487 494 478 485 485 482 479 496 489 492 483 493 492 501 476 484 497 495 495 496 492 492 492 495 493 498 500 464 484 495 489 490 488 498 491 466 501 498 496 493
314 291 311 306 267 284 414 303 285 350 413 356 390 321 386 379 427 394 374 366 387 464 418 425 387 442 457 430 388 428 447 369 440 393 437 464 431 481 402 450 458 423 440 446 437 426 479 483 485 455 484 451 482 437 481 473 462 493 495 476 404 500 488 479 479 488 499 478 496 482 501 493 493 496 492 450 493 483 494 484 481 499 488 486 471 498 449 498 491 500 498 490 486 500 483 472 506 493 498 502
374 216 374 386 319 280 326 337 377 359 365 346 387 310 384 369 408 349 275 243 323 445 377 342 405 350 446 311 454 393 350 424 393 449 412 484 481 434 357 454 485 408 377 469 477 481 445 451 458 488 485 478 464 480 485 482 480 459 493 491 494 487 494 495 432 441 485 396 495 496 486 493 497 497 440 498 451 504 487 489 494 499 501 501 502 490 494 494 491 492 492 494 492 494 495 487 487 464 486 497
314 248 292 241 429 282 403 427 391 302 335 307 365 323 352 369 276 425 396 343 362 443 318 386 429 403 442 469 325 365 439 370 358 474 448 364 462 469 489 360 385 474 446 398 463 494 411 468 495 495 428 453 497 493 459 498 487 482 480 458 493 464 455 504 502 447 467 494 433 495 487 505 483 494 501 489 442 471 505 491 500 456 486 494 495 490 501 488 484 492 448 498 496 501 501 483 498 502 504 485
282 300 286 260 287 318 437 365 321 382 303 347 346 306 352 366 392 311 435 410 407 361 407 408 481 434 431 434 417 424 349 419 429 484 489 473 469 420 443 409 481 397 486 487 439 445 434 439 380 487 455 459 475 469 441 439 471 489 470 454 488 503 463 460 489 487 407 493 480 481 498 443 485 493 442 497 494 492 492 478 488 480 483 500 479 494 460 447 495 498 497 491 496 493 489 489 491 487 478 502
200 345 289 269 329 364 308 321 354 333 367 383 381 411 287 370 369 425 392 299 394 346 336 436 374 418 369 412 452 402 401 394 417 386 362 412 406 473 488 427 414 432 441 430 490 485 362 414 443 464 491 474 474 473 494 450 428 485 490 494 487 437 451 449 483 469 477 467 483 486 494 480 474 480 493 502 489 486 491 497 496 451 482 501 496 495 491 496 496 481 496 482 500 483 496 494 502 489 496 499
254 174 243 309 272 287 283 212 299 273 291 419 399 330 325 366 398 442 412 320 249 302 340 418 472 377 434 353 372 361 368 412 440 441 407 409 393 449 435 475 400 356 404 442 502 404 424 473 402 435 431 465 486 471 435 428 444 460 470 420 423 452 463 490 490 488 496 449 488 436 446 486 433 482 483 484 460 483 494 482 495 493 490 483 478 495 485 488 474 488 494 482 499 498 506 489 494 489 489 495
212 353 277 315 313 265 252 295 370 272 379 336 322 260 316 367 375 337 405 367 390 337 227 429 355 347 360 400 332 441 387 444 399 449 384 448 379 395 389 438 431 454 410 364 435 427 335 387 490 413 442 438 443 477 441 405 484 459 459 485 406 397 455 489 479 456 494 478 485 487 495 490 490 485 482 474 490 488 462 491 494 486 465 492 485 493 491 494 481 498 496 503 480 502 484 497 485 484 488 502
277 200 183 328 351 276 365 279 272 253 385 393 312 385 310 310 379 381 361 298 417 342 408 348 398 413 351 359 283 417 382 437 305 458 467 458 425 399 395 471 424 447 475 452 429 448 432 449 472 439 379 497 402 488 473 487 498 444 478 486 493 469 447 491 493 493 487 464 490 426 489 490 508 485 497 472 493 440 496 457 490 494 487 490 490 472 486 497 481 482 485 495 497 484 494 487 493 488 480 470
311 232 219 323 256 256 330 290 332 205 318 299 433 313 283 310 347 347 323 274 320 379 409 374 356 376 463 348 317 360 442 404 393 461 373 402 420 397 442 478 419 438 465 444 476 429 432 488 429 334 473 502 459 388 469 476 486 477 462 485 475 488 506 439 481 494 479 487 498 486 502 486 476 497 492 489 499 455 488 481 490 464 508 494 482 485 497 494 495 485 488 490 494 478 477 504 494 487 489 483
201 340 281 187 225 227 284 202 323 287 324 406 255 326 331 330 350 387 301 247 307 458 297 337 338 402 340 402 441 477 420 329 305 420 428 365 385 450 487 328 372 393 381 429 454 420 470 432 469 400 455 391 417 468 477 486 450 484 460 413 489 457 440 483 440 420 456 508 441 487 489 451 449 454 491 474 492 492 456 480 492 490 502 501 514 487 485 498 470 505 479 492 484 483 483 479 491 481 484 493
162 238 216 279 228 347 329 235 230 297 142 229 220 302 367 334 383 229 368 252 414 341 341 357 425 281 379 434 361 355 400 425 411 401 429 383 351 384 417 424 415 400 461 445 451 457 365 434 427 471 396 359 470 467 459 453 451 502 452 466 489 484 479 489 469 493 462 493 497 442 457 493 498 488 483 474 479 494 502 488 493 483 501 490 481 499 493 490 441 495 492 493 493 490 484 500 481 459 490 488
271 297 194 227 296 272 301 274 339 186 296 284 263 320 312 349 328 349 369 220 397 283 358 300 389 355 396 445 423 397 359 424 382 358 443 381 366 408 409 408 433 423 451 437 399 425 465 485 448 495 452 454 454 315 491 374 448 477 431 426 476 479 461 469 440 483 485 497 494 483 449 481 479 483 429 492 491 477 486 488 468 498 491 471 464 496 493 487 474 486 466 505 487 494 478 491 492 491 473 489
285 265 270 222 265 332 320 209 270 249 354 353 356 350 276 381 417 199 294 314 401 352 369 250 293 316 368 443 224 434 422 436 386 420 412 366 432 365 341 428 461 419 360 419 431 357 456 459 478 473 382 420 348 461 446 408 488 440 353 460 401 453 497 459 482 485 434 469 459 445 492 480 482 470 492 484 473 484 493 492 458 488 496 482 486 487 486 477 478 486 474 495 495 493 483 484 479 496 459 480
249 233 277 311 260 133 169 258 189 235 259 304 220 316 341 331 270 307 235 282 250 313 321 375 368 349 435 428 287 389 470 396 432 325 296 379 455 341 394 423 443 404 473 374 444 441 454 473 390 468 403 440 433 453 467 486 476 444 489 455 411 495 448 499 478 452 485 484 493 488 490 460 476 493 467 487 447 478 488 480 441 492 457 490 483 481 452 462 491 485 490 462 476 475 478 489 493 487 481 484
305 242 315 240 238 211 219 235 225 200 285 201 297 213 250 296 301 300 294 346 268 345 340 424 263 438 347 361 306 296 302 426 372 388 347 484 445 387 468 413 409 337 418 484 421 349 460 423 392 415 443 481 457 498 472 446 483 465 409 512 491 324 484 471 495 431 489 472 497 435 485 490 409 450 465 483 456 442 469 453 481 475 494 492 459 488 472 491 475 494 489 491 490 491 486 486 421 475 490 482
256 259 313 250 202 158 275 236 252 179 246 273 293 237 233 335 279 274 282 180 315 278 331 328 259 303 310 369 297 439 364 361 400 434 471 380 401 329 312 375 291 424 415 372 431 313 431 389 463 441 435 430 421 403 484 443 377 439 441 484 468 464 476 420 469 480 410 467 478 466 481 478 480 476 484 477 482 484 460 473 457 484 473 489 482 482 452 482 484 486 472 476 478 474 492 481 485 477 483 485
247 180 280 251 183 157 191 286 238 220 270 284 298 313 191 246 250 246 313 343 427 274 393 427 318 343 272 244 356 452 444 391 339 435 391 371 398 344 381 388 388 402 357 382 384 369 391 474 391 424 467 432 444 495 461 421 432 452 407 489 431 474 477 402 450 493 497 461 471 480 447 451 490 458 493 492 475 487 483 441 469 476 478 495 466 477 477 494 484 479 463 487 482 494 481 478 465 479 481 458
229 152 151 225 196 175 298 242 236 256 276 311 261 238 323 270 278 301 268 326 202 235 352 317 283 295 366 452 351 349 422 310 332 338 404 313 383 329 400 377 385 452 309 429 407 376 395 261 445 458 366 411 434 428 474 350 474 308 487 419 474 466 483 462 452 474 414 406 435 453 467 475 474 466 477 449 473 462 498 485 488 488 494 474 462 487 486 446 475 481 483 477 483 459 474 468 476 454 489 480
91 182 138 233 254 194 145 215 230 252 211 189 314 265 242 151 173 264 208 250 215 290 333 288 346 225 299 347 380 376 392 345 251 296 345 275 415 289 344 412 304 354 486 420 398 424 409 430 282 427 391 396 402 443 470 420 449 455 420 477 463 427 402 446 434 328 421 449 454 472 419 456 448 471 478 444 487 477 387 473 474 428 472 468 447 487 458 478 468 476 458 465 469 462 465 468 449 473 484 473
120 155 223 246 192 197 174 202 197 277 199 300 262 250 360 253 289 241 222 307 331 290 291 292 365 286 255 391 310 383 344 376 314 364 402 419 318 352 424 332 302 437 309 381 398 405 394 392 407 421 448 455 421 443 429 415 377 459 461 436 404 495 444 469 436 484 431 464 439 403 438 462 433 469 470 394 471 484 477 477 461 480 461 476 451 493 460 491 464 479 479 470 492 451 469 481 480 470 472 490
208 183 222 226 163 237 262 266 278 153 263 263 210 240 238 283 227 303 319 301 248 317 230 281 311 352 291 306 330 318 312 321 315 329 305 305 387 221 363 387 286 429 366 356 363 359 412 466 427 397 368 389 368 376 412 435 430 421 411 420 415 448 414 457 424 426 448 440 428 406 460 471 439 482 454 457 351 444 464 469 472 449 395 465 467 470 479 456 455 437 468 473 477 486 474 476 480 434 469 481
148 201 215 199 213 148 149 193 225 214 238 150 193 146 198 289 280 227 319 325 302 348 272 291 304 306 415 261 299 233 252 294 288 284 349 356 372 367 330 388 328 340 360 409 358 449 378 447 382 366 434 370 387 293 431 451 459 373 397 436 447 392 463 465 466 412 392 460 466 441 423 444 431 489 478 446 442 480 471 443 473 443 452 455 413 487 487 473 476 438 461 474 458 450 424 458 465 455 466 472
