0.95 0.95 0.98 0.96 0.96 0.95 0.97 0.99 0.95 0.97 0.98 0.98 0.98 0.99 0.99 0.99 0.99 0.99 0.99 0.99 0.96 0.99 0.99 0.99 0.99 0.99 0.99 0.99 0.99 0.98 0.99 0.99 0.97 0.99 0.98 0.99 0.99 0.99 0.99 0.99 0.98 0.99 0.99 0.99 0.97 0.99 0.99 0.98 0.99 0.99 0.99 0.99 0.99 1.00 0.99 0.99 0.99 0.99 0.99 0.99 0.99 0.99 0.99 0.99 0.99 0.99 0.99 0.99 0.99 0.99 0.99 0.99 0.99 0.99 0.99 0.99 0.99 0.99 1.00 0.99 1.00 0.99 0.99 0.99 0.99 0.99 1.00 0.99 0.99 0.99 0.99 0.99 1.00 0.99 0.99 1.00 0.99 0.99 0.99 0.99
0.96 0.91 0.98 0.98 0.99 0.97 0.99 0.98 0.96 0.97 0.99 0.97 0.99 0.98 0.98 0.99 0.99 0.99 0.99 0.96 0.99 0.98 0.98 0.99 0.98 0.99 0.99 0.98 0.99 0.99 0.94 0.98 0.99 1.00 0.99 0.99 0.99 0.99 0.99 0.99 0.99 0.99 0.99 0.99 0.99 0.99 0.99 0.99 0.99 0.99 0.99 0.99 0.99 0.99 0.99 0.99 0.99 0.99 0.99 0.99 0.99 0.99 0.99 0.99 0.99 0.99 0.99 0.99 0.99 0.99 0.99 0.99 0.99 0.99 0.99 0.97 0.99 0.99 0.99 0.99 0.99 0.99 0.99 0.99 0.99 0.99 1.00 0.99 0.99 0.99 0.99 0.99 0.99 0.99 1.00 0.99 1.00 0.99 0.99 0.99
0.94 0.96 0.91 0.97 0.96 0.98 0.98 0.98 0.98 0.97 0.98 0.95 0.98 0.97 0.99 0.98 0.99 0.98 0.98 0.97 0.99 0.99 0.99 0.98 0.99 0.99 0.99 0.99 0.99 0.99 0.99 0.96 0.98 0.99 0.99 0.98 0.99 0.99 0.99 0.99 0.99 0.99 0.99 0.99 0.99 0.99 0.99 0.99 0.99 0.99 1.00 0.99 0.99 0.99 1.00 0.99 0.99 0.99 0.99 0.99 0.99 0.99 1.00 0.99 0.99 1.00 0.99 0.99 1.00 0.99 0.99 0.99 1.00 0.99 0.99 0.99 0.99 0.99 0.99 0.99 0.99 0.99 0.99 0.99 0.99 0.99 1.00 0.99 0.99 0.99 0.99 0.99 0.99 0.99 0.99 0.99 0.99 0.99 0.99 0.99
0.87 0.98 0.95 0.95 0.96 0.98 0.97 0.98 0.97 0.97 0.99 0.99 0.99 0.98 0.98 0.99 0.99 0.99 0.96 0.97 0.99 0.98 0.99 0.99 0.99 0.99 0.98 0.99 0.98 0.98 0.99 0.98 0.99 0.99 0.99 0.98 0.99 0.99 0.99 0.99 0.99 0.99 0.99 0.99 0.96 0.99 0.99 0.99 0.99 0.99 0.99 0.99 0.98 0.99 0.99 0.99 0.99 0.99 0.99 0.99 0.99 0.99 0.99 0.99 0.99 0.99 0.99 0.99 0.99 0.99 1.00 0.99 0.99 0.99 0.99 0.99 0.99 0.99 0.99 0.99 0.99 0.99 0.99 0.99 0.99 0.99 0.99 1.00 0.99 0.99 0.99 0.99 0.99 0.99 0.99 0.99 0.99 0.99 0.99 1.00
0.96 0.95 0.97 0.98 0.98 0.97 0.97 0.98 0.98 0.96 0.99 0.98 0.98 0.98 0.97 0.98 0.99 0.97 0.96 0.98 0.98 0.99 0.98 0.99 0.99 0.99 0.98 0.99 0.99 0.99 0.98 0.98 0.99 0.99 0.99 0.98 0.99 0.99 0.99 0.99 0.99 0.99 0.99 0.99 0.99 0.99 0.99 0.99 0.99 0.99 0.99 0.99 0.99 0.99 0.99 0.99 0.99 0.99 0.99 0.99 0.99 0.99 0.99 0.99 0.99 0.99 1.00 0.99 1.00 0.99 0.99 0.99 0.99 0.99 0.99 0.99 0.99 0.99 0.99 0.99 0.99 0.99 0.99 0.99 1.00 0.99 0.99 0.99 0.99 0.99 0.99 0.99 1.00 0.99 0.99 0.99 0.99 0.99 0.99 0.99
0.86 0.93 0.97 0.90 0.98 0.98 0.98 0.97 0.98 0.98 0.98 0.98 0.99 0.99 0.98 0.98 0.96 0.98 0.95 0.99 0.98 0.99 0.99 0.99 0.99 0.99 0.99 0.99 0.99 0.99 0.99 0.99 0.99 0.99 0.99 0.99 0.99 0.99 0.99 0.99 0.98 0.99 0.99 0.99 0.99 0.99 0.99 0.99 0.99 0.99 0.99 0.99 1.00 0.99 0.99 0.99 0.99 0.99 0.99 0.99 0.98 0.99 0.99 0.99 0.99 0.99 0.99 0.99 0.99 0.99 0.99 0.99 0.99 0.99 0.99 0.99 0.99 0.99 0.99 0.99 0.99 0.99 0.99 0.99 0.99 0.99 0.99 0.99 0.99 0.99 0.99 0.99 0.99 0.99 0.99 0.99 0.99 0.99 0.99 0.99
0.93 0.97 0.98 0.99 0.92 0.96 0.94 0.98 0.97 0.96 0.98 0.99 0.99 0.97 0.97 0.92 0.97 0.99 0.99 0.99 0.98 0.97 0.99 0.99 0.98 0.99 0.99 0.99 0.98 0.99 0.99 0.99 0.99 0.99 0.99 0.99 0.99 0.99 0.99 0.99 0.99 0.99 0.99 0.99 0.99 0.99 0.99 0.99 0.99 0.99 0.99 0.99 0.99 0.99 0.99 0.99 0.99 0.99 0.99 0.99 0.99 0.99 0.99 0.99 0.99 0.99 0.99 0.99 0.99 0.99 0.99 0.99 0.99 0.99 0.99 1.00 0.99 0.99 0.99 1.00 0.99 0.99 0.99 0.99 1.00 0.99 0.99 0.99 0.99 0.99 0.99 0.99 0.99 0.99 0.99 0.99 0.99 0.99 0.99 0.99
0.96 0.96 0.98 0.97 0.97 0.96 0.96 0.98 0.96 0.99 0.98 0.99 0.97 0.98 0.97 0.98 0.99 0.98 0.99 0.99 0.99 0.99 0.99 0.99 0.99 0.98 0.98 0.99 0.98 0.99 0.99 0.98 0.99 0.99 0.99 0.99 0.99 0.99 0.93 1.00 0.99 0.99 0.99 0.99 0.99 0.99 0.99 0.99 0.98 0.99 0.99 0.99 0.99 0.99 0.99 0.99 0.99 0.99 0.99 0.99 0.99 0.99 0.99 0.99 0.99 0.99 0.99 0.99 0.99 0.99 0.99 0.97 0.99 0.99 0.99 0.99 0.99 0.99 0.99 0.99 0.95 0.99 0.99 0.99 0.99 0.99 0.99 1.00 0.99 0.99 0.99 0.99 0.99 0.98 0.99 0.99 0.99 0.99 0.99 0.99
0.94 0.98 0.98 0.96 0.98 0.97 0.98 0.98 0.99 0.98 0.97 0.98 0.99 0.99 0.97 0.99 0.96 0.99 0.98 0.99 0.99 0.97 0.99 0.99 0.99 0.99 0.99 0.99 0.98 0.99 0.98 0.99 0.98 0.99 0.98 0.99 0.98 0.99 0.98 0.99 0.99 0.99 0.99 0.99 0.99 0.95 0.99 0.99 0.99 0.99 0.99 0.99 0.99 0.99 0.99 0.99 0.99 0.99 0.99 0.99 0.99 0.99 0.99 0.99 0.99 0.99 0.99 0.99 0.99 0.99 0.99 0.99 0.99 0.99 0.99 0.99 0.99 0.99 0.99 0.99 0.99 0.99 0.99 0.99 0.99 0.99 0.99 0.99 0.99 1.00 0.99 0.99 1.00 0.99 0.99 0.99 0.99 0.99 0.99 0.99
0.95 0.95 0.97 0.98 0.98 0.99 0.98 0.95 0.98 0.97 0.99 0.99 0.97 0.98 0.98 0.98 0.99 0.99 0.99 0.98 0.98 0.98 0.98 0.98 0.98 0.99 0.99 0.99 0.99 0.99 0.98 0.98 0.96 0.99 0.99 0.99 0.99 0.99 0.99 0.98 0.99 0.99 0.99 0.99 0.99 0.98 0.99 0.99 0.99 0.99 0.99 0.99 0.99 0.99 0.99 0.99 0.99 0.99 0.99 0.99 0.99 0.99 0.99 0.99 0.99 0.99 0.99 0.99 0.99 0.99 0.99 0.99 0.99 0.99 0.99 0.99 0.99 0.99 0.99 0.99 0.99 0.99 0.99 0.99 0.99 0.99 0.99 0.99 0.99 0.99 0.99 0.99 0.99 0.99 0.99 0.99 0.99 0.98 0.99 1.00
0.96 0.97 0.95 0.98 0.96 0.97 0.98 0.98 0.99 0.97 0.93 0.92 0.98 0.99 0.96 0.98 0.99 0.95 0.96 0.99 0.99 0.98 0.99 0.99 0.99 0.98 0.99 0.99 0.99 0.99 0.99 0.99 0.99 0.99 0.99 0.99 0.99 0.99 0.99 0.98 0.99 0.99 0.99 0.99 0.99 0.99 0.99 0.98 0.99 0.99 0.99 0.99 0.99 0.99 0.99 0.99 0.99 0.99 0.99 0.99 0.99 0.99 0.99 0.99 0.99 0.99 0.99 0.99 0.99 0.99 0.99 0.99 0.99 0.99 0.99 0.99 0.99 0.99 0.99 1.00 0.99 0.99 0.99 0.99 0.99 0.99 0.99 0.99 0.99 0.99 0.99 0.99 0.99 0.99 0.99 0.99 0.99 0.99 0.99 0.99
0.94 0.95 0.96 0.98 0.90 0.97 0.98 0.91 0.98 0.98 0.98 0.97 0.92 0.96 0.99 0.99 0.99 0.98 0.98 0.96 0.99 0.97 0.99 0.99 0.98 0.99 0.98 0.99 0.99 0.99 0.98 0.99 0.99 0.99 0.99 0.98 0.99 0.98 0.99 0.99 0.99 0.99 0.99 0.99 0.99 0.99 0.98 0.99 0.99 0.99 0.99 0.99 0.99 0.99 0.99 0.99 0.99 0.99 0.99 0.99 0.99 0.99 0.99 0.99 0.98 0.99 0.99 0.99 1.00 0.99 0.99 0.99 0.99 0.99 0.99 0.99 1.00 1.00 0.99 0.99 0.99 0.99 0.99 1.00 0.99 0.99 0.99 1.00 0.99 0.99 0.99 0.99 0.99 0.99 0.99 0.99 0.99 0.99 0.99 0.99
0.88 0.92 0.97 0.95 0.97 0.98 0.99 0.99 0.98 0.96 0.99 0.98 0.99 0.98 0.98 0.99 0.97 0.97 0.99 0.99 0.98 0.99 0.99 0.98 0.99 0.99 0.99 0.99 0.99 0.99 0.99 0.99 0.99 0.98 0.99 0.99 0.99 0.99 0.99 0.99 0.97 0.99 0.99 0.99 0.99 0.99 0.99 0.99 0.99 0.99 0.99 0.99 0.99 0.99 0.99 0.99 0.99 0.99 0.99 0.99 0.99 0.99 0.99 0.99 0.99 1.00 0.99 0.99 0.99 0.99 0.99 0.99 0.99 0.99 0.99 0.99 1.00 0.99 0.99 0.99 0.99 0.99 0.99 0.99 0.99 1.00 0.99 0.99 0.99 0.99 0.99 0.99 0.99 0.99 0.99 0.99 0.99 0.99 0.99 0.99
0.94 0.97 0.92 0.97 0.98 0.99 0.92 0.99 0.97 0.97 0.99 0.99 0.98 0.99 0.99 0.99 0.98 0.98 0.98 0.99 0.98 0.99 0.99 0.99 0.99 0.98 0.99 0.99 0.99 0.99 0.98 0.99 0.99 0.99 0.98 0.99 0.99 0.99 0.99 0.99 0.99 0.99 0.99 0.99 0.99 0.99 0.99 0.99 0.99 0.99 0.99 0.99 0.99 0.99 0.99 0.99 0.99 0.99 1.00 0.99 0.99 0.99 0.99 0.99 0.99 1.00 0.99 0.99 0.99 0.99 0.99 1.00 0.99 0.99 0.99 0.99 0.99 0.99 1.00 0.99 0.99 0.99 0.99 0.99 0.99 0.99 0.99 0.99 0.99 0.99 0.99 0.99 0.99 0.99 0.99 0.99 0.99 0.99 0.99 1.00
0.97 0.96 0.97 0.93 0.98 0.96 0.98 0.97 0.91 0.99 0.98 0.99 0.95 0.97 0.98 0.98 0.97 0.99 0.99 0.99 0.99 0.99 0.99 0.98 0.96 0.99 0.96 0.99 0.98 0.99 0.98 0.99 0.99 0.99 0.98 0.99 0.99 0.99 0.96 0.99 0.99 0.98 0.99 0.99 0.99 0.99 0.99 0.99 0.99 0.99 0.99 0.99 0.99 0.99 0.99 0.99 0.99 0.99 0.99 1.00 0.99 0.99 1.00 0.99 0.99 0.99 0.99 0.99 0.99 1.00 0.99 0.99 0.99 0.99 0.99 0.99 1.00 0.99 0.99 0.99 1.00 0.99 0.99 0.99 0.99 0.99 1.00 0.99 0.99 0.99 0.99 0.99 1.00 0.99 0.99 0.99 0.99 1.00 0.99 0.99
0.96 0.97 0.88 0.93 0.96 0.97 0.95 0.98 0.96 0.95 0.93 0.98 0.96 0.92 0.98 0.99 0.99 0.99 0.99 0.99 0.99 0.98 0.99 0.99 0.98 0.98 0.99 0.98 0.99 0.99 0.99 0.99 0.99 0.99 0.99 1.00 0.99 0.98 0.99 0.99 0.98 0.99 0.99 0.99 0.99 0.99 0.99 0.99 0.99 0.99 0.99 0.99 0.99 0.99 0.99 0.99 0.99 0.99 1.00 0.99 0.99 0.99 0.99 0.99 0.99 0.99 0.99 0.99 0.99 0.99 0.99 0.99 0.99 0.99 0.99 0.99 0.99 0.99 0.99 0.99 1.00 0.99 0.99 0.99 0.99 1.00 0.99 0.99 0.99 1.00 0.99 0.99 0.99 0.99 0.99 1.00 0.99 0.99 1.00 0.99
0.95 0.98 0.96 0.96 0.98 0.98 0.98 0.94 0.95 0.98 0.95 0.92 0.99 0.97 0.99 0.98 0.96 0.97 0.99 0.96 0.99 0.99 0.99 0.99 0.99 0.99 0.98 0.99 0.99 0.99 0.99 0.99 0.99 0.99 0.99 0.98 0.99 0.99 0.98 0.98 0.99 0.99 0.98 0.99 0.99 0.99 0.99 0.99 0.99 1.00 0.99 0.99 0.99 0.99 0.99 0.99 0.99 0.99 0.99 0.99 0.99 0.99 0.99 0.99 0.99 0.99 0.99 0.99 0.99 0.99 0.99 0.99 0.99 0.99 1.00 0.99 0.99 0.99 0.99 0.99 0.99 0.99 0.99 0.99 1.00 0.99 0.99 1.00 0.99 0.99 0.99 0.99 0.99 0.99 0.99 0.98 0.99 1.00 0.99 0.99
0.88 0.95 0.97 0.98 0.89 0.98 0.97 0.94 0.95 0.98 0.99 0.99 0.98 0.98 0.99 0.97 0.98 0.99 0.98 0.98 0.98 0.97 0.98 0.99 0.96 0.98 0.99 0.99 0.99 0.99 0.99 0.99 0.99 0.99 0.99 0.94 0.99 0.99 0.99 0.99 0.99 0.99 0.99 0.99 0.99 0.99 0.99 0.99 0.99 0.99 0.99 0.99 0.99 0.99 0.99 0.99 0.99 0.99 0.99 0.99 0.99 0.99 0.99 0.99 0.99 0.99 1.00 0.99 0.99 0.99 1.00 0.99 0.99 0.99 0.99 0.99 0.99 0.99 0.99 0.99 1.00 0.99 0.99 0.99 0.99 0.99 0.99 0.99 0.99 0.99 0.99 0.99 0.99 0.99 0.99 0.99 0.99 0.99 0.99 0.99
0.96 0.96 0.99 0.97 0.94 0.97 0.96 0.93 0.96 0.98 0.96 0.99 0.99 0.98 0.98 0.99 0.97 0.99 0.96 0.99 0.99 0.91 0.98 0.99 0.99 0.98 0.99 0.99 0.91 0.98 0.99 0.99 1.00 0.99 0.99 0.99 0.99 0.99 0.99 0.99 0.99 0.99 0.99 0.99 0.99 0.99 0.99 0.99 0.99 0.99 0.99 0.99 1.00 0.99 0.99 0.99 0.99 0.99 0.99 0.99 0.99 0.99 0.99 0.99 0.99 0.99 0.99 0.99 0.99 0.99 0.99 0.99 0.99 0.99 1.00 0.99 0.99 1.00 0.99 0.99 0.99 0.99 0.99 0.99 0.99 1.00 0.99 0.99 0.99 0.99 0.99 0.99 0.99 0.99 0.99 0.99 0.99 0.99 0.99 0.99
0.90 0.93 0.89 0.88 0.97 0.93 0.97 0.98 0.98 0.98 0.99 0.98 0.98 0.98 0.99 0.99 0.99 0.99 0.97 0.95 0.99 0.99 0.90 0.95 0.99 0.98 0.98 0.99 0.99 0.99 0.98 0.99 0.99 0.99 0.99 0.98 0.98 0.98 0.99 1.00 0.99 0.98 0.98 0.99 0.99 0.99 0.97 0.99 0.99 0.99 0.99 0.99 0.99 0.99 0.99 0.99 0.99 0.99 0.99 0.99 0.99 0.99 0.99 1.00 0.99 0.99 0.99 0.99 0.99 0.99 0.99 0.99 0.99 0.99 0.99 1.00 0.99 0.99 0.99 0.99 0.99 0.99 0.99 0.99 0.99 0.99 0.99 0.99 0.99 0.99 0.99 0.99 0.99 1.00 0.99 0.99 0.99 0.99 1.00 0.99
0.97 0.92 0.96 0.91 0.97 0.89 0.99 0.95 0.94 0.92 0.95 0.99 0.99 0.95 0.87 0.99 0.99 0.98 0.99 0.98 0.99 0.98 0.99 0.98 0.97 0.98 0.99 0.97 0.99 0.99 0.99 0.99 0.99 0.99 0.99 0.99 0.99 0.99 0.98 0.97 0.99 0.99 0.99 0.99 0.98 0.99 0.99 0.99 0.99 0.99 0.99 0.99 0.99 0.99 0.99 0.99 0.99 0.99 0.99 0.99 0.98 1.00 0.99 0.98 0.99 1.00 0.99 0.99 0.99 0.99 0.99 0.99 0.99 0.99 0.99 0.99 1.00 0.99 0.99 0.99 0.99 0.99 0.99 0.99 0.99 0.99 0.99 0.99 0.99 0.99 0.99 0.99 0.99 0.99 0.99 0.99 0.99 0.99 0.99 1.00
0.95 0.90 0.81 0.97 0.99 0.99 0.96 0.97 0.98 0.87 0.98 0.99 0.96 0.97 0.99 0.96 0.98 0.99 0.97 0.98 0.99 0.97 0.98 0.99 0.99 0.98 0.99 0.98 0.98 0.99 0.99 0.98 0.99 0.99 0.98 0.99 0.98 0.98 0.99 0.99 0.99 0.99 0.99 0.99 0.99 0.99 0.99 0.99 0.99 0.99 0.99 0.99 0.99 0.99 0.99 1.00 0.99 1.00 0.99 0.99 0.99 0.99 0.98 0.99 0.99 0.99 0.99 0.99 0.99 0.99 0.99 0.99 0.99 0.99 1.00 0.99 0.99 0.99 1.00 0.99 0.99 0.99 0.99 0.99 0.99 0.99 0.99 0.99 0.99 0.99 1.00 1.00 0.99 0.99 0.99 0.99 0.99 0.99 0.99 0.99
0.97 0.82 0.97 0.97 0.91 0.98 0.97 0.93 0.99 0.98 0.98 0.98 0.99 0.98 0.98 0.96 0.94 0.98 0.99 0.99 0.98 0.98 0.98 0.99 0.96 0.98 0.99 0.97 0.99 0.98 0.98 0.99 0.99 0.99 0.99 0.99 0.99 0.99 0.99 0.99 0.98 0.99 0.99 0.99 0.98 0.99 0.99 0.99 0.98 0.98 0.99 0.99 0.98 0.99 0.99 0.99 0.99 0.99 0.99 1.00 0.99 0.99 0.99 0.99 0.99 0.99 0.99 0.99 0.99 0.99 0.99 0.99 0.99 0.99 0.99 0.99 0.99 1.00 0.99 1.00 0.99 0.99 0.99 0.99 0.99 0.99 0.99 0.99 1.00 0.99 0.99 0.99 0.99 0.99 0.99 0.99 0.99 0.99 0.99 0.99
0.97 0.92 0.93 0.95 0.99 0.98 0.88 0.93 0.88 0.98 0.97 0.98 0.99 0.98 0.98 0.99 0.99 0.91 0.99 0.98 0.98 0.98 0.98 0.94 0.99 0.97 0.98 0.99 0.96 0.99 0.98 0.99 0.99 0.99 0.99 0.99 0.99 0.99 0.99 0.99 0.99 0.99 0.99 0.98 0.99 0.98 0.99 0.99 0.99 0.97 0.99 0.99 0.99 0.99 0.99 0.99 0.99 0.99 0.99 0.99 0.99 0.99 0.99 0.99 0.99 0.99 0.99 0.99 0.99 0.99 0.99 0.99 0.99 0.99 0.99 0.99 0.99 0.99 0.99 1.00 0.99 0.99 0.99 0.99 0.99 0.99 0.99 0.99 0.99 0.99 0.99 0.99 0.99 1.00 1.00 0.99 0.99 1.00 0.99 0.99
0.91 0.98 0.96 0.99 0.88 0.91 0.93 0.92 0.99 0.97 0.98 0.97 0.98 0.98 0.99 0.98 0.98 0.99 0.99 0.97 0.98 0.99 0.91 0.98 0.99 0.99 0.99 0.99 0.99 0.99 0.99 0.99 0.99 0.99 0.99 0.99 0.99 0.99 0.99 0.99 0.97 0.99 0.99 0.99 0.99 0.99 0.99 0.99 0.99 0.99 0.99 0.99 0.99 0.99 0.99 0.99 0.99 0.99 0.99 0.99 0.99 0.99 0.99 0.99 1.00 0.99 0.99 0.99 0.99 0.99 0.99 0.99 0.99 0.99 0.99 1.00 0.99 0.99 0.99 0.99 0.99 0.99 0.99 0.99 1.00 0.99 0.99 0.99 0.99 0.99 0.99 0.99 0.99 0.99 0.99 0.99 0.99 0.99 0.99 0.99
0.96 0.95 0.98 0.97 0.86 0.91 0.95 0.95 0.98 0.95 0.97 0.96 0.99 0.97 0.90 0.97 0.98 0.94 0.97 0.98 0.99 0.99 0.99 0.99 0.99 0.98 0.99 0.99 0.99 0.99 0.99 0.98 0.99 0.99 0.99 0.97 0.99 0.99 0.99 0.99 0.99 0.99 0.99 0.99 0.99 0.99 0.98 0.99 0.99 0.98 0.99 0.99 0.99 0.99 0.99 0.99 0.99 0.99 0.99 0.99 0.99 0.99 0.99 0.99 0.99 0.99 0.99 0.99 0.99 0.99 0.99 1.00 0.99 0.99 0.99 0.99 0.99 0.99 0.99 1.00 0.99 0.99 1.00 0.99 0.99 0.99 0.99 0.99 0.99 0.99 0.99 0.99 0.99 0.99 0.99 0.99 0.99 0.99 0.99 0.99
0.97 0.95 0.92 0.90 0.91 0.93 0.94 0.97 0.96 0.91 0.97 0.98 0.96 0.98 0.99 0.98 0.98 0.96 0.99 0.99 0.99 0.98 0.98 0.99 0.96 0.95 0.99 0.95 0.99 0.99 0.99 0.99 0.99 0.99 0.99 0.99 0.99 0.99 0.99 0.99 0.99 0.98 0.99 0.99 0.99 0.99 0.99 0.99 0.99 0.99 0.99 0.99 0.99 0.98 0.99 0.99 0.99 0.99 0.99 1.00 1.00 0.99 0.99 0.99 0.99 0.99 0.99 0.99 0.99 0.99 0.99 1.00 0.99 0.99 0.99 0.99 0.99 0.99 0.99 0.99 0.99 0.99 0.99 0.99 0.99 0.99 0.99 0.99 0.99 0.99 0.99 0.99 0.99 0.99 0.99 1.00 0.99 0.99 1.00 0.99
0.93 0.82 0.91 0.91 0.92 0.96 0.90 0.93 0.96 0.91 0.98 0.99 0.99 0.89 0.98 0.97 0.92 0.94 0.99 0.96 0.99 0.98 0.99 0.98 0.90 0.99 0.99 0.98 0.98 0.98 0.99 0.99 0.98 0.99 0.99 0.98 0.99 0.97 0.99 0.98 0.99 0.98 0.99 0.99 0.98 0.99 0.99 0.99 0.99 0.99 0.98 0.99 0.99 0.99 0.99 0.99 0.99 0.99 0.99 1.00 0.99 0.99 0.99 0.99 0.99 0.99 0.99 0.99 0.99 0.99 0.99 0.99 0.99 0.99 0.99 0.99 0.99 0.99 0.99 0.99 0.99 0.99 0.99 0.99 0.99 0.99 0.99 0.99 0.99 0.99 0.99 0.99 1.00 0.99 0.99 0.99 0.99 0.99 0.99 0.99
0.94 0.93 0.98 0.91 0.98 0.98 0.90 0.98 0.96 0.98 0.90 0.90 0.98 0.94 0.97 0.97 0.92 0.99 0.99 0.97 0.99 0.98 0.98 0.99 0.96 0.97 0.95 0.98 0.99 0.98 0.99 0.99 0.99 0.99 0.99 0.99 0.97 0.99 0.98 0.99 0.99 0.99 0.99 0.98 0.99 0.99 1.00 0.99 0.99 0.99 0.99 0.99 0.99 0.99 0.99 0.99 0.99 0.99 1.00 0.99 0.99 0.99 0.99 0.99 0.99 0.99 0.99 0.99 0.99 1.00 0.99 0.99 0.99 0.99 0.99 0.99 0.99 0.99 0.99 0.99 0.99 0.99 0.99 0.99 0.99 0.99 0.99 0.99 0.99 0.99 0.99 0.99 0.99 0.99 0.99 0.99 0.99 0.99 0.99 0.99
0.93 0.84 0.89 0.96 0.87 0.95 0.87 0.98 0.98 0.90 0.88 0.97 0.92 0.98 0.99 0.96 0.99 0.96 0.89 0.95 0.99 0.90 0.97 0.98 0.99 0.99 0.99 0.99 0.99 0.99 0.99 0.99 0.98 0.99 0.99 0.98 0.97 0.99 0.99 0.99 0.99 0.98 0.98 0.99 0.98 0.99 0.99 0.99 0.99 0.99 0.99 0.99 0.99 0.99 0.98 0.99 0.99 0.99 0.99 1.00 0.99 0.99 0.99 0.97 0.99 0.99 0.99 0.99 0.99 0.99 0.99 0.98 0.99 0.99 0.99 0.99 0.99 0.99 0.99 0.99 0.99 0.99 0.99 0.99 0.99 0.99 0.99 0.99 0.99 0.99 0.99 0.99 1.00 0.99 0.99 0.99 0.99 0.99 0.99 0.99
0.89 0.87 0.91 0.95 0.95 0.98 0.96 0.92 0.96 0.94 0.95 0.95 0.98 0.96 0.97 0.97 0.99 0.99 0.99 0.93 0.95 0.97 0.98 0.98 0.99 0.99 0.97 0.99 0.99 0.98 0.98 0.99 0.99 0.99 0.99 0.99 0.99 0.99 0.99 0.99 1.00 0.99 0.99 0.99 0.99 0.99 0.99 0.99 0.99 0.98 0.99 0.99 0.99 0.99 0.99 0.99 0.99 0.99 0.99 0.99 0.99 1.00 1.00 0.98 0.99 0.99 0.99 0.99 0.99 0.99 0.99 0.99 0.99 0.99 0.99 0.99 0.99 0.99 0.99 0.99 0.99 0.99 0.99 0.99 0.99 0.99 0.99 0.99 0.99 0.99 0.99 0.99 0.99 0.99 0.99 0.99 0.99 0.99 0.99 0.99
0.94 0.97 0.96 0.91 0.94 0.97 0.88 0.89 0.98 0.87 0.99 0.98 0.97 0.98 0.98 0.94 0.99 0.97 0.98 0.87 0.88 0.99 0.97 0.98 0.99 0.98 0.99 0.99 0.98 0.99 0.99 0.98 0.99 0.97 0.96 0.99 0.99 0.99 0.99 0.99 0.99 0.99 0.99 0.99 0.99 0.99 0.99 0.99 0.99 0.99 0.98 0.99 0.99 0.99 0.99 0.99 0.99 0.99 1.00 1.00 0.99 0.99 0.99 0.99 0.99 0.99 0.99 0.99 0.99 0.99 0.99 0.99 0.99 0.99 0.99 0.99 1.00 0.99 0.99 0.99 0.99 0.99 0.99 0.99 0.99 0.99 0.99 0.99 0.99 0.99 0.99 0.99 0.99 0.99 1.00 0.99 0.99 0.99 0.99 0.99
0.95 0.98 0.97 0.84 0.97 0.75 0.97 0.98 0.97 0.93 0.98 0.96 0.97 0.99 0.99 0.92 0.99 0.98 0.98 0.94 0.98 0.98 0.99 0.98 0.98 0.99 0.98 0.94 0.98 0.88 0.99 0.96 0.98 0.99 0.99 0.99 0.92 0.97 0.99 0.98 0.98 0.99 0.98 0.99 0.99 0.99 0.99 0.99 0.99 0.99 0.99 0.99 0.99 0.99 0.99 0.99 0.99 0.99 0.99 0.99 0.99 0.99 0.99 0.99 0.99 0.99 0.99 0.99 0.99 0.99 0.99 0.99 0.99 0.99 0.99 0.99 0.99 0.99 0.99 0.99 0.99 0.99 0.99 0.99 0.99 0.99 0.99 0.99 0.99 0.99 0.99 0.99 0.99 0.99 0.99 0.99 0.99 0.99 0.99 0.99
0.92 0.96 0.94 0.94 0.85 0.91 0.90 0.93 0.90 0.89 0.92 0.89 0.99 0.99 0.96 0.93 0.94 0.98 0.99 0.88 0.99 0.99 0.98 0.98 0.99 0.97 0.99 0.99 0.99 0.97 0.99 0.99 0.98 0.99 0.99 0.95 0.99 0.99 0.97 0.99 0.99 0.99 0.99 0.99 0.99 0.99 0.99 0.99 0.99 0.98 0.99 0.99 0.99 0.99 0.99 0.99 0.98 0.99 0.99 0.99 0.99 0.98 0.99 0.91 0.99 1.00 0.99 1.00 0.99 0.99 0.99 0.99 1.00 0.99 0.99 0.99 0.99 0.99 1.00 0.99 0.99 0.99 0.99 0.99 0.99 0.99 0.99 0.99 0.99 1.00 0.99 0.99 0.99 1.00 0.99 0.99 0.99 0.99 0.99 0.99
0.89 0.92 0.96 0.96 0.99 0.97 0.99 0.98 0.96 0.76 0.89 0.96 0.98 0.98 0.99 0.97 0.92 0.95 0.99 0.96 0.98 0.97 0.98 0.99 0.99 0.99 0.99 0.95 0.98 0.98 0.99 0.99 0.98 0.99 0.99 0.98 0.95 0.97 0.99 0.99 0.99 0.99 0.99 0.99 0.99 0.99 0.99 0.99 0.99 0.99 0.99 0.99 0.99 0.99 0.99 0.99 0.99 1.00 0.99 0.99 0.99 0.99 0.99 0.99 0.99 0.99 0.99 0.99 0.99 0.99 0.99 0.99 0.99 0.99 0.99 0.99 0.99 0.99 0.99 0.99 0.99 0.99 0.99 0.99 0.99 0.99 0.99 0.99 0.99 0.99 0.99 0.99 0.99 0.99 1.00 0.99 0.99 0.99 0.99 0.99
0.93 0.93 0.85 0.98 0.92 0.96 0.86 0.95 0.98 0.95 0.91 0.97 0.94 0.88 0.91 0.98 0.99 0.85 0.88 0.94 0.96 0.87 0.97 0.95 0.98 0.93 0.89 0.99 0.99 0.97 0.99 0.96 0.99 0.90 0.99 0.99 0.99 0.99 0.99 0.99 0.99 0.99 0.99 0.99 0.99 0.99 0.98 0.99 0.99 0.99 0.99 0.99 0.99 0.99 0.99 0.99 0.99 0.99 0.99 0.99 0.99 0.99 0.99 0.99 0.98 0.99 0.99 0.99 0.99 0.99 1.00 0.99 1.00 0.99 0.98 1.00 0.99 0.99 0.99 0.99 0.99 0.99 0.99 0.99 1.00 0.99 0.99 0.99 0.99 0.99 0.99 0.99 0.99 0.99 0.99 0.99 0.99 0.99 0.99 0.99
0.87 0.86 0.94 0.94 0.96 0.95 0.82 0.92 0.97 0.87 0.89 0.97 0.98 0.96 0.96 0.95 0.98 0.95 0.99 0.99 0.98 0.95 0.96 0.95 0.94 0.99 0.98 0.94 0.98 0.98 0.97 0.98 0.99 0.99 0.95 0.99 0.99 0.98 0.99 0.99 0.98 0.99 0.99 0.95 0.99 0.99 0.99 0.99 0.99 0.99 0.99 0.99 0.99 0.99 0.99 0.99 0.97 0.98 0.99 0.99 0.99 0.99 1.00 0.99 1.00 0.99 0.99 0.99 0.99 0.99 0.99 0.99 0.99 0.99 0.99 0.99 0.99 0.99 0.99 0.99 0.99 0.99 0.99 0.99 1.00 0.99 0.99 0.99 0.99 1.00 0.99 0.99 0.99 0.99 0.99 0.99 0.99 0.99 0.99 0.99
0.88 0.97 0.87 0.95 0.85 0.83 0.78 0.98 0.86 0.89 0.99 0.97 0.99 0.92 0.97 0.95 0.96 0.99 0.92 0.99 0.98 0.98 0.99 0.98 0.98 0.96 0.95 0.98 0.97 0.94 0.98 0.99 0.99 0.99 0.96 0.98 0.99 0.98 0.99 0.99 0.97 0.99 0.99 0.99 0.99 0.99 0.99 0.99 0.99 0.99 0.99 0.99 0.99 0.99 0.99 0.99 0.99 0.99 0.99 0.99 0.99 0.99 0.99 0.99 0.99 0.99 0.99 0.99 0.99 0.99 0.99 0.99 0.99 0.99 0.99 0.99 0.99 0.99 0.99 0.99 0.99 0.99 0.99 0.99 0.99 0.99 0.99 0.99 0.99 0.99 0.99 0.99 0.99 0.99 0.99 0.99 0.99 0.99 1.00 1.00
0.76 0.85 0.95 0.85 0.92 0.93 0.90 0.74 0.91 0.96 0.89 0.96 0.92 0.89 0.98 0.97 0.88 0.90 0.97 0.98 0.98 0.99 0.98 0.95 0.98 0.99 0.99 0.97 0.95 0.99 0.99 0.99 0.97 0.98 0.99 0.99 0.99 0.91 0.99 0.98 0.99 0.99 0.99 0.98 0.99 0.99 0.99 0.99 0.98 0.99 0.99 0.99 0.99 0.99 0.99 0.99 0.99 0.99 0.99 1.00 0.99 0.99 0.99 0.99 1.00 0.99 0.99 0.99 0.99 0.99 0.99 0.99 0.99 0.99 0.99 0.99 0.99 0.99 0.99 0.99 0.99 0.99 0.99 0.99 0.99 0.99 0.99 0.99 0.99 0.99 0.99 0.99 0.99 0.99 0.99 0.99 0.99 0.99 0.99 0.99
0.89 0.78 0.87 0.98 0.97 0.80 0.98 0.96 0.97 0.99 0.98 0.91 0.95 0.86 0.92 0.98 0.97 0.95 0.96 0.94 0.97 0.82 0.97 0.99 0.99 0.96 0.91 0.99 0.98 0.98 0.99 0.99 0.99 0.99 0.95 0.99 0.99 0.99 0.98 0.99 0.98 0.99 0.99 0.99 0.99 0.99 0.99 0.99 0.99 0.94 0.99 0.99 0.99 0.99 0.99 0.99 0.99 0.98 0.99 0.99 0.99 0.99 0.99 1.00 1.00 0.99 0.99 0.99 1.00 0.99 0.99 0.99 0.99 0.99 0.99 0.99 0.99 0.99 0.99 0.99 1.00 0.99 0.99 0.99 0.99 0.99 0.99 0.99 0.99 0.99 0.99 0.99 0.99 0.99 0.99 1.00 0.99 0.99 0.99 0.99
0.83 0.97 0.68 0.76 0.89 0.82 0.79 0.89 0.87 0.98 0.99 0.94 0.97 0.89 0.96 0.98 0.93 0.98 0.79 0.99 0.98 0.99 0.95 0.89 0.99 0.96 0.99 0.99 0.98 0.98 0.99 0.98 0.98 0.99 0.99 0.99 0.99 0.99 0.99 0.99 0.99 0.99 0.98 0.99 0.96 0.99 0.98 0.98 0.99 0.99 0.99 0.99 0.99 0.99 0.99 0.99 0.99 0.99 0.99 0.98 0.99 0.99 1.00 0.98 0.99 0.99 0.99 0.98 0.99 0.99 0.99 0.99 0.99 0.99 0.99 0.99 0.99 0.99 0.99 0.99 0.99 0.99 0.99 0.99 0.99 0.99 0.99 0.99 1.00 0.99 0.99 0.99 0.99 0.99 0.99 0.99 0.99 0.99 0.99 0.99
0.91 0.96 0.95 0.90 0.87 0.94 0.92 0.84 0.83 0.98 0.96 0.94 0.84 0.99 0.98 0.84 0.98 0.98 0.99 0.98 0.89 0.88 0.99 0.99 0.97 0.99 0.99 0.98 0.98 0.98 0.96 0.99 0.89 0.94 0.99 0.99 0.98 0.89 0.99 0.95 0.99 0.99 0.99 0.99 0.99 0.99 0.95 0.99 0.98 0.99 0.99 0.99 0.99 0.99 0.97 0.99 0.99 0.99 0.99 0.99 0.99 0.99 0.99 0.98 0.99 0.99 0.99 1.00 0.99 0.99 0.99 0.99 0.99 0.99 0.99 0.99 0.99 0.99 1.00 0.99 0.99 0.99 0.99 0.99 0.99 0.99 0.99 0.99 0.99 0.99 0.99 0.99 0.99 0.99 0.99 0.99 0.99 0.99 1.00 0.99
0.84 0.83 0.93 0.85 0.96 0.98 0.97 0.90 0.87 0.94 0.89 0.70 0.97 0.96 0.89 0.97 0.98 0.84 0.98 0.97 0.99 0.94 0.93 0.98 0.87 0.99 0.99 0.92 0.99 0.99 0.98 0.96 0.99 0.99 0.99 0.93 0.98 0.99 0.98 0.98 0.96 0.99 0.99 0.98 0.99 0.99 0.99 0.99 0.99 0.98 0.99 0.98 0.99 0.99 0.98 0.99 0.96 0.99 0.99 0.99 0.99 0.99 0.99 0.99 0.99 1.00 0.99 0.99 0.99 0.99 0.99 0.99 0.99 0.99 0.99 0.99 0.99 0.99 0.99 0.99 0.99 0.99 0.99 0.99 0.99 0.99 0.99 0.99 0.99 0.99 0.99 0.99 0.99 0.99 0.99 0.99 0.99 0.97 0.99 0.99
0.83 0.98 0.98 0.90 0.94 0.92 0.85 0.94 0.85 0.91 0.95 0.92 0.96 0.98 0.97 0.93 0.91 0.98 0.99 0.90 0.90 0.93 0.81 0.99 0.99 0.90 0.95 0.98 0.97 0.98 0.95 0.95 0.99 0.99 0.98 0.99 0.99 0.98 0.99 0.99 0.99 0.97 0.95 0.99 0.98 0.99 0.99 0.97 0.99 0.99 0.99 0.98 0.99 0.99 0.99 0.99 0.98 0.99 0.99 0.99 0.99 0.99 0.99 0.99 0.99 1.00 0.99 0.99 0.99 0.99 0.99 0.99 0.99 0.99 0.99 0.99 0.99 0.99 0.99 0.99 0.99 0.99 0.99 0.99 0.99 0.99 0.99 0.99 0.99 0.99 0.99 0.99 0.99 0.99 0.99 0.99 0.99 0.99 0.99 0.99
0.95 0.76 0.89 0.83 0.84 0.91 0.95 0.94 0.96 0.96 0.93 0.98 0.94 0.83 0.97 0.97 0.96 0.98 0.96 0.92 0.98 0.98 0.98 0.98 0.99 0.94 0.94 0.97 0.93 0.98 0.93 0.84 0.98 0.99 0.98 0.99 0.98 0.99 0.98 0.99 0.98 0.99 0.99 0.99 0.99 0.99 0.99 0.99 0.99 0.89 0.99 0.99 0.99 0.99 0.97 0.99 0.98 0.99 0.98 0.99 0.99 0.99 0.99 0.99 0.99 0.99 0.98 0.99 0.99 0.99 0.99 0.99 0.99 0.99 0.99 0.99 0.99 0.99 0.99 0.99 0.99 0.99 0.99 0.99 0.99 0.99 0.99 0.99 0.99 0.99 0.99 0.99 0.99 0.99 0.99 0.99 0.99 0.99 0.99 0.99
0.90 0.88 0.95 0.87 0.98 0.92 0.90 0.88 0.87 0.86 0.94 0.91 0.92 0.95 0.92 0.97 0.99 0.81 0.98 0.90 0.94 0.96 0.80 0.95 0.96 0.92 0.99 0.86 0.99 0.89 0.99 0.99 0.99 0.92 0.98 0.99 0.98 0.99 0.93 0.96 0.99 0.91 0.98 0.97 0.99 0.99 0.99 0.99 0.99 0.99 0.98 0.97 0.88 0.99 0.99 0.99 0.98 0.99 0.99 0.99 0.99 0.99 0.99 0.99 0.99 0.99 0.99 0.99 0.99 0.99 0.99 0.99 1.00 0.99 0.99 0.99 0.99 0.99 0.98 0.99 0.99 0.99 0.99 0.99 0.99 0.99 0.99 1.00 0.99 0.99 0.99 0.99 0.99 0.99 0.98 1.00 0.99 0.99 0.99 0.99
0.92 0.89 0.90 0.91 0.94 0.96 0.92 0.89 0.88 0.94 0.87 0.94 0.96 0.80 0.77 0.86 0.88 0.90 0.87 0.93 0.98 0.81 0.84 0.94 0.97 0.95 0.88 0.90 0.96 0.99 0.96 0.99 0.96 0.85 0.99 0.98 0.99 0.97 0.99 0.99 0.99 0.98 0.99 0.98 0.99 0.99 0.97 0.96 0.99 0.99 0.99 0.98 0.99 0.99 0.99 0.99 0.99 0.99 0.99 0.99 0.99 0.99 0.99 0.99 0.99 0.99 1.00 0.99 0.99 0.99 0.99 0.99 0.99 0.99 0.99 0.99 0.99 0.99 0.99 0.99 0.99 0.99 0.99 0.99 0.99 0.99 0.99 0.99 0.99 0.99 0.99 0.99 0.99 0.99 0.99 0.99 0.99 0.99 0.99 0.98
0.84 0.87 0.92 0.89 0.79 0.96 0.76 0.97 0.96 0.90 0.98 0.98 0.81 0.97 0.98 0.93 0.94 0.97 0.89 0.98 0.98 0.98 0.93 0.98 0.99 0.99 0.99 0.99 0.94 0.96 0.88 0.98 0.96 0.99 0.99 0.95 0.99 0.97 0.99 0.98 0.99 0.98 0.99 0.99 0.90 0.98 0.99 0.92 0.99 0.99 0.99 0.99 0.99 0.99 0.99 0.99 0.98 0.99 0.99 0.99 0.99 0.99 0.99 0.99 0.99 0.99 0.99 0.99 0.99 0.99 0.99 0.99 0.99 0.99 0.99 0.99 0.99 0.99 0.99 0.99 0.99 0.99 0.99 0.99 0.99 0.99 0.99 0.99 0.99 0.99 0.99 0.99 0.99 0.99 0.99 0.99 0.99 0.99 0.99 1.00
0.87 0.88 0.74 0.87 0.74 0.96 0.88 0.77 0.96 0.98 0.91 0.97 0.84 0.85 0.88 0.93 0.98 0.98 0.98 0.90 0.99 0.94 0.91 0.98 0.86 0.98 0.99 0.97 0.97 0.98 0.99 0.92 0.97 0.98 0.99 0.97 0.99 0.99 0.98 0.98 0.97 0.99 0.99 0.99 0.98 0.99 0.99 0.99 0.98 0.99 0.99 0.99 0.99 0.99 0.99 0.99 0.99 0.98 0.99 0.99 0.99 0.95 0.99 0.99 1.00 0.99 0.99 0.99 0.99 0.99 0.98 0.99 0.99 0.99 0.99 0.99 0.99 0.99 0.99 0.99 0.99 0.99 0.99 0.99 0.99 0.99 0.99 0.99 0.99 0.99 0.99 0.99 0.99 0.99 0.99 0.99 0.99 0.99 1.00 0.99
0.92 0.79 0.68 0.82 0.80 0.75 0.71 0.88 0.80 0.92 0.87 0.96 0.90 0.95 0.97 0.95 0.81 0.94 0.95 0.90 0.97 0.94 0.98 0.98 0.97 0.99 0.97 0.95 0.98 0.97 0.92 0.96 0.99 0.93 0.94 0.99 0.98 0.97 0.99 0.98 0.82 0.98 0.98 0.99 0.99 1.00 0.90 0.99 0.98 0.99 0.99 0.99 0.99 0.98 0.96 0.99 0.99 0.99 0.99 0.99 0.99 0.99 0.99 0.99 0.99 0.99 1.00 0.99 0.99 0.99 0.99 0.99 0.99 0.99 0.99 0.99 1.00 0.99 0.99 0.99 0.99 0.99 1.00 0.99 0.99 0.99 0.99 0.99 0.99 0.99 0.99 0.99 0.98 0.99 0.99 0.99 0.99 0.99 0.99 0.99
0.71 0.78 0.90 0.83 0.94 0.94 0.89 0.82 0.94 0.78 0.95 0.88 0.94 0.77 0.80 0.97 0.92 0.89 0.88 0.88 0.98 0.99 0.99 0.87 0.96 0.98 0.96 0.92 0.99 0.96 0.94 0.96 0.96 0.88 0.99 0.98 0.99 0.88 0.97 0.98 0.99 0.98 0.98 0.99 0.99 0.99 0.99 0.99 0.99 0.99 0.99 0.99 0.99 0.99 0.99 0.99 0.99 0.99 0.99 0.97 0.99 0.99 0.99 0.99 0.97 0.99 0.98 0.99 0.99 0.99 0.99 0.99 0.99 0.99 0.99 0.99 0.99 0.99 0.99 0.99 0.99 0.99 0.99 0.99 0.99 0.99 0.99 0.99 0.99 0.99 0.99 0.99 0.99 0.99 0.99 0.99 0.99 0.99 0.99 0.99
0.79 0.97 0.79 0.87 0.85 0.92 0.89 0.88 0.74 0.84 0.92 0.90 0.90 0.97 0.98 0.93 0.91 0.97 0.92 0.97 0.92 0.87 0.93 0.83 0.99 0.99 0.91 0.96 0.99 0.95 0.96 0.95 0.91 0.98 0.89 0.99 0.99 0.97 0.98 0.90 0.96 0.99 0.99 0.95 0.99 0.97 0.97 0.99 0.99 0.99 0.98 0.99 0.96 0.95 0.98 0.99 0.98 0.99 0.99 0.99 0.99 0.97 0.99 0.99 0.99 0.99 0.99 0.99 0.99 0.99 0.99 0.99 0.99 0.99 0.99 0.98 0.98 0.99 0.99 0.99 0.99 0.99 0.99 0.99 0.99 0.99 0.99 0.99 0.99 0.99 0.99 0.99 0.99 0.99 0.99 0.99 0.99 0.99 0.99 0.99
0.94 0.85 0.85 0.75 0.82 0.91 0.82 0.84 0.92 0.96 0.86 0.84 0.83 0.92 0.76 0.88 0.88 0.99 0.91 0.82 0.97 0.86 0.94 0.99 0.93 0.98 0.97 0.97 0.86 0.99 0.98 0.99 0.96 0.99 0.99 0.98 0.94 0.97 0.98 0.99 0.99 0.99 0.96 0.99 0.99 0.92 0.96 0.98 0.99 0.99 0.99 0.99 0.99 0.99 0.99 0.99 0.98 0.99 0.99 0.99 0.99 0.99 0.99 0.99 0.99 0.98 0.99 0.99 0.99 0.99 0.99 0.99 0.99 0.99 0.99 0.98 0.99 0.97 0.99 0.99 0.99 0.99 0.99 0.99 0.99 0.99 0.99 0.99 0.99 0.99 0.99 0.99 0.99 0.99 0.99 0.99 0.99 0.99 0.99 0.99
0.71 0.88 0.87 0.85 0.78 0.91 0.90 0.87 0.81 0.94 0.74 0.99 0.83 0.89 0.91 0.85 0.92 0.97 0.84 0.88 0.91 0.98 0.97 0.96 0.99 0.99 0.93 0.98 0.95 0.98 0.99 0.97 0.98 0.99 0.99 0.91 0.99 0.99 0.99 0.98 0.98 0.98 0.99 0.91 0.99 0.98 0.99 0.99 0.96 0.97 0.96 0.99 0.93 0.99 0.99 0.96 0.98 0.99 0.99 0.99 0.99 0.99 0.99 0.99 0.98 0.98 0.99 0.99 0.99 0.99 0.96 0.99 0.99 0.99 0.99 0.99 0.99 0.97 0.99 0.99 0.99 0.99 0.99 0.99 0.99 0.99 0.99 0.99 0.99 0.99 0.99 0.99 0.97 0.99 0.99 0.99 1.00 0.99 0.99 0.99
0.67 0.73 0.86 0.64 0.80 0.88 0.90 0.75 0.97 0.93 0.87 0.94 0.82 0.75 0.89 0.85 0.98 0.93 0.96 0.87 0.92 0.94 0.98 0.96 0.97 0.88 0.93 0.97 0.99 0.92 0.93 0.95 0.95 0.99 0.99 0.98 0.96 0.94 0.99 0.99 0.99 0.98 0.97 0.98 0.99 0.94 0.90 0.99 0.99 0.97 0.99 0.99 0.99 0.99 0.98 0.99 0.99 0.99 0.97 0.99 0.99 0.99 1.00 0.99 0.99 0.99 0.99 0.99 0.99 0.99 0.99 0.99 0.99 0.99 0.99 0.99 0.99 0.99 0.99 0.99 0.98 0.99 0.99 0.99 0.99 1.00 0.99 0.99 0.99 0.99 0.99 0.99 0.99 0.99 0.99 0.99 0.99 0.99 0.99 0.99
0.77 0.91 0.88 0.96 0.87 0.70 0.95 0.82 0.80 0.93 0.91 0.98 0.86 0.92 0.87 0.89 0.89 0.90 0.90 0.94 0.95 0.97 0.99 0.93 0.97 0.94 0.94 0.96 0.99 0.92 0.83 0.94 0.93 0.94 0.98 0.99 0.97 0.83 0.94 0.97 0.99 0.98 0.99 0.98 0.99 0.98 0.98 0.98 0.89 0.99 0.98 0.98 0.99 0.99 0.98 0.99 0.95 0.99 0.97 0.99 0.99 0.95 0.99 0.99 0.99 1.00 0.98 0.99 0.99 0.99 0.99 0.99 0.99 0.99 0.99 0.96 0.99 0.99 1.00 0.99 0.99 0.99 0.99 0.99 0.99 0.98 0.99 0.99 0.99 0.99 0.99 0.99 0.99 0.99 0.99 0.99 0.99 0.99 0.99 0.99
0.79 0.92 0.89 0.74 0.63 0.86 0.86 0.95 0.91 0.95 0.86 0.83 0.81 0.85 0.96 0.87 0.93 0.95 0.91 0.87 0.81 0.90 0.96 0.94 0.97 0.99 0.94 0.91 0.99 0.93 0.96 0.95 0.96 0.98 0.99 0.96 0.99 0.99 0.98 0.96 0.99 0.85 0.86 0.98 0.98 0.98 0.98 0.90 0.99 0.99 0.99 0.95 0.98 0.99 0.99 0.98 0.97 0.97 0.98 0.99 0.99 0.99 0.99 0.99 0.99 0.98 0.99 0.99 0.99 0.97 0.98 0.99 0.99 0.99 0.98 1.00 0.99 0.99 0.99 0.99 0.99 0.99 0.99 0.99 0.99 0.99 0.99 0.99 0.99 0.99 0.99 0.99 0.99 0.99 0.99 0.99 0.99 0.99 0.99 0.99
0.75 0.61 0.94 0.95 0.88 0.73 0.92 0.89 0.86 0.84 0.81 0.88 0.95 0.86 0.93 0.90 0.92 0.91 0.84 0.70 0.87 0.94 0.96 0.98 0.91 0.89 0.99 0.98 0.98 0.88 0.97 0.97 0.97 0.98 0.95 0.97 0.91 0.96 0.90 0.98 0.97 0.99 0.97 0.98 0.99 0.98 0.99 0.99 0.97 0.91 0.99 0.95 0.96 0.99 0.99 0.99 0.99 0.99 0.99 0.98 0.98 0.98 0.96 0.99 0.99 1.00 0.99 0.99 0.99 0.99 0.99 0.99 0.99 0.99 0.99 0.99 0.99 0.99 0.99 0.99 0.99 0.98 0.99 0.99 0.99 0.99 0.99 0.99 0.99 0.99 0.99 0.99 0.99 0.99 0.99 0.98 0.99 0.99 0.99 0.99
0.52 0.77 0.81 0.69 0.83 0.74 0.84 0.71 0.84 0.79 0.87 0.66 0.71 0.80 0.82 0.87 0.80 0.99 0.98 0.98 0.97 0.86 0.96 0.98 0.95 0.98 0.80 0.95 0.99 0.99 0.98 0.99 0.86 0.99 0.89 0.99 0.97 0.93 0.98 0.96 0.97 0.98 0.99 0.96 0.97 0.99 0.98 0.99 0.99 0.97 0.98 0.96 0.97 0.99 0.99 0.95 0.99 0.99 0.99 0.99 0.99 0.99 0.99 0.98 0.99 0.99 0.99 0.99 0.99 0.99 0.99 0.99 0.99 0.99 0.99 0.99 0.99 0.99 0.99 0.99 0.99 0.99 0.99 0.99 0.99 0.99 0.99 0.99 0.99 0.99 0.99 0.99 0.99 0.99 0.99 0.99 0.99 0.99 0.99 0.99
0.78 0.76 0.69 0.80 0.93 0.79 0.93 0.78 0.91 0.81 0.63 0.82 0.89 0.89 0.90 0.83 0.76 0.91 0.99 0.89 0.90 0.93 0.89 0.88 0.91 0.95 0.88 0.89 0.88 0.87 0.89 0.91 0.96 0.99 0.99 0.97 0.99 0.99 0.93 0.90 0.98 0.95 0.99 0.98 0.98 0.99 0.98 0.99 0.98 0.99 0.99 0.99 0.97 0.99 0.99 0.98 0.99 0.99 0.99 0.99 0.99 0.99 0.99 0.97 1.00 0.99 0.99 0.99 0.99 0.99 0.98 0.99 0.99 0.99 0.99 0.99 0.99 0.99 0.99 0.99 0.99 0.98 0.99 0.99 0.99 0.99 0.98 0.99 0.99 0.99 0.99 0.99 0.99 0.99 0.99 0.99 0.99 0.98 0.99 0.99
0.76 0.73 0.91 0.88 0.84 0.78 0.80 0.89 0.90 0.69 0.69 0.86 0.86 0.82 0.98 0.75 0.78 0.98 0.86 0.88 0.90 0.95 0.95 0.98 0.91 0.99 0.92 0.96 0.88 0.88 0.96 0.97 0.99 0.98 0.99 0.99 0.94 0.98 0.96 0.99 0.95 0.90 0.99 0.97 0.98 0.98 0.93 0.99 0.99 0.98 0.99 0.97 0.99 0.99 0.94 0.99 0.98 0.99 0.96 0.99 0.98 0.99 0.99 0.95 0.99 0.98 0.99 0.99 0.99 0.99 0.99 0.99 0.99 0.99 0.99 0.99 0.98 0.99 0.99 0.99 0.99 0.99 0.99 0.99 0.99 0.99 0.99 0.99 0.99 0.99 0.99 0.99 0.99 0.98 0.99 0.97 0.99 0.99 0.97 0.99
0.79 0.78 0.75 0.78 0.84 0.91 0.85 0.89 0.93 0.78 0.87 0.83 0.90 0.80 0.72 0.90 0.88 0.89 0.91 0.88 0.90 0.86 0.88 0.91 0.98 0.87 0.88 0.87 0.97 0.85 0.93 0.99 0.83 0.94 0.90 0.86 0.92 0.90 0.99 0.98 0.86 0.97 0.97 0.94 0.99 0.99 0.98 0.97 0.99 0.98 0.98 0.97 0.99 0.99 0.89 0.99 0.99 0.98 0.93 0.99 0.96 0.99 0.97 0.99 0.97 0.99 0.99 0.99 0.99 0.99 0.99 0.99 0.99 0.99 0.99 0.99 0.99 0.99 0.98 0.99 0.99 0.99 0.99 0.99 0.99 0.99 0.99 0.99 0.98 0.99 1.00 0.99 0.99 0.99 0.98 0.99 0.99 0.99 0.99 0.99
0.69 0.93 0.83 0.77 0.65 0.79 0.91 0.82 0.95 0.84 0.88 0.77 0.84 0.86 0.78 0.83 0.60 0.90 0.76 0.73 0.89 0.86 0.90 0.90 0.91 0.93 0.95 0.87 0.94 0.89 0.99 0.96 0.99 0.99 0.94 0.94 0.91 0.99 0.86 0.99 0.88 0.98 0.99 0.99 0.97 0.99 0.95 0.97 0.98 0.96 0.98 0.98 0.96 0.98 0.99 0.99 0.99 0.99 0.98 0.99 0.89 0.99 0.97 0.99 0.99 0.99 0.99 0.99 0.98 0.98 0.99 0.99 0.99 0.99 0.99 0.98 0.99 0.93 0.99 0.99 0.99 0.99 0.99 0.99 0.99 0.98 0.99 0.99 0.99 0.99 0.99 0.99 0.99 0.99 0.99 0.98 0.98 0.99 0.99 0.99
0.75 0.62 0.78 0.93 0.81 0.80 0.86 0.70 0.88 0.74 0.71 0.78 0.86 0.84 0.90 0.61 0.85 0.73 0.88 0.95 0.93 0.88 0.92 0.89 0.99 0.75 0.87 0.97 0.92 0.99 0.68 0.78 0.90 0.98 0.98 0.97 0.99 0.98 0.93 0.88 0.93 0.99 0.97 0.97 0.99 0.86 0.99 0.90 0.99 0.99 0.99 0.99 0.99 0.99 0.99 0.99 0.99 0.98 0.95 0.97 0.98 0.98 0.97 0.99 0.99 0.99 0.97 0.99 0.99 0.99 0.98 0.99 0.99 0.99 0.99 0.99 0.99 0.99 0.99 0.99 0.99 0.99 0.99 0.97 0.99 0.99 0.99 0.98 0.99 0.99 0.99 0.99 0.99 0.99 0.99 0.99 0.99 0.98 0.99 1.00
0.64 0.58 0.79 0.67 0.76 0.70 0.68 0.78 0.91 0.83 0.80 0.66 0.89 0.75 0.84 0.70 0.80 0.97 0.96 0.91 0.97 0.84 0.79 0.97 0.88 0.95 0.92 0.97 0.89 0.88 0.98 0.87 0.97 0.98 0.97 0.97 0.98 0.99 0.86 0.95 0.99 0.90 0.89 0.97 0.97 0.95 0.98 0.97 0.97 0.99 0.99 0.94 0.86 0.99 1.00 0.98 0.99 0.97 0.99 0.97 0.90 0.99 0.99 0.99 0.99 0.99 0.95 0.99 0.98 0.99 0.99 0.99 0.99 0.99 0.98 0.98 0.99 0.99 0.97 0.99 0.99 0.99 0.99 0.99 0.99 0.99 0.99 0.99 0.98 0.99 0.99 0.99 0.99 0.99 0.99 0.99 0.99 0.99 0.99 0.99
0.59 0.76 0.80 0.70 0.79 0.81 0.70 0.69 0.82 0.91 0.90 0.73 0.72 0.79 0.92 0.97 0.81 0.80 0.88 0.86 0.94 0.96 0.84 0.82 0.83 0.93 0.98 0.86 0.93 0.89 0.99 0.91 0.96 0.95 0.96 0.88 0.89 0.98 0.89 0.99 0.92 0.87 0.99 0.97 0.98 0.92 0.98 0.97 0.95 0.99 0.98 0.99 0.99 0.97 0.99 0.97 0.99 0.99 0.99 0.99 0.97 0.98 0.99 0.99 0.99 0.98 0.99 0.93 0.96 0.99 0.99 0.99 0.99 0.99 0.99 0.99 0.97 0.99 0.99 0.99 0.98 0.99 0.99 0.99 0.92 0.99 0.99 0.99 0.99 0.99 0.99 0.99 0.98 0.99 0.99 0.99 0.99 0.98 0.99 0.99
0.65 0.84 0.60 0.80 0.77 0.66 0.58 0.74 0.91 0.81 0.58 0.76 0.76 0.86 0.89 0.74 0.72 0.83 0.94 0.64 0.87 0.87 0.82 0.88 0.97 0.91 0.88 0.71 0.93 0.97 0.84 0.95 0.88 0.98 0.86 0.98 0.95 0.98 0.97 0.97 0.95 0.90 0.95 0.99 0.99 0.99 0.84 0.94 0.90 0.87 0.98 0.99 0.97 0.99 0.97 0.98 0.89 0.98 0.99 0.99 0.94 0.99 0.99 0.98 0.99 0.89 0.99 0.99 0.99 0.95 0.90 0.99 0.98 0.99 0.98 0.99 0.99 0.98 0.99 0.99 0.99 0.99 0.98 0.99 0.98 0.99 0.99 0.96 0.99 0.99 0.99 0.97 0.99 0.98 0.99 0.99 0.98 0.99 0.99 0.99
0.73 0.46 0.74 0.72 0.63 0.73 0.64 0.81 0.79 0.79 0.58 0.68 0.85 0.80 0.87 0.90 0.79 0.84 0.70 0.65 0.96 0.98 0.88 0.92 0.90 0.89 0.98 0.97 0.91 0.87 0.97 0.91 0.91 0.90 0.99 0.94 0.88 0.99 0.95 0.98 0.97 0.98 0.97 0.99 0.98 0.90 0.99 0.98 0.90 0.98 0.91 0.98 0.90 0.99 0.96 0.99 0.97 0.99 0.99 0.99 0.95 0.97 0.98 0.99 0.99 0.99 0.94 0.98 0.96 0.99 0.98 0.99 0.99 0.97 0.99 0.99 0.90 0.99 0.97 0.99 0.99 0.99 0.99 0.99 0.99 0.97 0.99 0.99 0.98 0.99 0.98 0.98 0.97 0.99 0.98 0.99 0.99 0.99 0.99 0.99
0.60 0.60 0.53 0.71 0.79 0.56 0.74 0.76 0.60 0.76 0.87 0.82 0.68 0.81 0.73 0.82 0.73 0.88 0.86 0.98 0.80 0.90 0.77 0.91 0.90 0.84 0.96 0.90 0.93 0.83 0.97 0.85 0.89 0.94 0.87 0.82 0.98 0.92 0.97 0.99 0.90 0.97 0.97 0.95 0.99 0.98 0.99 0.98 0.89 0.83 0.98 0.99 0.99 0.91 0.93 0.98 0.91 0.99 0.99 0.99 0.98 0.98 0.99 0.95 0.95 0.99 0.99 0.99 0.99 0.98 0.99 0.99 0.99 0.99 0.98 0.98 0.99 0.99 0.99 0.99 0.99 0.99 0.99 0.98 0.99 0.99 0.99 0.99 0.99 0.99 0.99 0.98 0.99 0.99 0.99 0.98 0.98 0.99 0.99 0.99
0.59 0.58 0.55 0.83 0.77 0.85 0.67 0.65 0.82 0.68 0.81 0.65 0.68 0.90 0.67 0.72 0.90 0.94 0.94 0.75 0.86 0.88 0.74 0.86 0.85 0.79 0.82 0.63 0.98 0.93 0.81 0.87 0.88 0.86 0.96 0.95 0.80 0.89 0.99 0.93 0.98 0.98 0.97 0.99 0.98 0.99 0.97 0.78 0.98 0.99 0.97 0.99 0.99 0.97 0.99 0.99 0.98 0.98 0.99 0.99 0.98 0.99 0.99 0.99 0.98 0.98 0.90 0.99 0.99 0.99 0.99 0.97 0.99 0.99 0.98 0.99 0.98 0.99 0.99 0.99 0.99 0.99 0.99 0.99 0.98 0.99 0.99 0.99 0.98 0.99 0.99 0.99 0.98 0.99 0.99 0.99 0.99 0.99 0.99 0.98
0.63 0.63 0.70 0.68 0.61 0.70 0.61 0.89 0.76 0.75 0.46 0.79 0.79 0.93 0.79 0.73 0.67 0.85 0.72 0.73 0.72 0.89 0.89 0.84 0.82 0.95 0.89 0.96 0.69 0.83 0.95 0.83 0.86 0.90 0.84 0.78 0.97 0.97 0.81 0.96 0.88 0.85 0.87 0.90 0.89 0.93 0.98 0.97 0.99 0.94 0.99 0.99 0.99 0.92 0.97 0.98 0.98 0.98 0.99 0.96 0.99 0.95 0.96 0.99 0.99 0.99 0.99 0.99 0.99 0.99 0.98 0.99 0.99 0.99 0.99 0.99 0.99 0.99 0.98 0.99 0.99 0.98 0.99 0.99 0.99 0.99 0.99 0.98 0.99 0.99 0.99 0.97 0.99 0.99 0.98 0.99 0.99 0.99 0.99 0.99
0.81 0.62 0.49 0.65 0.63 0.65 0.79 0.73 0.76 0.78 0.84 0.87 0.66 0.89 0.79 0.75 0.81 0.72 0.86 0.76 0.91 0.92 0.98 0.81 0.82 0.96 0.81 0.91 0.88 0.88 0.87 0.93 0.81 0.81 0.87 0.88 0.79 0.90 0.98 0.89 0.98 0.95 0.86 0.98 0.96 0.99 0.83 0.91 0.99 0.99 0.99 0.96 0.95 0.99 0.99 0.98 0.97 0.98 0.91 0.96 0.99 0.98 0.88 0.96 0.98 0.98 0.99 0.99 0.99 0.94 0.99 0.99 0.99 0.98 0.99 0.99 0.98 0.97 0.99 0.99 0.99 0.99 0.99 0.98 0.99 0.99 0.99 0.99 0.99 0.98 0.99 0.99 0.99 0.99 0.99 0.99 0.99 0.99 0.98 0.99
0.67 0.58 0.51 0.59 0.70 0.77 0.71 0.66 0.72 0.52 0.60 0.71 0.64 0.92 0.77 0.78 0.80 0.79 0.75 0.75 0.89 0.89 0.87 0.76 0.84 0.73 0.94 0.95 0.75 0.80 0.84 0.88 0.87 0.89 0.91 0.90 0.90 0.89 0.95 0.90 0.79 0.94 0.95 0.95 0.99 0.96 0.99 0.88 0.99 0.99 0.97 0.98 0.98 0.97 0.96 0.93 0.92 0.89 0.97 0.98 0.98 0.95 0.94 0.99 0.98 0.99 0.98 0.94 0.99 0.98 0.98 0.99 0.98 0.99 0.98 0.99 0.98 0.99 0.99 0.99 0.99 0.99 0.99 0.99 0.99 0.99 0.98 0.98 0.99 0.99 0.99 0.99 0.99 0.99 0.99 0.99 0.98 0.99 0.98 0.97
0.59 0.70 0.59 0.79 0.78 0.79 0.63 0.87 0.66 0.57 0.58 0.76 0.60 0.91 0.60 0.76 0.65 0.80 0.73 0.74 0.71 0.89 0.86 0.85 0.90 0.84 0.90 0.77 0.64 0.93 0.86 0.90 0.86 0.96 0.90 0.89 0.98 0.96 0.79 0.87 0.96 0.98 0.96 0.98 0.94 0.99 0.92 0.90 0.97 0.97 0.96 0.98 0.98 0.96 0.90 0.99 0.83 0.94 0.94 0.98 0.99 0.98 0.99 0.99 0.98 0.95 0.98 0.93 0.96 0.98 0.98 0.99 0.99 0.99 0.95 0.99 0.98 0.99 0.97 0.99 0.99 0.95 0.99 0.99 0.99 0.99 0.99 0.98 0.96 0.99 0.99 0.98 0.99 0.99 0.99 0.98 0.98 0.98 0.99 0.98
0.82 0.60 0.65 0.68 0.67 0.63 0.87 0.66 0.63 0.75 0.77 0.86 0.81 0.68 0.94 0.82 0.63 0.90 0.76 0.72 0.93 0.83 0.88 0.80 0.82 0.76 0.86 0.78 0.90 0.90 0.94 0.86 0.96 0.86 0.93 0.76 0.95 0.88 0.86 0.87 0.95 0.99 0.87 0.87 0.97 0.85 0.97 0.99 0.79 0.94 0.92 0.99 0.99 0.97 0.97 0.99 0.97 0.99 0.92 0.99 0.98 0.98 0.98 0.97 0.96 0.99 0.98 0.98 0.97 0.98 0.99 0.99 0.98 0.96 0.99 0.99 0.99 0.98 0.98 0.99 0.99 0.97 0.99 0.98 0.99 0.99 0.96 0.98 0.99 0.99 0.99 0.99 0.98 0.96 0.99 0.99 0.98 0.99 0.98 0.99
0.61 0.63 0.61 0.55 0.82 0.74 0.59 0.49 0.70 0.49 0.70 0.53 0.72 0.78 0.82 0.66 0.80 0.60 0.79 0.93 0.73 0.90 0.85 0.78 0.78 0.93 0.95 0.94 0.97 0.82 0.96 0.95 0.67 0.85 0.84 0.86 0.93 0.96 0.92 0.84 0.95 0.98 0.89 0.86 0.96 0.91 0.98 0.99 0.98 0.90 0.97 0.91 0.98 0.91 0.94 0.89 0.92 0.98 0.98 0.99 0.93 0.99 0.99 0.99 0.97 0.91 0.99 0.93 0.98 0.99 0.95 0.98 0.99 0.99 0.99 0.99 0.92 0.97 0.99 0.98 0.99 0.98 0.99 0.99 0.99 0.99 0.98 0.98 0.99 0.99 0.97 0.98 0.99 0.99 0.99 0.99 0.98 0.98 0.99 0.99
0.54 0.59 0.60 0.52 0.43 0.63 0.65 0.81 0.61 0.66 0.64 0.53 0.70 0.53 0.61 0.64 0.97 0.84 0.78 0.76 0.75 0.82 0.85 0.81 0.89 0.95 0.69 0.89 0.96 0.84 0.85 0.77 0.83 0.84 0.90 0.98 0.96 0.88 0.87 0.81 0.85 0.90 0.80 0.82 0.97 0.98 0.96 0.94 0.99 0.97 0.96 0.99 0.98 0.85 0.90 0.98 0.96 0.98 0.98 0.91 0.97 0.99 0.97 0.90 0.96 0.97 0.99 0.98 0.99 0.87 0.99 0.99 0.99 0.99 0.98 0.99 0.99 0.99 0.99 0.97 0.98 0.99 0.99 0.99 0.98 0.99 0.98 0.99 0.98 0.96 0.98 0.99 0.98 0.98 0.98 0.99 0.95 0.99 0.99 0.99
0.53 0.53 0.76 0.69 0.61 0.53 0.71 0.77 0.61 0.47 0.86 0.65 0.75 0.72 0.67 0.74 0.66 0.86 0.83 0.62 0.83 0.81 0.74 0.89 0.78 0.92 0.87 0.85 0.78 0.97 0.82 0.84 0.95 0.87 0.91 0.93 0.95 0.87 0.95 0.96 0.97 0.80 0.91 0.83 0.89 0.93 0.99 0.91 0.96 0.96 0.92 0.89 0.92 0.97 0.91 0.99 0.96 0.99 0.94 0.97 0.98 0.98 0.97 0.98 0.97 0.98 0.97 0.99 0.99 0.99 0.98 0.98 0.99 0.98 0.98 0.98 0.99 0.99 0.99 0.99 0.99 0.98 0.99 0.99 0.99 0.99 0.99 0.96 0.97 0.98 0.98 0.99 0.98 0.98 0.98 0.95 0.99 0.98 0.99 0.99
0.59 0.56 0.59 0.59 0.51 0.55 0.83 0.59 0.58 0.69 0.83 0.69 0.76 0.64 0.76 0.74 0.85 0.78 0.75 0.72 0.77 0.92 0.84 0.85 0.76 0.89 0.92 0.86 0.77 0.87 0.88 0.75 0.87 0.78 0.88 0.92 0.87 0.97 0.82 0.91 0.91 0.86 0.89 0.90 0.87 0.87 0.96 0.98 0.97 0.91 0.97 0.93 0.96 0.87 0.97 0.94 0.93 0.99 0.99 0.97 0.82 0.98 0.99 0.96 0.96 0.99 0.98 0.96 0.98 0.97 0.99 0.97 0.97 0.99 0.99 0.92 0.98 0.98 0.99 0.99 0.98 0.99 0.99 0.98 0.94 0.99 0.90 0.99 0.99 0.99 0.98 0.98 0.99 0.99 0.96 0.95 0.99 0.99 0.98 0.99
0.73 0.42 0.72 0.77 0.63 0.57 0.65 0.67 0.76 0.71 0.71 0.68 0.76 0.61 0.76 0.73 0.80 0.69 0.55 0.48 0.66 0.87 0.75 0.68 0.81 0.70 0.89 0.63 0.91 0.81 0.70 0.86 0.79 0.91 0.83 0.98 0.96 0.87 0.73 0.91 0.96 0.82 0.76 0.94 0.96 0.98 0.90 0.91 0.91 0.98 0.98 0.96 0.95 0.96 0.96 0.97 0.96 0.92 0.99 0.98 0.98 0.98 0.98 0.99 0.86 0.91 0.97 0.80 0.99 0.99 0.97 0.99 0.98 0.98 0.89 0.99 0.89 0.99 0.99 0.99 0.99 0.99 0.99 0.99 0.99 0.99 0.99 0.99 0.98 0.98 0.99 0.99 0.99 0.99 0.99 0.98 0.99 0.95 0.98 0.99
0.61 0.47 0.56 0.48 0.84 0.55 0.79 0.85 0.77 0.60 0.65 0.60 0.73 0.65 0.70 0.73 0.53 0.84 0.80 0.68 0.73 0.88 0.64 0.77 0.86 0.81 0.89 0.94 0.66 0.74 0.88 0.76 0.72 0.96 0.91 0.73 0.91 0.96 0.97 0.72 0.78 0.94 0.89 0.81 0.94 0.98 0.83 0.94 0.98 0.98 0.85 0.90 0.98 0.98 0.91 0.99 0.98 0.96 0.96 0.90 0.99 0.93 0.93 0.99 0.99 0.90 0.95 0.98 0.88 0.99 0.98 0.99 0.98 0.98 0.99 0.99 0.89 0.94 0.99 0.99 0.99 0.92 0.99 0.98 0.99 0.99 0.99 0.98 0.99 0.99 0.91 0.99 0.99 0.99 0.99 0.98 0.99 0.99 0.99 0.98
0.54 0.58 0.56 0.51 0.56 0.62 0.85 0.73 0.63 0.76 0.60 0.69 0.68 0.60 0.71 0.70 0.79 0.64 0.86 0.82 0.81 0.72 0.82 0.82 0.94 0.87 0.84 0.87 0.84 0.86 0.71 0.83 0.87 0.95 0.97 0.93 0.93 0.85 0.90 0.84 0.97 0.80 0.96 0.97 0.90 0.90 0.88 0.89 0.76 0.97 0.91 0.93 0.96 0.95 0.88 0.88 0.93 0.97 0.94 0.91 0.98 0.99 0.93 0.93 0.98 0.98 0.83 0.98 0.98 0.96 0.99 0.89 0.96 0.99 0.88 0.99 0.99 0.98 0.98 0.97 0.99 0.96 0.98 0.99 0.97 0.99 0.92 0.93 0.99 0.99 0.99 0.98 0.99 0.99 0.98 0.98 0.98 0.99 0.97 0.99
0.38 0.67 0.58 0.52 0.64 0.72 0.60 0.64 0.70 0.64 0.73 0.76 0.76 0.81 0.58 0.75 0.73 0.85 0.77 0.60 0.80 0.70 0.68 0.88 0.75 0.86 0.74 0.84 0.90 0.81 0.80 0.77 0.85 0.80 0.74 0.82 0.80 0.93 0.98 0.86 0.85 0.88 0.91 0.85 0.97 0.97 0.75 0.84 0.90 0.93 0.98 0.97 0.95 0.96 0.98 0.90 0.84 0.97 0.99 0.98 0.98 0.89 0.88 0.90 0.98 0.95 0.96 0.96 0.98 0.98 0.98 0.97 0.96 0.96 0.98 0.99 0.98 0.98 0.98 0.99 0.98 0.92 0.97 0.98 0.99 0.99 0.98 0.98 0.99 0.96 0.98 0.98 0.99 0.97 0.98 0.99 0.99 0.98 0.98 0.99
0.50 0.34 0.48 0.62 0.53 0.56 0.56 0.42 0.58 0.54 0.59 0.82 0.79 0.65 0.65 0.72 0.78 0.87 0.83 0.63 0.51 0.63 0.69 0.85 0.92 0.75 0.90 0.71 0.75 0.73 0.74 0.84 0.89 0.89 0.81 0.82 0.78 0.90 0.87 0.95 0.80 0.73 0.82 0.90 0.99 0.82 0.85 0.98 0.81 0.88 0.88 0.92 0.98 0.96 0.87 0.87 0.89 0.94 0.94 0.84 0.87 0.92 0.94 0.99 0.99 0.98 0.99 0.90 0.98 0.88 0.90 0.98 0.89 0.99 0.97 0.99 0.93 0.97 0.99 0.98 0.99 0.98 0.98 0.97 0.98 0.99 0.99 0.98 0.96 0.98 0.99 0.96 0.99 0.99 0.99 0.99 0.98 0.99 0.98 0.99
0.40 0.70 0.53 0.62 0.61 0.52 0.49 0.57 0.73 0.54 0.74 0.65 0.63 0.51 0.64 0.73 0.76 0.68 0.81 0.73 0.79 0.68 0.45 0.84 0.72 0.70 0.71 0.81 0.67 0.89 0.78 0.87 0.81 0.91 0.78 0.90 0.77 0.81 0.79 0.88 0.87 0.91 0.85 0.74 0.89 0.88 0.68 0.81 0.99 0.83 0.89 0.89 0.89 0.96 0.90 0.83 0.97 0.94 0.93 0.97 0.84 0.80 0.93 0.98 0.96 0.93 0.98 0.96 0.97 0.97 0.99 0.98 0.99 0.97 0.96 0.97 0.98 0.99 0.95 0.99 0.99 0.98 0.94 0.99 0.98 0.99 0.97 0.99 0.97 0.99 0.99 0.98 0.97 0.99 0.98 0.99 0.97 0.98 0.99 0.99
0.54 0.39 0.36 0.63 0.70 0.54 0.70 0.55 0.56 0.50 0.76 0.77 0.62 0.76 0.62 0.62 0.75 0.77 0.73 0.59 0.83 0.69 0.82 0.71 0.78 0.83 0.69 0.73 0.58 0.85 0.77 0.88 0.62 0.90 0.94 0.93 0.87 0.80 0.80 0.94 0.87 0.90 0.96 0.90 0.88 0.89 0.87 0.91 0.95 0.89 0.78 0.98 0.82 0.98 0.96 0.98 0.97 0.90 0.97 0.99 0.98 0.96 0.92 0.98 0.98 0.98 0.98 0.94 0.97 0.88 0.99 0.99 0.99 0.98 0.98 0.95 0.98 0.89 0.98 0.93 0.98 0.98 0.97 0.98 0.99 0.95 0.98 0.99 0.98 0.98 0.96 0.99 0.98 0.99 0.99 0.98 0.98 0.97 0.98 0.96
0.61 0.46 0.42 0.65 0.51 0.50 0.66 0.58 0.66 0.41 0.63 0.59 0.88 0.61 0.56 0.61 0.69 0.69 0.66 0.55 0.65 0.76 0.81 0.75 0.72 0.75 0.93 0.72 0.64 0.73 0.88 0.82 0.79 0.92 0.76 0.82 0.83 0.80 0.87 0.96 0.86 0.89 0.94 0.90 0.96 0.87 0.88 0.99 0.87 0.68 0.96 0.98 0.93 0.78 0.94 0.95 0.98 0.96 0.93 0.97 0.95 0.98 0.99 0.89 0.97 0.99 0.96 0.98 0.99 0.98 0.99 0.99 0.96 0.99 0.98 0.98 0.99 0.91 0.97 0.99 0.98 0.94 0.99 0.98 0.98 0.97 0.99 0.98 0.98 0.98 0.98 0.98 0.99 0.96 0.96 0.99 0.99 0.97 0.97 0.98
0.40 0.67 0.56 0.36 0.44 0.44 0.56 0.39 0.65 0.56 0.66 0.80 0.51 0.65 0.66 0.65 0.70 0.78 0.61 0.49 0.63 0.91 0.59 0.67 0.68 0.80 0.69 0.81 0.87 0.95 0.84 0.65 0.62 0.86 0.86 0.74 0.79 0.90 0.98 0.67 0.76 0.80 0.77 0.87 0.92 0.86 0.95 0.88 0.96 0.80 0.93 0.79 0.84 0.94 0.96 0.97 0.90 0.98 0.94 0.84 0.98 0.92 0.89 0.97 0.89 0.87 0.90 0.99 0.89 0.98 0.98 0.91 0.92 0.92 0.98 0.97 0.99 0.98 0.91 0.97 0.99 0.99 0.99 0.99 0.99 0.98 0.98 0.99 0.97 0.99 0.97 0.98 0.98 0.98 0.98 0.96 0.98 0.98 0.98 0.99
0.33 0.46 0.42 0.54 0.45 0.68 0.65 0.47 0.45 0.59 0.29 0.45 0.44 0.61 0.73 0.67 0.77 0.46 0.75 0.51 0.84 0.68 0.68 0.72 0.85 0.56 0.77 0.87 0.73 0.70 0.81 0.86 0.84 0.81 0.85 0.78 0.72 0.77 0.86 0.88 0.85 0.81 0.94 0.90 0.92 0.93 0.73 0.88 0.86 0.96 0.80 0.74 0.95 0.93 0.92 0.91 0.90 0.99 0.92 0.96 0.97 0.97 0.97 0.97 0.96 0.98 0.95 0.98 0.98 0.90 0.93 0.98 0.98 0.98 0.97 0.96 0.97 0.99 0.99 0.99 0.98 0.98 0.99 0.98 0.98 0.99 0.98 0.98 0.91 0.99 0.98 0.99 0.99 0.99 0.97 0.99 0.99 0.94 0.98 0.98
0.53 0.58 0.38 0.44 0.59 0.53 0.59 0.54 0.68 0.36 0.59 0.58 0.52 0.64 0.63 0.70 0.65 0.71 0.74 0.45 0.80 0.57 0.72 0.60 0.81 0.73 0.79 0.89 0.87 0.80 0.72 0.84 0.78 0.73 0.91 0.77 0.75 0.82 0.83 0.82 0.87 0.86 0.91 0.90 0.81 0.87 0.94 0.98 0.92 0.97 0.92 0.91 0.93 0.65 0.97 0.76 0.91 0.96 0.89 0.88 0.95 0.96 0.93 0.96 0.89 0.98 0.99 0.98 0.97 0.96 0.88 0.97 0.97 0.98 0.87 0.98 0.97 0.96 0.98 0.98 0.98 0.99 0.98 0.94 0.94 0.99 0.98 0.98 0.96 0.97 0.95 0.98 0.99 0.98 0.97 0.98 0.99 0.99 0.95 0.98
0.56 0.53 0.53 0.45 0.53 0.64 0.65 0.41 0.53 0.50 0.70 0.70 0.70 0.69 0.56 0.76 0.83 0.41 0.58 0.63 0.81 0.73 0.76 0.51 0.58 0.64 0.74 0.90 0.46 0.88 0.86 0.88 0.78 0.86 0.84 0.74 0.87 0.74 0.70 0.86 0.94 0.85 0.74 0.86 0.86 0.73 0.93 0.93 0.96 0.95 0.78 0.87 0.74 0.95 0.91 0.84 0.98 0.88 0.72 0.94 0.83 0.94 0.99 0.94 0.97 0.98 0.89 0.94 0.92 0.90 0.98 0.97 0.98 0.95 0.99 0.96 0.97 0.97 0.98 0.99 0.91 0.98 0.98 0.98 0.98 0.99 0.98 0.96 0.99 0.99 0.94 0.98 0.99 0.99 0.98 0.98 0.96 0.98 0.95 0.97
0.48 0.45 0.54 0.61 0.52 0.27 0.35 0.52 0.38 0.47 0.52 0.61 0.45 0.63 0.68 0.67 0.57 0.62 0.48 0.57 0.51 0.63 0.64 0.77 0.75 0.69 0.88 0.85 0.59 0.79 0.93 0.80 0.86 0.68 0.61 0.80 0.94 0.71 0.80 0.85 0.90 0.83 0.95 0.75 0.90 0.90 0.93 0.95 0.80 0.95 0.83 0.89 0.88 0.93 0.91 0.99 0.96 0.90 0.98 0.93 0.81 0.98 0.91 0.98 0.96 0.91 0.97 0.97 0.99 0.98 0.98 0.94 0.97 0.98 0.95 0.98 0.92 0.95 0.99 0.98 0.89 0.99 0.92 0.99 0.97 0.97 0.92 0.92 0.97 0.97 0.99 0.94 0.97 0.96 0.96 0.99 0.99 0.98 0.98 0.96
0.59 0.47 0.64 0.48 0.46 0.42 0.43 0.47 0.44 0.39 0.58 0.41 0.59 0.42 0.50 0.60 0.60 0.61 0.59 0.70 0.56 0.70 0.70 0.85 0.55 0.87 0.71 0.73 0.62 0.60 0.61 0.88 0.77 0.81 0.72 0.97 0.91 0.79 0.95 0.84 0.83 0.69 0.86 0.96 0.85 0.72 0.94 0.86 0.80 0.83 0.91 0.97 0.92 0.99 0.97 0.90 0.97 0.96 0.85 0.99 0.98 0.66 0.96 0.94 0.98 0.89 0.99 0.95 0.99 0.90 0.97 0.99 0.84 0.92 0.95 0.97 0.93 0.92 0.94 0.92 0.97 0.97 0.99 0.99 0.95 0.98 0.96 0.98 0.95 0.99 0.98 0.99 0.98 0.98 0.98 0.98 0.90 0.97 0.98 0.98
0.50 0.51 0.62 0.49 0.42 0.33 0.55 0.46 0.50 0.36 0.49 0.56 0.60 0.49 0.47 0.68 0.57 0.57 0.58 0.37 0.64 0.57 0.67 0.68 0.53 0.61 0.64 0.76 0.61 0.88 0.75 0.73 0.83 0.88 0.95 0.78 0.83 0.68 0.65 0.76 0.60 0.86 0.84 0.77 0.88 0.63 0.87 0.81 0.94 0.87 0.89 0.86 0.86 0.83 0.97 0.90 0.77 0.91 0.91 0.96 0.96 0.93 0.96 0.85 0.95 0.97 0.84 0.95 0.96 0.95 0.98 0.97 0.96 0.97 0.98 0.96 0.98 0.98 0.94 0.96 0.94 0.98 0.95 0.97 0.97 0.97 0.91 0.98 0.98 0.98 0.96 0.96 0.96 0.95 0.99 0.98 0.97 0.96 0.97 0.97
0.50 0.36 0.55 0.49 0.36 0.30 0.37 0.58 0.49 0.45 0.54 0.57 0.61 0.64 0.40 0.50 0.50 0.51 0.63 0.72 0.86 0.54 0.80 0.86 0.65 0.70 0.56 0.51 0.73 0.91 0.90 0.81 0.70 0.89 0.81 0.77 0.81 0.72 0.79 0.79 0.79 0.82 0.74 0.80 0.80 0.76 0.82 0.96 0.79 0.87 0.94 0.87 0.92 0.98 0.92 0.86 0.88 0.91 0.84 0.98 0.88 0.97 0.97 0.83 0.92 0.98 0.99 0.93 0.94 0.98 0.92 0.92 0.98 0.94 0.99 0.98 0.97 0.97 0.98 0.88 0.96 0.96 0.97 0.98 0.95 0.97 0.97 0.98 0.97 0.96 0.94 0.98 0.98 0.98 0.97 0.97 0.95 0.98 0.98 0.95
0.46 0.30 0.30 0.44 0.39 0.35 0.61 0.48 0.49 0.53 0.55 0.63 0.54 0.48 0.65 0.54 0.55 0.60 0.55 0.66 0.42 0.48 0.72 0.65 0.59 0.61 0.75 0.91 0.71 0.71 0.86 0.63 0.67 0.70 0.83 0.65 0.79 0.68 0.84 0.76 0.80 0.93 0.63 0.86 0.82 0.78 0.82 0.55 0.90 0.94 0.75 0.86 0.91 0.88 0.97 0.73 0.95 0.64 0.98 0.85 0.96 0.96 0.98 0.94 0.93 0.96 0.86 0.85 0.89 0.93 0.96 0.96 0.96 0.95 0.97 0.93 0.95 0.94 0.98 0.97 0.98 0.98 0.99 0.96 0.94 0.98 0.97 0.94 0.98 0.98 0.98 0.97 0.98 0.93 0.96 0.95 0.96 0.92 0.98 0.96
0.17 0.35 0.27 0.47 0.50 0.39 0.29 0.43 0.46 0.51 0.43 0.38 0.62 0.55 0.49 0.31 0.35 0.54 0.42 0.52 0.45 0.60 0.68 0.58 0.70 0.46 0.61 0.71 0.79 0.76 0.80 0.72 0.52 0.62 0.73 0.58 0.85 0.60 0.70 0.84 0.64 0.75 0.98 0.87 0.80 0.87 0.84 0.87 0.61 0.87 0.80 0.82 0.84 0.90 0.95 0.86 0.91 0.93 0.87 0.96 0.95 0.86 0.85 0.91 0.89 0.69 0.87 0.92 0.93 0.96 0.86 0.94 0.92 0.96 0.96 0.91 0.98 0.96 0.83 0.96 0.97 0.89 0.96 0.96 0.91 0.98 0.94 0.97 0.95 0.97 0.94 0.96 0.97 0.96 0.95 0.95 0.93 0.97 0.97 0.96
0.25 0.30 0.45 0.49 0.40 0.40 0.35 0.40 0.40 0.56 0.41 0.60 0.53 0.51 0.74 0.52 0.59 0.49 0.46 0.62 0.69 0.60 0.58 0.61 0.74 0.60 0.52 0.81 0.64 0.77 0.69 0.76 0.68 0.75 0.83 0.85 0.67 0.73 0.89 0.68 0.62 0.90 0.65 0.80 0.81 0.84 0.83 0.80 0.82 0.86 0.92 0.91 0.85 0.91 0.87 0.85 0.79 0.94 0.92 0.91 0.84 0.98 0.91 0.96 0.88 0.97 0.88 0.95 0.89 0.85 0.88 0.94 0.92 0.96 0.95 0.81 0.95 0.97 0.97 0.96 0.94 0.97 0.95 0.96 0.93 0.99 0.95 0.99 0.94 0.98 0.97 0.96 0.98 0.92 0.96 0.97 0.97 0.96 0.96 0.98
0.42 0.36 0.45 0.46 0.32 0.47 0.53 0.53 0.55 0.31 0.52 0.54 0.43 0.49 0.50 0.57 0.48 0.63 0.66 0.62 0.52 0.66 0.47 0.58 0.65 0.72 0.60 0.63 0.68 0.67 0.65 0.67 0.67 0.69 0.62 0.64 0.81 0.47 0.75 0.81 0.62 0.88 0.74 0.73 0.76 0.75 0.85 0.95 0.88 0.81 0.77 0.80 0.76 0.78 0.83 0.90 0.90 0.86 0.85 0.89 0.85 0.92 0.85 0.93 0.89 0.87 0.93 0.91 0.89 0.82 0.95 0.96 0.91 0.97 0.92 0.95 0.77 0.93 0.95 0.96 0.97 0.95 0.82 0.95 0.94 0.96 0.97 0.95 0.94 0.91 0.96 0.96 0.98 0.97 0.96 0.96 0.97 0.90 0.95 0.98
0.29 0.40 0.44 0.39 0.43 0.30 0.30 0.40 0.46 0.44 0.49 0.31 0.39 0.29 0.40 0.59 0.57 0.47 0.64 0.67 0.63 0.73 0.56 0.59 0.64 0.63 0.84 0.54 0.63 0.48 0.53 0.62 0.60 0.59 0.73 0.74 0.76 0.78 0.68 0.81 0.68 0.72 0.77 0.85 0.76 0.92 0.78 0.90 0.80 0.78 0.90 0.78 0.81 0.62 0.87 0.94 0.94 0.78 0.81 0.91 0.92 0.82 0.95 0.94 0.95 0.87 0.82 0.94 0.94 0.92 0.88 0.92 0.91 0.97 0.96 0.92 0.91 0.97 0.96 0.94 0.97 0.92 0.93 0.94 0.88 0.98 0.98 0.96 0.96 0.91 0.95 0.96 0.94 0.93 0.90 0.94 0.96 0.95 0.94 0.97
