469 466 487 478 460 471 482 500 463 475 477 489 491 487 491 500 510 494 504 496 477 495 489 488 494 489 503 497 495 489 486 499 484 498 488 499 493 498 497 505 491 490 497 495 488 503 494 495 497 493 502 501 494 498 500 496 506 501 500 510 497 501 489 501 488 497 500 494 496 494 502 509 487 499 500 512 490 503 490 494 496 502 498 503 498 504 508 497 498 494 496 497 499 496 505 499 500 496 493 497
466 438 486 490 491 482 494 485 479 478 488 488 489 500 485 487 498 500 493 474 496 492 494 501 492 507 491 489 497 492 462 493 497 506 504 498 506 496 499 497 496 504 497 503 497 489 502 496 495 490 499 498 484 495 500 502 496 493 502 492 500 494 490 501 499 488 496 503 494 498 502 497 492 488 489 488 500 495 502 496 504 511 497 497 494 499 498 495 491 501 499 500 491 491 501 499 507 500 493 504
455 467 443 487 463 475 490 494 485 481 493 471 492 477 491 498 494 492 492 487 491 509 502 495 492 499 492 498 493 490 492 479 493 487 508 494 498 496 501 500 493 497 496 495 494 499 492 502 491 502 506 496 502 499 496 486 494 501 498 507 498 500 504 497 503 501 495 510 500 498 500 506 492 494 500 499 506 492 493 489 496 495 498 501 500 500 501 502 497 493 498 488 499 491 500 490 488 497 503 504
407 487 467 465 468 493 483 484 483 480 489 491 498 488 479 494 500 496 473 483 494 501 501 491 491 500 496 500 485 494 506 487 496 495 492 492 505 480 499 502 497 494 501 486 475 502 507 512 501 499 495 498 494 499 493 499 502 502 492 497 500 488 500 502 504 502 493 493 502 499 504 501 493 500 497 494 501 492 490 502 509 497 500 504 500 495 500 500 493 491 505 502 493 498 494 491 497 487 500 498
469 455 483 489 484 475 479 492 484 481 491 499 491 491 495 493 487 483 484 488 499 497 486 496 491 501 487 504 498 496 491 504 500 495 498 494 495 492 503 490 499 497 496 504 492 497 497 497 502 486 492 496 485 500 497 504 507 509 494 498 493 497 502 490 502 498 500 497 496 505 493 501 493 501 509 499 495 502 489 501 497 498 495 495 494 496 505 502 507 498 500 499 506 499 497 498 496 500 497 507
421 454 482 444 490 490 484 484 480 489 485 491 500 490 486 478 481 491 471 492 494 498 493 493 493 497 498 492 488 493 495 496 496 502 501 502 494 491 486 494 498 497 499 495 494 499 494 494 489 499 503 494 492 498 497 490 498 497 499 499 486 497 494 504 501 496 494 499 484 502 495 498 498 499 503 500 494 492 499 500 497 496 500 504 504 491 507 503 500 497 495 493 499 507 491 496 494 497 497 498
447 472 492 494 452 469 454 483 491 472 487 496 497 475 478 453 482 495 494 501 497 476 496 499 495 492 494 496 494 499 491 490 504 494 499 495 497 495 497 502 499 496 506 496 497 497 499 495 501 496 493 501 499 494 485 503 488 493 497 503 506 503 497 499 503 495 510 497 490 497 499 496 495 503 495 500 498 497 490 502 496 503 483 490 503 497 489 495 497 498 487 488 501 492 505 490 501 490 500 495
469 479 486 481 489 472 479 482 473 492 500 491 491 493 476 487 494 490 491 490 487 499 499 486 497 474 500 490 484 491 496 490 488 500 485 497 496 495 472 490 496 490 487 497 495 501 496 491 486 498 498 497 503 503 499 495 500 500 504 499 496 500 503 502 500 503 499 503 500 500 492 486 501 498 495 493 498 500 500 494 478 498 493 502 491 511 505 494 501 500 510 499 493 492 505 500 492 489 501 503
454 484 491 475 481 480 485 485 502 491 488 493 489 494 489 498 475 502 485 491 499 483 493 493 494 505 487 491 488 494 486 502 491 500 500 495 489 508 492 481 493 505 500 485 500 472 489 503 505 496 497 500 493 495 505 499 497 486 497 502 493 491 508 498 507 502 499 496 494 496 490 499 488 501 501 492 503 503 497 495 503 497 501 492 498 502 496 497 496 501 499 500 499 499 505 503 498 501 493 496
469 458 484 485 492 488 490 464 495 480 487 490 481 489 491 485 488 501 496 490 488 498 489 482 498 504 498 501 499 502 492 483 476 499 491 496 494 505 496 493 496 500 498 495 496 490 497 498 500 503 497 497 496 489 503 505 500 497 486 501 499 499 497 494 507 490 494 498 501 499 494 498 487 493 507 491 496 502 494 498 499 498 502 499 510 505 491 516 504 494 495 501 491 505 487 494 502 492 494 492
471 476 462 490 479 475 493 481 492 478 448 458 498 493 470 481 498 469 481 501 499 488 494 492 499 487 501 508 494 490 489 492 495 498 494 497 500 497 500 487 498 496 497 499 498 504 502 496 505 492 500 503 498 503 505 496 501 499 496 494 499 494 500 509 497 494 488 501 502 489 505 495 497 498 484 500 492 503 495 502 495 500 505 504 490 496 501 497 497 495 498 503 499 499 491 500 494 506 496 500
449 462 469 496 426 482 484 450 488 487 488 481 457 470 487 492 502 488 492 483 489 478 494 490 488 495 498 499 497 493 502 497 492 503 486 489 487 497 498 502 502 503 497 486 498 496 497 492 492 491 495 483 504 503 494 499 495 490 491 500 492 499 502 494 486 504 501 495 508 495 500 488 504 500 494 503 497 497 494 494 493 505 491 500 509 494 497 496 501 508 493 499 499 503 494 493 496 491 498 500
422 443 480 465 487 490 483 499 485 474 503 487 495 493 491 499 488 482 489 494 490 498 488 495 489 487 492 495 496 486 494 498 499 492 498 503 492 506 504 492 480 505 496 499 492 493 498 495 495 502 495 498 488 490 498 496 500 502 499 493 500 499 494 498 495 499 500 499 494 495 493 498 495 491 507 491 505 493 504 494 491 490 486 502 501 497 505 507 504 503 499 492 501 495 500 495 495 498 502 499
456 475 447 475 492 491 442 492 479 484 495 496 493 497 490 489 490 486 484 488 497 487 503 499 495 482 483 494 487 505 489 499 491 498 494 501 506 499 491 503 499 504 498 504 490 496 490 495 500 507 493 495 492 501 484 499 497 492 496 497 499 503 499 496 498 496 500 496 502 497 503 505 496 505 497 499 500 505 497 491 492 495 497 502 498 496 492 496 495 500 503 499 504 492 492 498 502 494 496 500
476 480 471 458 498 479 476 483 448 489 489 496 470 478 484 487 476 508 502 498 499 491 493 489 479 497 481 505 486 496 491 497 496 497 493 499 501 490 484 497 495 481 495 495 500 500 499 497 497 496 489 492 505 496 498 492 504 497 495 503 503 500 494 495 496 498 499 491 503 497 500 503 503 493 500 498 506 496 501 500 491 502 505 498 494 499 504 507 498 488 495 499 490 492 502 499 507 501 495 502
469 480 432 447 466 476 470 482 477 467 454 490 471 459 485 496 507 495 497 490 490 488 490 496 486 495 496 485 490 493 498 505 492 500 508 504 490 496 482 491 485 490 499 502 488 495 497 487 490 501 501 510 501 501 494 497 499 492 503 502 491 493 507 502 504 491 490 501 504 503 504 502 497 503 505 494 496 500 497 492 495 492 497 499 504 494 494 499 498 503 506 500 497 496 496 498 497 503 496 498
456 486 476 476 481 486 482 459 473 482 468 444 496 478 500 487 475 484 493 475 497 494 493 496 507 490 488 502 501 500 498 503 503 500 498 491 495 491 500 495 496 491 496 494 492 503 502 496 505 501 498 493 486 495 496 497 496 496 496 488 502 504 500 503 499 491 492 495 506 498 506 495 500 500 500 497 503 496 498 503 504 502 503 501 502 499 503 498 500 501 504 490 494 490 496 498 492 498 485 501
412 462 476 496 438 488 481 454 465 493 502 496 491 491 491 480 495 499 488 497 492 490 481 504 481 491 488 496 497 495 498 489 498 491 502 471 496 499 485 494 491 495 498 502 506 500 493 503 489 496 494 492 501 501 504 494 498 490 499 504 500 498 509 495 496 500 501 494 507 498 501 495 500 505 501 503 496 500 493 504 501 491 491 496 496 494 501 485 495 505 498 497 496 499 503 496 495 490 497 492
468 477 497 482 465 481 478 461 471 484 482 490 496 481 486 486 477 495 470 495 504 459 493 496 495 487 495 498 452 494 498 493 493 496 491 487 498 493 497 487 489 503 488 501 506 503 491 501 499 496 506 489 493 498 493 494 486 498 495 500 499 496 500 505 507 491 504 502 496 491 498 497 502 493 494 492 495 498 493 491 503 501 500 497 487 499 498 498 491 502 493 500 499 495 496 498 494 495 507 496
426 454 433 412 480 459 482 494 493 492 491 498 485 484 492 498 497 488 474 466 495 493 450 467 488 491 483 509 495 502 484 496 492 494 487 500 487 487 496 512 507 488 488 487 493 515 489 501 494 499 493 508 507 498 500 505 494 498 502 499 493 507 496 495 504 504 495 503 503 498 500 492 501 500 501 500 502 500 495 505 491 505 500 495 496 495 501 502 498 500 498 501 504 497 484 502 493 501 511 499
478 448 470 438 476 445 499 465 458 442 472 494 496 461 427 496 497 496 493 490 493 493 502 487 479 497 496 488 492 497 496 500 497 487 493 492 497 503 487 480 505 487 495 496 498 501 488 498 491 496 490 499 501 506 499 495 495 499 488 493 488 505 495 499 493 501 494 500 490 504 507 499 495 488 486 497 501 499 494 503 495 496 504 492 499 511 495 508 506 496 496 497 504 505 497 496 499 495 504 499
463 431 380 483 490 496 485 479 491 417 491 497 469 483 487 471 486 488 468 495 497 480 491 500 498 496 497 486 484 494 500 489 496 498 491 496 488 499 492 492 485 502 501 499 499 499 493 492 501 503 490 497 499 500 496 501 487 501 499 499 496 498 491 488 502 501 488 487 496 506 490 494 501 498 501 503 496 498 500 490 496 501 495 503 499 486 495 500 493 493 506 504 491 493 497 493 500 490 497 496
466 383 478 477 442 485 480 462 494 490 497 491 486 487 486 474 473 494 486 496 485 500 501 498 471 489 498 493 504 488 490 499 495 487 502 496 496 495 499 500 498 504 505 497 499 484 497 497 489 487 508 502 492 500 500 503 497 503 492 500 493 498 503 501 495 493 493 491 499 505 499 498 486 495 494 497 499 495 497 493 497 506 494 508 492 501 488 502 500 492 498 491 502 499 500 497 494 500 503 500
481 454 458 466 500 482 438 450 436 494 486 490 494 487 492 495 489 449 497 493 499 488 487 466 492 486 499 497 481 488 495 487 497 492 494 503 496 495 487 494 504 494 495 500 491 491 502 501 495 490 500 495 501 496 505 502 500 499 502 492 493 495 498 501 495 493 492 507 495 503 497 493 499 501 502 496 496 505 496 501 503 500 492 493 496 499 498 499 504 498 499 502 489 504 490 495 492 496 504 503
440 479 471 489 430 434 453 446 482 483 490 486 483 496 492 499 491 490 498 480 486 495 458 494 493 497 495 496 489 497 505 499 491 495 500 498 496 489 498 498 479 503 487 501 492 499 482 506 508 492 503 490 501 495 500 505 495 500 496 495 499 494 493 495 507 489 495 493 498 498 498 494 481 501 503 504 498 493 496 507 495 489 494 498 502 500 497 499 494 501 495 497 496 497 501 507 506 500 489 501
460 466 488 485 413 448 463 473 483 472 482 479 490 483 446 480 484 468 486 492 495 496 505 493 484 490 494 493 501 493 494 491 496 495 500 483 497 500 503 492 501 493 501 502 502 486 492 497 506 496 492 499 500 500 495 505 500 500 493 496 504 495 492 504 493 495 503 500 499 489 506 488 498 501 493 500 500 504 505 501 495 501 493 504 498 494 489 506 501 497 502 493 501 492 496 491 491 497 497 499
475 452 445 442 446 455 462 481 473 445 487 492 470 488 486 500 485 482 491 493 493 476 492 505 479 477 485 469 494 506 496 495 495 490 502 492 492 500 494 492 490 486 493 499 493 487 500 508 501 498 499 500 493 478 491 501 492 504 500 504 508 495 495 507 499 494 491 489 503 486 496 504 496 493 492 492 495 500 501 493 500 497 497 494 503 490 501 500 503 506 496 497 498 502 504 504 500 491 500 498
449 398 439 448 440 466 444 453 466 451 491 495 491 452 481 482 458 467 486 486 491 492 490 491 445 492 501 500 493 490 496 498 490 491 487 503 502 482 499 493 492 493 494 499 498 498 504 499 498 498 491 491 499 500 495 500 501 494 496 498 489 499 503 498 490 499 486 493 504 493 500 500 497 494 502 501 497 495 501 500 495 490 495 491 507 496 502 502 493 492 506 489 499 498 497 493 505 507 500 499
454 451 476 439 477 495 450 495 468 485 449 434 486 460 482 486 450 490 494 486 498 491 483 499 480 481 468 492 495 483 491 497 500 496 498 494 490 492 486 495 498 487 496 497 497 492 502 501 491 491 487 499 490 494 501 504 501 498 500 494 498 500 494 503 507 497 510 495 488 503 504 492 495 495 493 494 501 498 490 502 504 499 488 495 507 500 497 502 495 502 500 491 497 495 499 494 493 499 497 495
450 387 432 470 423 459 428 485 495 440 445 476 456 498 493 475 495 474 446 457 493 440 483 487 488 498 492 502 496 500 494 494 486 490 491 493 485 500 496 504 499 494 486 496 493 491 506 481 494 500 492 504 499 497 496 500 501 504 500 503 499 501 495 489 492 498 499 490 497 496 501 490 493 494 505 500 500 502 494 502 505 490 502 500 496 498 494 498 509 500 498 500 499 492 502 495 510 506 499 500
423 413 446 466 473 490 469 451 472 453 473 470 478 474 480 486 498 490 496 462 471 489 493 478 508 490 482 500 493 489 490 490 496 497 485 498 487 490 502 496 497 501 498 504 504 504 495 491 498 499 501 501 488 506 501 484 502 502 490 498 499 499 508 495 507 500 503 500 507 497 497 495 497 492 493 497 492 496 500 496 492 511 491 499 508 509 502 497 500 506 493 494 498 492 497 499 495 497 494 501
446 485 468 450 456 481 429 430 495 430 491 490 484 497 488 462 485 472 491 436 439 493 480 493 498 491 500 494 497 487 497 483 501 483 480 493 499 492 502 488 492 497 500 504 497 495 495 504 492 488 484 495 504 492 495 481 502 495 501 496 497 496 497 493 495 496 502 500 502 501 492 488 500 504 499 498 510 504 497 499 502 500 500 505 497 502 500 500 491 499 494 505 497 484 506 498 501 505 496 502
456 493 478 415 478 367 477 486 482 462 491 479 488 495 494 449 499 491 487 467 499 488 485 476 494 501 499 473 485 432 504 476 486 493 499 494 455 483 496 489 497 495 493 498 501 493 501 507 496 493 500 493 497 495 497 498 502 498 491 497 488 492 504 495 495 498 498 493 501 489 500 501 499 510 497 497 491 493 507 501 502 503 494 500 498 498 499 508 494 500 495 493 490 498 496 497 501 494 485 494
447 470 463 453 421 442 452 460 448 435 444 444 497 495 479 452 466 480 501 436 503 497 494 485 502 493 494 492 487 482 492 501 481 507 498 483 505 494 489 499 501 490 499 491 508 500 497 505 506 488 495 493 500 497 489 503 494 502 500 492 493 480 499 456 502 508 499 502 505 502 489 502 491 504 494 500 503 501 499 492 505 500 501 500 508 486 492 500 493 504 493 494 492 508 501 508 490 497 501 502
429 451 479 466 501 486 492 491 469 374 448 476 485 495 494 469 460 468 498 482 492 484 491 494 498 497 493 471 498 496 497 488 494 501 488 500 468 476 495 495 489 488 493 500 492 490 505 500 484 490 506 486 496 501 497 506 491 508 501 504 502 498 496 502 500 496 495 497 494 506 502 506 497 498 505 497 496 498 491 498 505 503 497 503 504 502 505 502 502 493 489 501 491 499 511 503 485 501 499 505
444 446 411 486 453 470 417 461 485 474 453 471 462 441 450 490 493 425 432 464 478 430 483 477 484 455 448 495 496 494 492 487 496 461 500 484 502 501 483 494 503 489 489 495 495 487 493 492 498 499 493 495 491 502 496 507 493 488 501 493 499 492 501 505 490 489 499 503 506 501 495 501 505 502 484 498 499 502 496 490 501 501 495 501 501 498 497 494 501 499 495 498 498 503 491 501 489 496 497 508
423 413 466 450 473 463 404 455 485 431 433 478 482 473 476 476 487 473 496 485 481 475 479 470 471 490 493 471 492 501 488 485 498 497 473 504 497 491 494 485 486 490 502 477 498 496 500 494 501 500 490 492 487 497 495 491 485 490 494 498 502 506 502 496 501 497 504 492 508 498 506 498 506 502 498 499 495 495 497 493 497 495 501 492 505 499 492 493 497 502 502 493 495 498 496 485 494 499 498 493
424 479 441 479 416 405 382 486 420 435 498 487 503 457 484 466 476 501 455 501 491 481 497 488 496 479 475 492 481 478 492 490 496 490 481 494 488 501 493 506 496 489 500 490 505 501 499 502 510 501 498 495 490 497 497 499 498 503 498 500 496 496 498 497 500 495 491 507 496 501 492 496 494 500 497 502 495 507 496 492 493 487 504 493 501 494 505 507 505 503 499 491 500 504 508 501 499 497 504 495
345 400 459 413 453 460 440 356 454 473 430 479 453 442 482 473 436 451 478 496 485 497 480 478 481 500 498 479 470 498 504 498 496 490 490 503 493 450 498 491 488 496 496 503 500 498 498 486 491 486 496 497 495 497 499 502 505 500 491 501 491 492 504 502 505 498 499 490 495 501 505 495 499 485 510 508 497 492 489 501 499 503 497 500 500 508 494 502 506 500 502 489 495 500 498 487 493 499 504 500
421 376 423 485 465 393 491 473 482 499 486 454 475 424 456 489 486 467 481 460 480 401 483 489 494 476 452 494 496 486 490 497 497 504 475 489 501 499 490 499 492 501 501 492 482 504 492 500 495 462 499 498 491 498 490 504 497 488 498 501 502 496 494 509 505 500 500 492 491 496 491 509 494 502 496 503 504 495 502 504 492 496 497 500 501 497 502 491 500 499 496 511 492 495 494 497 501 502 496 492
396 473 319 375 436 410 376 436 434 491 492 466 478 446 484 482 460 492 392 493 492 495 472 428 496 489 503 497 490 483 501 490 495 496 497 496 504 490 502 490 497 500 489 495 473 492 487 498 498 490 494 503 486 488 500 498 500 503 495 499 497 501 507 493 500 504 493 495 500 486 500 504 502 498 498 500 508 493 502 491 496 499 494 500 497 509 495 504 501 498 495 494 499 500 496 499 492 493 497 499
439 466 464 437 414 460 457 418 407 487 476 466 419 490 490 412 486 484 499 482 444 447 489 495 487 494 497 493 497 491 484 490 435 473 483 504 493 447 494 469 505 502 494 500 494 497 476 489 487 499 489 499 496 490 485 496 497 494 495 494 501 501 502 484 507 500 496 501 493 498 497 503 488 492 504 501 502 495 494 496 497 500 500 503 498 502 496 496 496 498 488 490 496 503 491 493 497 489 491 486
399 409 464 408 473 492 476 439 436 461 443 347 483 477 442 488 487 414 488 487 498 470 462 496 431 493 493 457 488 495 494 477 499 497 507 473 482 506 492 493 475 493 494 494 491 497 494 501 500 494 496 498 496 493 487 488 482 498 497 504 503 505 491 495 503 504 495 501 495 509 496 497 491 495 500 499 508 499 500 502 498 496 495 500 512 502 501 499 490 500 498 492 496 501 509 504 489 493 500 495
397 485 478 444 461 451 412 463 415 456 471 460 487 480 488 467 459 505 495 440 443 460 408 501 487 455 471 493 494 494 474 479 494 492 499 498 484 486 492 495 490 489 475 499 492 501 504 487 493 510 494 492 496 490 497 489 482 499 488 486 498 498 491 507 498 498 499 498 491 490 505 505 497 501 500 493 501 485 500 491 502 502 492 502 498 492 503 493 494 498 502 507 492 490 498 504 506 493 489 503
470 365 422 402 413 448 466 468 478 480 459 491 466 412 484 489 486 494 481 457 483 491 497 487 490 474 473 481 459 490 456 408 486 498 493 502 492 492 488 492 498 495 499 497 489 501 493 504 498 446 499 490 494 499 486 503 498 495 499 496 488 500 495 492 491 496 495 496 503 493 499 498 510 498 493 498 498 497 499 505 506 501 494 498 493 499 491 504 508 495 497 498 492 497 502 504 498 501 499 497
437 426 461 426 490 460 436 426 428 417 463 441 445 470 453 484 490 401 489 452 477 478 394 475 476 456 496 427 490 445 504 502 492 461 489 501 494 501 472 478 498 459 492 488 499 492 503 485 497 500 481 489 455 496 498 497 495 496 491 498 484 501 500 492 503 504 489 501 495 494 500 491 504 504 507 499 497 494 490 495 493 511 501 489 497 494 499 498 491 494 491 494 494 501 489 506 502 499 494 490
443 426 437 446 459 471 457 433 435 469 427 466 473 388 377 427 446 440 428 455 498 399 426 460 485 467 439 445 478 486 487 502 485 429 493 498 501 487 498 494 501 491 498 493 499 491 481 479 500 491 490 492 494 500 498 503 500 499 499 499 496 493 493 495 503 491 491 501 511 491 509 493 492 499 490 502 495 491 498 495 500 502 497 490 498 503 488 501 494 501 501 497 504 495 500 498 502 491 499 486
406 418 455 439 388 468 364 486 480 439 489 492 402 477 491 462 460 478 433 485 497 491 465 497 495 492 492 497 472 474 449 488 472 493 496 474 497 491 500 495 503 485 501 494 444 485 506 460 496 491 489 497 500 493 502 491 499 489 494 500 501 509 496 489 498 497 500 497 502 492 497 499 502 502 495 501 502 503 501 495 499 497 487 495 503 503 498 496 495 500 488 493 498 498 499 494 499 499 491 500
429 431 364 425 362 477 433 371 481 493 449 484 407 422 437 458 485 490 481 443 488 467 451 498 425 498 495 489 481 493 496 461 485 483 502 481 494 492 491 490 486 500 495 502 481 503 493 496 491 497 500 499 501 498 494 501 493 497 506 504 497 479 498 492 499 501 500 500 498 497 483 490 498 497 494 498 496 501 496 506 493 504 504 494 496 500 501 501 503 511 487 503 490 492 495 501 497 495 501 492
439 380 332 397 387 364 337 432 398 455 425 481 445 469 485 476 411 465 475 445 483 462 490 479 489 495 482 471 495 480 463 482 488 466 465 490 498 491 493 504 407 495 492 487 491 505 449 493 489 498 495 498 493 489 488 497 492 493 495 498 489 505 501 492 490 507 491 494 498 502 502 483 493 494 494 493 499 494 500 496 499 487 502 491 498 493 505 500 504 501 510 506 493 494 493 498 489 496 503 495
339 384 445 408 453 463 433 411 468 377 463 435 463 375 383 480 446 443 433 453 477 506 497 424 480 490 478 462 503 479 468 478 484 428 510 491 498 436 479 490 501 489 495 495 491 493 495 487 498 497 491 492 493 498 511 494 500 504 502 479 494 500 506 495 494 496 495 496 497 502 491 499 500 495 495 508 501 493 496 504 498 499 499 484 495 501 502 500 497 491 504 491 504 496 499 499 497 505 501 512
364 474 379 419 421 451 436 444 358 413 450 434 451 487 493 462 449 475 466 490 460 434 463 424 501 493 455 475 492 472 476 471 455 491 444 500 494 485 496 456 476 501 492 479 495 480 488 505 509 503 497 491 482 468 487 509 497 501 505 493 500 492 498 500 494 500 501 500 487 492 503 497 500 504 494 491 500 500 497 501 498 493 495 496 502 505 507 504 499 504 489 505 492 490 495 494 495 482 500 497
459 414 406 368 398 444 399 407 448 473 415 416 411 449 371 442 441 500 446 409 487 421 465 501 468 494 485 477 426 509 484 498 473 509 489 493 472 482 493 497 504 488 482 495 500 459 474 493 490 492 498 498 493 484 493 500 488 496 501 490 490 497 497 494 493 500 485 501 506 495 501 498 494 497 501 489 487 477 502 502 492 498 494 494 501 503 488 505 492 498 494 492 503 503 499 504 488 487 506 494
338 434 426 418 381 445 443 438 403 461 364 502 408 451 450 419 465 491 417 443 454 493 486 479 495 499 469 495 477 484 494 490 494 493 491 453 494 493 491 496 485 489 490 460 495 493 495 506 489 480 489 495 469 503 489 472 491 494 502 507 487 500 493 503 493 495 498 497 496 495 484 496 498 492 497 496 508 491 500 495 487 499 504 489 498 501 501 496 492 495 496 494 493 500 490 505 496 499 494 496
313 349 409 308 393 432 456 365 487 455 430 464 410 360 435 422 484 448 476 432 458 470 491 470 486 440 463 484 490 467 469 468 472 492 494 480 484 462 496 489 497 496 487 486 500 472 451 492 495 490 503 504 492 501 492 492 506 501 494 495 489 502 499 497 503 486 498 490 504 493 503 499 495 496 503 495 491 494 501 498 492 490 496 504 500 497 497 501 497 496 493 498 500 492 504 501 495 497 504 505
369 449 423 470 428 330 479 414 386 464 466 495 427 471 436 435 440 445 441 465 478 489 492 458 491 475 471 487 498 454 415 472 459 471 494 490 476 418 468 483 488 495 505 495 490 486 492 488 452 499 500 483 490 498 487 498 488 502 488 496 505 485 500 503 492 491 496 500 498 501 498 492 503 497 490 487 498 502 495 503 507 493 489 501 497 502 501 500 494 493 500 500 497 499 493 492 493 496 494 498
389 451 442 360 295 425 424 469 450 466 431 410 405 421 480 431 468 485 448 435 407 441 480 473 486 497 475 459 503 468 485 472 483 490 504 487 495 496 494 492 487 426 430 489 494 487 483 449 498 504 498 476 486 497 495 488 480 491 498 502 499 496 493 495 491 501 493 490 494 487 489 497 491 501 488 493 497 496 492 495 496 490 493 504 502 495 489 489 498 498 492 505 497 493 488 499 497 494 487 486
351 286 458 463 439 362 454 434 420 419 399 435 471 430 474 441 455 455 419 343 431 478 478 486 460 446 497 497 496 436 487 487 493 486 483 479 460 480 453 489 496 505 489 504 490 494 503 491 488 451 500 471 486 492 503 506 501 497 496 495 489 489 478 494 499 493 499 494 495 505 490 497 491 488 494 504 496 496 490 499 508 491 489 498 500 495 490 497 493 500 500 493 499 490 495 493 503 504 507 494
247 360 382 338 410 365 413 341 420 389 429 329 351 400 403 441 397 499 493 490 477 435 474 487 472 491 404 475 496 504 489 490 440 499 451 492 491 468 488 494 486 487 500 479 487 492 496 493 499 490 496 475 484 500 485 478 496 492 494 497 500 493 488 485 491 488 507 503 491 492 497 504 502 497 502 507 497 502 501 496 498 496 499 493 499 502 496 501 496 497 493 496 499 498 499 501 499 503 491 498
373 366 329 389 460 368 461 380 442 402 307 404 443 446 438 413 380 450 498 430 441 468 447 443 453 474 441 442 445 425 446 447 483 499 495 489 497 502 459 452 480 472 493 484 491 493 487 489 490 498 504 505 484 491 500 494 498 496 500 496 494 494 504 494 507 487 499 501 495 494 490 504 499 503 496 492 500 499 489 502 491 492 504 498 496 501 490 495 492 490 492 494 495 496 496 497 497 501 499 500
358 347 440 428 410 378 396 437 452 343 335 422 429 405 490 370 383 488 426 443 441 475 471 484 450 498 470 479 440 445 490 484 497 493 498 499 471 494 483 507 488 450 503 489 488 485 457 499 497 493 491 485 494 489 479 495 494 502 480 495 488 490 493 482 489 492 493 500 490 489 504 489 498 494 499 497 488 501 493 500 492 487 497 497 499 503 500 494 505 504 505 491 498 502 494 491 494 498 483 505
368 376 358 374 408 446 415 437 456 382 431 407 448 395 343 448 432 440 453 435 448 427 444 453 484 440 443 433 483 424 459 493 416 468 456 433 454 451 500 495 428 485 485 466 488 501 492 498 501 480 487 482 499 498 455 498 495 489 470 496 483 495 489 496 493 501 493 491 501 490 505 504 496 492 498 494 501 496 499 505 494 502 503 495 496 496 499 489 500 496 498 495 489 502 490 498 501 505 496 497
328 447 401 369 317 390 443 404 462 415 432 376 419 426 393 413 296 446 380 366 442 430 453 460 453 466 480 438 460 441 498 482 495 496 476 474 458 498 435 496 437 493 499 493 485 493 481 486 491 485 496 490 482 499 500 498 490 505 490 500 453 487 482 507 494 491 499 490 492 498 502 501 506 495 493 494 488 461 493 496 506 502 493 504 496 497 493 501 490 503 506 496 498 495 495 494 494 489 499 494
364 285 369 461 400 393 416 343 437 358 345 386 423 423 445 300 421 355 445 473 465 452 455 438 496 376 432 475 453 500 343 391 447 487 492 496 501 498 466 444 465 503 483 489 496 430 496 444 497 501 499 505 502 495 504 492 505 495 485 493 502 491 492 493 484 492 501 490 494 508 495 491 505 501 500 493 502 497 504 495 494 493 502 493 500 488 497 499 494 501 504 495 503 488 489 501 495 492 490 501
296 262 385 323 376 336 324 386 448 405 402 331 444 370 412 342 390 487 477 465 484 407 392 483 444 474 461 496 442 442 494 432 484 493 489 481 496 496 428 473 490 454 449 485 491 475 496 480 482 504 499 474 434 496 503 492 487 481 495 490 449 501 497 500 496 496 478 501 494 496 494 488 499 497 496 494 491 508 483 502 498 499 493 495 496 495 492 492 493 495 487 508 500 499 496 496 499 509 500 499
279 378 390 346 393 397 343 351 404 446 453 355 355 400 459 488 408 398 435 432 475 475 426 407 417 467 493 435 457 447 498 453 483 485 480 439 446 494 450 496 461 440 499 489 493 453 495 494 478 495 486 500 496 490 493 485 492 491 497 502 489 492 501 498 494 494 493 474 480 501 503 493 501 495 503 500 492 493 504 495 493 499 496 495 466 493 495 496 493 500 505 485 501 495 501 496 500 498 498 497
308 410 286 387 379 319 281 364 441 396 283 377 370 431 449 363 359 407 466 320 429 443 404 443 493 448 427 355 463 488 415 476 438 489 434 495 480 491 484 487 479 446 472 495 488 497 426 482 447 436 496 497 491 498 480 497 452 495 501 501 477 496 510 494 495 448 494 497 501 479 448 499 493 496 491 498 496 496 490 500 501 498 489 494 498 498 496 482 503 491 493 487 501 502 505 493 493 495 499 499
357 215 362 349 302 353 302 402 395 394 284 330 429 403 431 454 382 416 349 329 479 481 442 453 455 445 496 485 447 433 490 453 462 455 489 471 447 497 478 499 490 484 490 494 490 454 504 487 452 492 449 489 459 499 480 494 490 494 494 502 476 493 489 496 492 498 469 497 486 503 496 501 500 475 502 496 459 496 494 498 499 494 494 489 495 500 502 493 490 493 497 491 490 493 496 503 495 496 493 495
281 290 264 346 393 276 360 379 292 382 438 400 335 405 361 409 357 437 433 499 403 441 388 446 443 422 479 448 454 421 486 418 441 475 434 416 495 465 484 500 453 487 492 481 494 490 499 501 454 418 495 503 494 457 470 489 466 505 491 496 505 490 505 478 492 496 488 494 500 487 505 499 504 489 490 501 502 500 492 491 507 489 500 495 504 504 502 504 500 502 501 495 499 494 498 490 495 493 501 509
285 272 258 409 368 415 333 317 395 335 401 320 329 450 345 363 448 469 464 378 439 433 372 430 421 396 415 309 492 464 404 432 433 434 474 474 404 457 494 466 489 497 490 495 495 493 496 398 486 491 485 485 498 485 501 492 495 488 503 499 496 505 505 502 497 504 453 491 490 501 501 487 491 489 495 496 493 500 490 496 491 494 500 489 483 500 494 501 494 498 502 496 497 489 491 496 498 500 501 493
301 308 335 320 295 335 296 441 380 370 228 388 390 460 392 363 335 418 356 365 352 444 440 423 412 469 442 473 348 416 480 425 434 460 428 391 497 498 404 481 441 430 427 453 442 470 486 487 496 468 497 515 498 459 483 498 501 488 491 490 500 482 481 493 496 489 496 497 496 500 492 495 498 501 499 499 493 490 494 499 504 491 496 493 491 489 503 498 498 494 493 489 494 496 493 500 505 492 498 499
397 294 231 318 311 316 403 353 375 383 413 433 324 452 381 379 410 354 429 379 448 462 482 401 417 472 417 451 436 432 430 467 401 401 447 440 402 449 494 454 494 475 431 493 488 497 424 455 493 498 497 476 483 495 505 488 496 495 458 494 484 488 444 484 501 502 496 496 494 475 493 497 498 490 499 493 494 491 504 490 498 491 496 498 489 496 496 500 491 495 501 499 492 504 491 503 496 489 501 496
318 271 241 287 336 381 343 330 356 255 291 345 306 461 384 383 407 389 374 370 441 443 429 376 421 370 479 468 382 396 427 437 433 442 454 461 456 444 476 450 401 482 484 475 502 476 509 443 496 502 495 490 498 486 487 474 461 444 490 490 488 473 474 495 485 492 494 477 489 500 495 500 492 499 492 492 485 501 491 489 505 491 502 507 503 493 499 498 496 491 497 508 489 493 497 499 495 494 496 489
286 341 278 389 386 391 300 434 324 281 282 378 300 444 305 377 323 407 366 368 351 432 428 423 457 421 453 390 326 470 427 456 428 489 459 452 498 478 398 441 482 487 480 504 470 502 461 457 486 487 482 485 494 495 456 490 420 478 477 489 503 490 500 493 498 484 509 466 485 495 494 494 495 498 483 503 487 496 490 491 497 495 494 489 500 498 495 495 481 496 497 496 494 498 501 496 497 500 489 499
387 292 310 328 329 301 431 316 313 366 378 431 396 336 467 406 310 457 376 363 467 421 440 402 406 378 430 378 449 456 470 433 479 434 479 381 477 439 432 440 483 498 437 449 485 427 487 499 397 467 462 486 485 479 487 491 497 494 465 498 496 496 492 487 486 503 495 493 488 502 489 507 496 484 503 503 499 480 497 494 498 491 490 490 497 505 494 498 502 506 496 495 493 480 493 500 489 499 490 503
294 305 294 261 401 362 274 230 343 235 348 257 360 386 411 329 399 295 391 469 371 456 431 395 394 465 482 471 486 415 481 483 342 431 425 438 472 472 468 438 486 492 449 432 483 459 493 492 499 459 485 458 486 461 467 451 463 495 491 503 468 504 494 508 492 459 493 472 488 494 478 492 501 490 501 492 464 484 504 491 491 493 505 501 497 495 505 498 496 491 495 499 498 499 499 501 492 495 497 490
268 284 289 250 213 306 317 397 297 322 319 267 344 263 299 322 489 420 395 379 374 409 421 405 456 488 341 443 476 425 430 391 418 427 449 492 479 439 447 414 429 457 408 406 492 498 475 477 496 488 483 501 486 430 454 490 485 492 492 462 480 501 490 454 487 502 495 494 501 437 503 489 495 494 502 496 504 497 498 489 496 499 495 501 492 499 503 494 489 490 492 507 500 500 496 501 478 498 501 491
258 253 380 339 302 258 343 385 303 227 425 323 370 361 335 376 326 434 413 306 415 400 372 450 394 471 441 418 397 487 409 425 486 445 454 464 471 437 473 472 499 402 458 426 447 475 502 462 483 485 464 451 465 488 461 496 491 489 472 491 494 486 490 496 490 505 491 496 502 498 501 489 497 485 505 494 497 499 498 499 502 494 500 500 497 497 490 498 492 492 494 499 490 489 493 483 495 487 492 503
280 271 284 289 247 263 418 287 292 344 417 340 377 317 371 364 425 391 379 354 382 459 424 426 379 450 466 432 384 440 436 385 430 388 444 456 446 496 420 466 459 435 449 453 434 444 488 502 485 457 489 484 485 432 490 465 470 499 499 492 416 488 503 484 487 502 487 485 490 487 495 484 484 500 500 470 493 496 498 506 501 494 504 502 475 495 452 496 500 497 488 491 509 493 485 484 490 500 489 488
357 201 347 384 308 291 324 333 381 349 345 331 372 300 381 362 395 342 280 234 335 432 374 340 412 347 445 324 454 415 352 435 403 463 425 495 486 443 371 458 483 417 388 472 487 498 456 466 452 495 493 483 487 484 479 493 487 463 497 491 492 492 492 498 431 472 491 406 498 498 486 499 489 487 456 491 444 490 506 501 498 494 495 493 486 501 497 498 495 490 497 498 499 496 502 494 502 490 497 492
297 220 271 240 411 269 392 422 378 299 321 295 368 325 346 365 258 418 407 338 372 439 318 389 432 404 455 475 333 379 438 388 366 486 463 369 448 497 482 363 399 472 451 412 475 487 426 477 489 492 423 451 487 487 452 492 496 485 483 442 499 464 481 488 493 456 485 493 453 494 495 488 495 486 495 499 452 469 491 498 491 466 504 488 500 498 492 500 505 497 462 494 496 495 492 498 498 491 491 493
260 285 280 250 273 302 413 363 314 378 294 349 339 298 356 339 398 325 429 415 409 358 419 418 467 438 412 438 428 443 363 416 438 473 488 456 469 438 457 432 491 407 481 482 463 457 445 453 379 489 458 473 487 485 439 444 466 487 471 456 500 486 472 471 495 495 423 492 505 485 495 449 478 501 445 499 497 487 492 491 500 480 504 488 492 495 461 482 497 493 493 493 496 503 491 494 493 505 496 489
180 324 291 257 315 359 299 318 353 312 363 377 381 405 290 381 366 424 376 298 409 355 351 445 375 443 374 429 454 408 400 381 432 416 380 411 394 463 497 438 436 446 471 426 487 483 386 424 464 473 488 499 480 492 486 453 416 485 503 488 497 452 436 450 499 483 488 493 498 500 492 492 485 487 490 487 497 501 496 496 491 471 490 484 499 496 497 492 493 483 491 505 491 494 492 498 488 497 489 490
244 164 234 315 257 275 278 205 278 264 300 406 396 324 327 351 387 434 418 311 258 330 349 438 455 371 469 361 381 371 372 427 448 447 410 416 394 451 442 478 405 380 416 456 488 414 428 505 411 449 448 461 495 488 439 448 445 479 476 421 449 471 476 498 499 495 494 457 495 450 455 496 457 508 487 505 473 489 497 498 494 487 488 493 500 499 505 492 492 496 496 484 494 493 487 502 485 504 495 496
191 349 253 307 295 260 234 281 357 267 367 317 312 254 324 369 386 341 408 361 398 343 230 418 364 357 347 410 343 455 395 431 410 466 394 452 394 420 400 445 442 456 443 373 455 454 347 424 501 421 453 457 455 487 464 430 492 483 474 484 440 403 477 499 482 476 494 480 490 490 500 496 499 491 484 500 493 501 491 499 497 494 478 497 496 501 481 495 491 494 498 484 492 489 495 494 492 501 506 495
265 188 178 307 353 262 340 272 290 249 378 381 314 380 312 307 375 391 368 296 420 353 418 361 388 415 346 370 298 436 393 448 321 446 473 471 447 403 411 474 450 454 490 449 455 449 437 463 477 457 400 490 417 495 492 498 479 461 499 506 488 495 471 487 491 490 492 476 487 459 501 502 490 498 489 484 493 448 490 475 490 494 490 496 500 480 498 495 497 497 482 496 485 505 499 497 489 486 501 494
297 229 207 324 252 240 328 295 331 207 316 293 447 300 275 297 350 348 336 278 331 387 403 382 367 381 471 370 322 371 441 420 397 465 385 419 408 405 434 484 444 454 479 461 487 440 449 501 440 350 494 477 469 392 473 478 494 483 475 488 483 500 485 455 497 498 488 493 494 493 487 503 485 494 494 491 493 457 488 508 491 483 486 493 500 490 492 493 487 495 494 492 500 481 490 488 498 486 487 504
202 333 277 178 214 217 282 194 326 271 333 393 258 328 330 321 348 394 310 243 321 456 291 332 346 400 354 413 433 475 420 320 315 443 439 376 405 457 498 341 387 414 391 442 468 441 486 448 491 400 477 396 421 477 491 490 454 495 479 429 493 461 453 493 450 454 450 480 456 500 490 465 472 474 492 502 502 487 457 496 497 500 487 489 478 496 497 495 501 489 499 493 497 501 499 482 495 502 495 499
170 226 209 266 222 338 326 236 226 295 154 219 225 307 364 336 388 230 387 260 427 343 344 363 431 286 395 443 376 352 410 433 431 416 424 397 368 392 441 458 438 416 480 456 469 477 371 452 434 492 405 380 485 469 465 465 456 488 470 493 488 491 498 480 495 489 492 489 490 457 473 489 484 496 486 493 497 495 491 501 493 498 490 494 499 490 495 497 473 494 492 496 498 500 490 490 507 484 493 494
265 279 187 218 295 259 294 266 344 172 294 294 256 323 321 353 327 362 373 228 404 286 364 304 420 373 399 443 445 404 359 419 398 375 470 393 391 413 421 412 437 436 465 462 416 450 480 497 470 478 473 454 476 340 479 387 470 484 459 459 480 483 474 491 454 500 507 489 482 482 435 492 493 501 442 495 484 486 497 497 511 496 494 473 479 493 494 493 484 487 483 480 505 492 491 497 500 498 478 496
275 268 258 223 262 313 328 206 267 255 348 349 346 342 287 385 414 214 288 322 416 376 397 266 291 323 372 462 238 446 441 443 397 438 426 373 440 382 366 436 486 432 383 440 436 370 478 472 488 485 401 453 391 489 469 436 493 440 367 487 431 490 492 480 491 497 459 477 467 459 494 493 503 486 498 483 499 493 494 499 453 494 488 502 499 504 500 489 512 506 471 492 494 495 495 495 487 492 490 498
237 222 269 297 266 133 185 261 197 233 258 312 228 316 344 338 298 312 244 294 258 317 323 397 383 346 445 423 303 404 465 409 434 353 312 420 489 366 404 430 462 429 476 380 456 462 478 484 414 488 424 448 447 478 442 504 491 461 495 477 405 492 461 482 487 462 490 486 501 496 496 484 501 494 486 500 475 474 506 504 451 496 469 501 487 497 472 461 478 491 500 484 498 485 489 501 498 498 502 481
283 230 324 245 228 205 217 233 213 195 293 211 290 211 250 306 304 316 301 351 297 354 365 426 290 431 368 370 321 304 312 455 397 428 377 487 472 402 487 426 419 358 446 481 433 370 486 444 409 418 468 494 470 491 497 461 493 495 443 478 488 337 484 476 493 458 499 485 491 466 493 504 428 471 485 491 477 476 473 469 488 496 496 501 489 496 490 490 478 499 497 497 490 494 493 499 479 500 494 501
246 249 305 241 217 169 276 230 247 183 242 284 311 258 240 350 296 301 303 186 328 288 338 358 268 309 330 389 316 444 391 373 431 447 486 399 426 350 339 386 312 441 422 398 455 320 437 419 478 433 456 437 441 427 484 458 400 473 470 480 500 472 486 437 482 490 433 484 485 490 498 496 482 492 497 490 503 497 486 488 484 496 481 483 492 494 463 498 495 499 495 484 481 481 496 498 492 486 492 487
250 178 272 244 176 145 183 296 251 236 270 287 312 334 207 250 255 261 317 379 434 272 413 432 331 356 292 267 374 465 464 418 362 459 421 398 416 379 407 400 403 416 389 417 415 398 432 486 402 451 480 442 480 489 466 443 451 465 431 491 450 497 492 426 477 490 494 474 469 502 473 473 492 485 496 489 493 488 498 444 495 486 500 491 486 491 499 493 488 486 482 497 498 490 495 490 490 504 498 493
236 148 151 217 196 174 310 247 255 271 272 320 282 246 330 275 272 299 286 338 215 243 371 339 306 319 384 464 365 362 443 318 339 361 431 343 410 355 440 390 414 477 322 438 413 407 424 288 456 483 386 448 474 460 500 385 484 334 496 439 491 492 497 482 479 487 445 442 456 484 493 484 488 482 495 483 484 483 490 492 497 498 498 486 481 494 485 493 503 504 502 496 498 473 494 485 487 469 494 486
83 171 132 239 251 191 142 214 235 262 214 189 310 288 248 156 178 279 211 270 241 307 352 294 355 235 311 362 411 391 407 376 277 326 383 303 437 314 361 431 336 397 493 454 409 444 431 442 330 446 414 425 436 461 484 444 459 479 449 485 486 440 449 463 454 363 453 469 479 495 449 487 473 496 488 465 494 488 450 495 502 469 491 494 468 495 481 493 486 492 483 501 505 498 491 484 488 496 492 489
127 144 233 247 204 210 179 201 199 288 209 300 271 265 379 267 298 249 239 319 356 312 288 318 379 319 267 418 336 392 350 391 365 383 428 430 352 375 465 354 318 466 338 421 419 433 434 411 416 446 471 455 429 474 448 440 414 487 463 480 437 489 471 490 448 490 452 487 453 450 443 485 490 493 479 423 485 490 494 487 485 494 493 491 476 499 488 497 479 501 494 495 494 477 496 494 497 497 492 496
210 180 226 239 157 231 264 263 277 155 261 273 224 250 259 293 250 330 339 318 269 347 243 300 344 375 315 327 351 358 336 349 357 363 319 336 427 251 390 425 332 452 378 379 401 390 441 485 456 415 400 412 397 404 424 471 472 441 441 471 433 477 438 480 464 448 488 473 464 413 492 489 470 496 469 494 424 487 487 494 497 502 425 488 471 488 491 492 488 471 496 493 501 492 490 490 492 464 487 504
145 196 222 196 220 151 154 203 238 230 249 155 196 146 200 298 290 242 325 344 331 379 286 305 334 324 428 284 336 248 278 326 311 311 381 383 395 413 355 421 354 386 408 445 406 471 408 453 423 420 471 412 425 333 441 493 488 409 417 475 475 433 495 479 483 461 426 484 478 484 462 483 481 485 488 474 466 490 496 502 497 476 482 490 474 494 496 488 487 472 494 489 486 479 476 486 494 494 482 505
