955 949 987 967 961 952 976 989 955 970 979 982 981 991 990 990 996 991 992 991 962 989 992 996 993 990 992 992 995 987 993 993 977 990 986 996 990 998 994 995 986 996 997 998 969 995 993 988 995 991 995 998 996 999 990 992 996 998 995 996 996 996 994 997 992 997 998 995 995 997 996 998 997 996 998 998 996 996 999 994 999 997 998 998 997 997 999 997 998 997 994 994 999 997 995 999 993 996 998 998
966 913 980 987 989 973 992 985 963 969 993 977 991 986 981 990 989 995 991 965 992 988 986 990 980 994 995 983 995 990 942 988 994 999 998 995 994 991 997 998 989 997 995 998 994 990 993 993 990 991 996 994 991 995 998 998 995 990 996 992 997 996 996 998 997 994 995 998 998 998 997 996 997 996 995 974 995 993 995 998 996 997 994 994 994 998 999 998 997 996 998 995 996 998 999 994 999 997 995 995
946 963 917 975 960 980 987 988 988 977 988 953 982 969 993 987 990 988 983 973 989 996 993 984 990 993 991 992 997 995 994 966 987 992 996 985 993 998 997 992 990 997 996 992 998 995 995 997 993 996 999 994 998 996 999 996 995 996 993 994 997 997 999 997 998 999 997 998 999 995 997 996 999 996 998 997 998 997 997 996 995 998 997 994 996 995 999 996 996 996 996 997 996 994 997 998 997 997 997 998
869 984 952 957 961 985 975 983 976 976 991 994 992 982 985 992 993 989 968 973 993 985 992 993 994 991 987 993 979 979 998 987 989 996 996 984 997 992 993 994 997 995 995 992 959 996 997 997 997 998 998 997 986 995 991 994 995 998 993 998 994 996 998 998 997 997 996 998 997 997 999 997 995 997 996 998 996 995 996 996 997 998 997 998 994 994 998 999 997 995 997 998 994 998 998 995 993 997 993 999
960 950 974 982 979 972 970 985 981 968 994 988 986 984 978 981 992 976 960 984 985 995 983 995 994 994 982 995 993 994 985 988 994 995 998 986 996 993 997 994 995 996 997 997 992 993 998 998 994 994 996 995 991 998 997 995 997 995 995 994 996 997 995 996 997 996 999 998 999 996 997 997 998 997 997 995 998 998 998 998 998 997 998 998 999 996 997 997 998 992 997 996 999 995 997 997 998 995 998 994
863 930 976 904 981 979 979 978 983 982 984 985 995 992 979 979 967 979 952 993 988 995 989 991 992 989 997 995 993 996 995 994 994 997 994 994 995 990 989 997 985 995 992 994 997 992 994 997 992 994 996 994 999 997 996 997 993 993 997 996 980 998 995 998 998 997 996 996 994 997 998 996 996 998 998 996 997 996 997 996 995 997 996 997 997 995 998 997 997 993 996 998 995 996 996 994 996 997 997 998
933 970 986 990 924 968 945 981 976 960 980 995 993 970 975 927 972 990 989 992 988 970 994 995 986 994 989 997 980 992 989 992 994 993 992 998 993 994 994 996 994 997 993 990 995 998 991 994 998 993 995 995 997 996 993 997 998 997 997 998 996 998 998 997 998 997 998 992 994 996 997 997 996 996 991 999 997 996 996 999 995 997 995 991 999 998 997 997 997 998 997 996 996 992 996 996 996 996 997 997
963 966 983 975 975 965 966 985 965 991 988 992 975 988 972 987 995 985 991 989 998 995 994 992 993 980 984 991 986 995 992 988 993 996 989 992 993 996 937 999 993 994 996 998 993 997 997 995 987 997 995 998 997 996 996 995 997 995 998 997 996 997 997 996 996 998 996 998 998 995 998 975 997 996 996 997 997 997 997 996 958 998 998 997 993 997 998 999 998 998 997 998 995 986 998 998 997 995 998 997
946 983 984 960 979 978 988 979 995 986 973 983 990 992 978 992 963 989 979 993 991 971 994 990 989 997 998 995 979 992 982 995 988 996 986 995 988 995 988 989 996 997 998 997 995 958 995 995 995 994 997 991 998 992 998 997 996 995 991 998 996 997 996 996 997 997 996 997 998 998 997 998 997 995 997 994 997 997 991 997 997 998 997 996 998 996 994 997 998 999 997 998 999 993 998 997 995 994 997 998
954 955 974 979 980 989 983 956 988 973 992 991 973 988 981 983 990 994 994 983 988 986 982 982 986 993 995 996 991 997 986 987 968 993 991 992 996 996 998 984 994 992 997 995 996 985 997 996 990 995 996 996 996 994 997 997 995 997 994 994 997 998 995 998 997 998 997 995 997 995 997 995 992 998 998 995 998 996 996 998 991 997 997 997 997 998 997 998 997 998 997 996 997 997 998 994 997 986 997 999
966 971 958 984 967 977 985 984 989 974 937 920 985 991 963 979 995 952 963 993 994 988 993 990 990 987 996 996 992 996 992 993 991 995 998 992 992 997 994 987 997 996 996 995 989 998 998 981 996 996 995 994 991 997 997 997 997 998 993 996 997 994 997 997 994 996 998 997 997 997 996 998 997 996 995 993 997 996 998 999 996 998 998 998 997 997 998 997 997 994 998 997 996 997 998 996 994 998 998 998
941 955 966 988 902 972 979 917 986 983 981 972 919 959 990 989 993 979 984 963 992 971 990 994 987 994 988 989 994 996 988 992 994 993 990 984 993 988 992 996 995 996 997 997 997 995 988 997 989 996 994 996 996 997 998 997 998 997 996 998 996 996 996 995 986 995 997 997 999 996 996 994 997 997 995 998 1000 999 998 997 998 996 995 999 997 996 996 999 998 996 996 998 992 995 995 997 997 997 994 993
882 921 973 955 976 987 990 995 986 961 992 986 989 986 985 991 978 974 994 997 988 991 990 983 994 995 990 995 993 997 994 994 997 986 989 997 996 997 993 996 973 997 997 997 997 995 997 996 995 997 993 991 995 993 998 998 997 993 994 996 995 998 998 997 997 999 995 998 992 995 998 997 998 997 997 993 999 996 998 997 997 997 997 997 997 999 993 996 997 998 994 997 993 997 993 997 998 996 995 998
946 970 924 973 979 994 923 993 977 978 991 989 984 993 992 989 986 985 982 995 980 992 993 994 992 983 989 995 990 996 988 995 991 996 987 995 995 991 993 995 996 992 995 996 995 996 997 995 998 996 996 997 995 996 990 997 997 997 999 997 997 994 998 998 997 999 993 998 996 997 997 999 996 997 996 997 995 996 999 996 997 997 998 995 998 997 995 998 990 997 996 997 994 996 994 995 998 997 998 999
974 968 975 930 986 967 984 978 914 997 981 991 957 975 980 985 969 991 991 991 992 992 990 987 962 991 966 993 988 996 986 995 991 991 987 997 995 991 967 994 996 985 996 997 996 996 995 997 991 998 993 991 997 998 994 993 998 996 997 999 995 997 999 993 997 998 997 998 998 999 996 995 998 995 998 997 999 996 997 998 999 997 998 995 998 998 999 997 996 994 996 997 999 997 997 995 998 999 997 997
967 973 887 936 965 977 951 988 964 956 934 982 965 921 980 994 996 994 992 993 994 988 994 998 984 986 993 988 991 993 990 995 991 991 998 999 991 986 994 995 983 993 995 997 993 994 997 993 996 997 998 994 996 995 995 997 995 995 999 994 994 994 998 998 996 996 997 996 997 997 996 997 996 995 998 995 997 998 997 995 999 997 997 996 998 999 993 996 997 999 997 997 997 993 998 999 997 997 999 995
954 980 966 963 988 985 985 940 958 982 956 921 990 969 993 979 963 977 996 960 996 991 995 992 995 992 987 991 998 997 990 997 994 994 996 985 995 995 988 987 992 993 988 993 993 998 996 995 996 999 994 998 997 993 997 998 998 997 995 996 994 997 998 997 995 995 996 994 994 996 997 994 997 998 999 998 998 997 997 997 997 996 996 996 999 995 996 999 997 996 995 996 997 997 997 987 995 999 997 997
881 949 977 988 891 986 978 939 956 988 990 989 979 981 995 973 985 994 987 979 979 976 987 998 966 987 995 995 992 995 994 993 991 992 997 947 996 997 995 998 992 989 995 995 998 998 997 997 994 995 998 994 993 996 997 994 996 996 998 997 998 997 998 997 992 998 1000 996 997 997 999 993 997 997 997 997 997 997 998 994 999 998 998 998 995 995 998 997 997 996 997 996 997 996 995 989 997 995 994 997
962 964 994 978 947 973 966 938 960 987 966 992 989 980 981 990 970 989 964 992 994 917 984 989 991 983 992 995 909 987 995 991 999 993 993 989 994 993 993 992 995 995 992 996 998 994 998 997 995 993 996 993 999 995 992 995 997 998 996 998 997 998 997 997 996 996 997 997 996 993 995 997 995 997 999 996 996 999 997 996 998 996 993 996 993 999 998 997 998 995 997 997 996 996 996 996 996 995 996 996
901 933 891 879 971 934 975 988 984 987 990 982 984 985 993 991 993 994 972 949 997 990 904 954 991 984 982 995 994 994 988 997 992 994 992 988 985 988 994 999 997 986 984 997 993 994 975 996 997 994 996 995 997 996 993 998 996 998 997 996 998 994 996 999 998 995 993 998 997 996 994 994 997 990 996 999 997 997 998 996 997 997 998 996 997 997 997 995 997 998 995 996 997 999 997 998 997 996 999 997
975 921 959 916 973 889 990 956 948 926 958 991 991 956 875 995 989 982 992 987 994 981 994 984 977 988 991 969 995 991 995 997 993 992 992 997 993 996 986 978 990 991 995 996 984 996 994 993 996 997 993 996 993 998 992 997 995 997 989 994 987 999 993 988 995 999 998 994 994 995 997 992 995 998 994 998 999 996 995 998 996 997 997 997 995 997 998 992 998 997 996 998 998 998 997 998 995 996 998 999
951 902 815 976 992 992 967 975 987 876 985 992 964 976 989 964 985 989 969 988 995 978 984 993 994 985 992 983 988 994 991 987 992 997 983 997 987 988 996 995 989 997 996 996 991 996 997 994 994 998 991 997 997 997 996 999 998 999 996 998 994 994 988 996 993 998 995 995 997 996 998 997 997 990 999 996 993 995 999 996 997 997 994 998 996 996 994 998 989 995 999 999 994 997 997 995 996 992 997 994
969 827 971 977 914 980 978 928 989 982 987 981 991 987 983 960 946 983 991 996 981 983 987 990 968 987 992 978 990 984 987 997 990 990 992 998 993 993 997 997 985 995 998 996 988 995 996 997 987 987 994 995 987 995 996 996 995 996 994 999 995 997 997 997 997 991 995 996 998 997 998 997 996 997 994 997 998 999 996 999 997 996 995 997 995 996 995 994 999 994 998 998 996 997 994 997 997 998 996 996
969 923 937 952 991 986 880 930 880 986 976 984 990 986 982 990 990 914 991 988 985 981 985 944 992 978 987 990 966 994 982 994 994 996 992 995 994 994 992 995 994 997 996 982 993 984 995 997 995 973 997 996 996 996 997 995 996 996 997 997 991 995 998 996 995 998 995 994 996 994 998 998 997 997 998 997 996 996 997 999 997 998 996 989 998 998 994 997 993 997 998 998 997 999 999 995 996 999 995 997
912 982 967 989 886 912 935 923 991 974 985 970 987 984 990 986 987 996 994 971 982 994 918 984 997 997 992 993 990 994 996 989 993 997 998 997 995 991 997 994 971 996 995 992 993 996 993 993 996 997 998 994 996 994 998 998 998 995 992 998 993 996 992 997 999 990 997 997 997 998 994 998 997 997 997 999 998 996 996 996 998 997 995 996 999 996 997 997 989 998 998 997 994 996 998 998 998 997 997 996
964 952 987 974 862 911 953 954 983 957 973 961 989 972 905 975 985 941 972 988 993 991 997 992 990 983 993 990 991 993 994 982 994 995 992 970 994 998 996 990 994 997 994 998 996 994 979 995 996 986 996 995 995 996 998 995 998 993 991 992 997 996 997 996 997 997 998 993 997 997 998 999 998 997 993 995 998 996 998 999 997 996 999 997 997 998 996 997 995 994 997 997 997 993 996 997 996 997 998 994
971 948 922 906 912 938 944 971 961 911 977 980 960 980 991 987 981 965 990 994 991 980 986 997 967 957 989 952 997 995 992 998 995 993 990 991 991 995 991 994 995 985 993 992 991 991 997 991 998 993 997 997 997 981 990 997 997 996 995 999 999 997 996 998 997 998 996 995 997 996 995 999 993 998 996 992 996 997 997 995 996 997 998 996 996 996 998 996 994 998 996 997 998 996 998 999 994 995 999 997
936 821 912 913 920 966 899 935 959 910 984 994 989 896 981 977 926 946 993 967 991 985 994 988 905 990 990 988 988 981 993 995 983 991 991 987 997 976 993 986 992 988 996 997 986 998 994 996 996 995 988 993 995 995 994 995 998 998 998 999 994 995 996 998 998 997 998 996 996 996 997 997 995 996 997 995 994 997 998 992 998 997 996 998 997 994 997 996 998 996 997 995 999 993 998 997 997 996 995 997
943 938 981 917 981 987 904 988 961 980 898 903 984 946 974 977 922 989 995 977 995 985 985 991 966 971 958 984 993 983 998 992 993 997 995 997 972 993 980 992 990 992 991 988 996 996 999 996 989 995 998 994 994 996 991 993 998 998 999 997 993 996 997 994 995 996 998 997 996 999 996 994 997 997 998 996 998 998 997 996 997 997 995 997 997 998 996 998 996 997 998 998 995 992 997 992 997 996 996 998
930 839 891 964 868 955 876 984 982 901 883 971 922 983 994 964 991 968 895 948 990 904 969 986 989 992 996 994 993 995 996 990 980 996 998 986 970 997 996 995 989 983 986 993 983 998 995 993 995 997 995 997 992 996 988 998 996 994 992 999 990 997 994 976 995 998 997 995 995 998 995 987 997 995 998 992 996 997 998 995 997 994 998 992 995 998 996 995 997 994 998 998 999 996 998 994 998 998 997 995
893 868 909 955 958 984 960 924 961 942 954 955 983 959 977 973 993 994 995 935 957 977 983 979 995 997 969 993 996 980 985 989 995 995 991 995 996 996 994 993 999 998 998 996 992 995 994 995 997 986 993 995 990 997 995 996 995 997 992 994 995 999 999 985 998 998 998 995 998 996 998 993 995 996 998 996 998 990 994 998 995 996 995 998 998 998 998 998 998 997 996 998 995 994 997 998 998 997 997 998
940 974 959 918 940 972 885 894 988 871 994 984 971 987 981 945 992 969 985 874 884 990 973 982 995 987 996 996 985 989 992 980 991 978 959 995 995 992 998 996 994 994 992 997 997 997 993 997 995 995 982 998 994 997 995 993 997 997 999 999 997 997 997 996 996 995 997 997 998 993 995 996 994 997 997 994 999 998 994 998 997 996 997 998 997 996 994 997 996 994 993 997 997 995 999 997 994 997 995 995
951 987 973 846 972 756 978 983 971 936 979 968 969 998 994 920 992 986 980 939 987 980 993 981 987 993 985 939 981 884 998 962 987 995 995 993 919 978 995 985 983 996 988 994 994 994 996 989 998 995 997 989 998 994 994 996 990 997 993 998 993 996 997 997 996 998 997 998 997 998 998 998 996 997 998 994 995 998 998 995 995 998 997 997 998 995 998 998 993 998 995 996 993 997 997 997 997 996 996 995
921 967 941 948 851 912 907 938 898 894 920 891 991 994 967 929 942 980 993 884 996 991 988 986 996 978 996 995 992 975 993 994 983 994 994 958 995 992 969 995 997 994 996 989 998 996 996 993 993 984 994 998 996 997 997 996 985 994 997 997 995 988 994 913 997 999 995 999 998 997 997 994 999 998 997 997 995 997 999 994 997 997 997 997 998 994 997 997 994 999 996 994 993 999 996 997 996 994 998 998
897 927 967 966 992 973 995 988 964 765 893 968 982 982 993 972 922 953 993 959 980 973 985 989 990 996 989 950 984 986 990 991 988 994 991 985 950 971 996 989 993 992 994 992 996 995 996 994 996 995 996 995 998 995 998 997 996 999 991 997 996 998 995 995 996 995 991 998 997 995 995 996 997 998 995 998 997 996 998 997 997 996 996 995 997 997 997 995 998 994 996 998 996 997 999 995 989 990 998 997
934 937 853 985 924 959 860 950 979 958 911 973 939 885 913 981 989 850 880 945 965 873 973 950 983 932 890 994 994 978 993 964 995 907 995 990 994 995 996 993 994 997 994 996 997 992 988 994 995 995 996 990 992 997 997 997 991 996 998 997 993 996 998 997 986 995 998 995 997 997 999 995 999 996 988 999 996 997 997 989 997 994 997 998 999 996 998 998 995 995 997 995 995 997 991 998 996 996 994 996
877 863 940 941 962 950 828 928 972 870 896 977 983 966 962 956 983 953 995 990 980 955 968 951 940 992 985 946 984 987 973 988 994 993 952 998 997 981 996 994 986 994 996 953 997 996 998 996 994 998 993 994 992 994 994 997 974 983 994 995 997 996 999 997 999 995 998 995 998 997 996 998 992 996 997 998 994 998 994 993 995 997 998 993 999 997 998 997 997 999 996 994 989 997 996 993 997 995 993 997
887 974 876 957 858 834 781 980 868 896 993 976 996 925 976 955 965 993 921 991 982 983 992 987 981 962 951 987 977 944 982 989 991 997 968 986 996 986 990 997 978 993 995 993 997 994 997 998 997 993 993 990 996 996 998 998 992 989 998 998 993 992 997 995 998 993 994 998 998 998 995 996 996 997 996 997 998 996 998 998 997 995 998 995 997 996 996 998 996 996 996 998 996 998 997 997 995 997 999 999
758 850 951 852 919 934 903 744 917 965 895 962 926 898 983 970 884 898 978 984 980 990 979 950 979 991 992 975 957 996 991 993 978 985 994 994 993 914 991 982 997 993 995 988 993 993 994 990 986 990 992 998 996 993 997 996 997 995 996 999 992 998 990 996 999 996 997 997 996 996 991 996 998 996 998 998 998 994 997 995 993 998 991 997 997 996 997 998 996 997 997 996 996 998 994 996 996 995 997 998
895 784 871 984 976 807 980 967 977 992 983 918 955 860 925 982 972 954 968 944 975 820 971 994 989 959 909 989 980 982 994 992 991 995 948 995 993 998 986 997 984 992 997 997 989 998 991 997 997 939 998 995 997 995 989 997 998 988 995 993 997 992 997 999 999 998 996 995 999 995 996 997 995 995 997 994 997 997 998 998 999 995 997 997 998 996 998 996 997 997 996 995 995 992 998 999 998 997 997 997
830 977 682 769 890 826 792 894 870 986 989 945 969 893 968 981 934 981 794 989 986 997 951 894 992 967 996 994 988 985 995 982 982 989 991 990 996 992 997 993 995 991 986 998 960 992 987 982 996 990 995 995 989 998 998 990 997 995 997 985 992 994 999 987 992 996 995 987 997 996 997 997 998 994 995 998 997 995 997 997 996 995 998 998 994 996 996 995 999 993 994 997 996 998 997 997 995 998 997 997
916 963 958 901 873 943 922 842 829 983 964 944 840 993 987 844 984 984 990 979 897 887 995 993 973 992 998 983 985 986 963 995 893 942 993 994 979 891 992 948 997 993 996 998 990 997 956 997 983 994 995 994 998 989 977 997 995 995 995 994 998 991 998 985 994 990 997 999 994 996 996 992 997 998 998 998 995 998 999 997 998 994 995 998 995 997 997 997 998 997 994 997 997 997 995 996 998 998 999 990
845 832 933 849 960 983 969 908 877 939 888 706 972 967 898 978 988 843 984 978 995 941 936 981 874 991 991 919 991 990 988 960 992 990 990 936 981 993 987 987 961 997 993 981 992 993 991 996 995 988 993 985 992 997 984 995 963 995 997 992 994 992 993 997 995 999 995 997 997 997 993 997 996 997 998 996 995 997 995 996 994 993 998 998 997 997 998 998 994 998 997 994 994 996 998 997 997 974 998 996
828 982 984 906 940 926 852 939 849 915 952 919 966 982 972 934 914 987 990 903 902 938 817 997 994 901 957 985 973 988 957 958 994 989 985 993 992 987 997 994 995 973 954 992 982 995 994 977 996 997 994 988 996 995 996 995 987 996 995 997 997 995 995 995 994 999 996 990 993 994 998 998 995 998 996 992 997 997 997 995 996 997 996 997 996 997 998 995 994 997 998 995 994 994 992 996 998 997 996 998
954 764 889 834 847 911 957 942 968 964 929 979 948 836 970 978 962 986 962 922 980 982 983 988 990 948 945 969 937 979 930 841 983 998 983 997 986 996 982 992 984 995 991 997 990 997 994 995 994 891 997 989 998 995 978 996 988 996 988 995 989 997 997 995 994 995 982 992 995 998 998 995 995 992 991 996 996 996 994 995 995 997 995 995 995 997 997 997 994 997 996 998 997 990 992 996 997 995 998 994
903 885 951 876 981 924 899 884 875 863 945 913 920 952 920 978 990 817 985 908 939 964 799 958 966 927 989 867 997 896 994 991 995 926 981 997 983 995 932 959 990 913 988 977 990 991 991 991 998 997 981 974 884 997 991 990 986 994 996 994 994 997 993 995 995 998 996 994 996 994 994 997 999 998 997 996 996 995 982 991 990 997 995 997 995 995 996 999 997 996 996 993 998 997 987 999 993 994 991 993
925 898 906 915 945 964 927 895 883 948 869 945 965 801 774 862 878 901 873 932 988 816 845 947 974 950 888 899 963 991 965 991 966 858 989 983 993 976 994 996 997 980 989 988 997 991 977 967 989 994 989 986 994 991 995 998 993 990 998 993 996 996 990 997 997 994 999 997 996 996 997 995 996 997 994 997 997 996 996 996 997 996 996 994 997 992 997 994 997 993 998 993 994 998 993 994 996 997 994 980
840 874 926 896 797 962 768 973 963 905 982 986 813 970 982 936 942 970 892 979 984 985 938 987 995 996 991 989 944 968 881 979 960 994 995 954 990 973 990 988 992 981 993 993 900 988 998 922 992 991 993 998 996 996 996 995 987 996 997 994 993 998 992 997 996 993 998 996 992 991 997 997 995 997 997 995 998 994 997 996 998 997 991 995 993 994 996 996 997 997 994 995 989 994 998 992 994 996 993 999
874 881 746 878 746 960 883 769 964 986 917 978 840 853 888 933 979 986 980 900 993 942 912 985 866 987 991 976 976 980 992 923 977 984 995 971 989 997 983 988 975 997 994 994 982 996 989 993 987 996 994 997 995 998 993 995 995 988 998 998 995 958 998 993 999 994 998 997 993 997 981 994 990 995 997 998 998 997 992 996 995 995 994 993 998 998 998 997 998 997 997 996 998 997 993 995 995 995 999 991
922 797 683 820 800 753 712 886 800 926 869 960 899 954 977 958 816 946 956 900 974 942 983 979 976 993 969 951 982 972 919 968 990 937 940 990 987 971 990 988 821 982 981 993 995 999 908 990 986 996 995 997 990 979 968 998 991 995 993 991 996 997 997 996 995 998 999 993 997 995 996 994 998 997 996 994 999 995 993 992 996 993 999 994 995 991 993 998 996 995 995 995 988 991 995 997 995 995 997 996
713 782 903 834 945 944 893 819 943 778 952 887 946 776 803 974 920 893 885 885 986 994 990 871 966 987 959 926 991 967 940 968 960 879 996 980 993 881 971 987 996 983 986 998 996 992 994 993 997 996 989 993 996 996 997 994 996 992 990 972 998 996 991 992 971 992 986 996 998 997 993 998 996 992 998 996 997 993 996 997 992 997 996 992 997 997 997 995 996 996 996 994 996 991 997 997 997 994 998 998
790 978 790 872 850 924 894 888 746 842 919 900 900 975 984 937 912 972 927 972 921 873 935 838 995 993 910 965 991 949 961 953 917 988 890 993 997 971 986 905 960 991 994 958 995 972 973 992 998 993 980 995 968 951 984 997 983 998 991 993 996 975 993 995 990 995 998 998 994 995 989 996 998 995 997 987 987 996 998 996 994 995 996 998 997 998 998 998 992 996 998 996 993 995 994 993 995 991 994 996
945 852 857 753 826 912 823 846 926 960 859 843 834 921 766 883 886 992 910 825 970 864 939 994 934 984 972 969 858 996 980 989 963 993 993 986 943 977 988 991 997 995 966 992 995 921 962 984 997 997 997 989 998 996 992 997 988 994 995 997 990 995 996 997 995 980 993 996 995 994 991 997 993 995 995 981 993 978 998 993 994 994 998 995 996 994 994 996 996 997 996 991 997 996 998 995 991 996 997 996
713 887 877 857 782 911 906 875 816 941 745 994 838 889 913 851 927 976 843 887 916 979 970 965 992 990 938 979 955 983 994 976 986 996 992 911 993 991 995 980 979 985 989 912 990 981 990 991 967 978 968 989 929 993 990 959 979 995 996 996 998 994 997 992 986 985 997 994 996 998 965 994 992 994 993 998 996 978 996 997 993 996 997 998 994 998 996 997 997 996 997 997 974 997 993 994 999 997 996 997
677 728 864 644 807 885 907 752 977 930 878 942 824 751 889 853 981 929 960 873 921 943 980 960 972 880 933 974 989 924 937 948 955 993 992 979 961 948 995 991 996 981 974 982 989 946 898 994 992 972 998 991 993 990 988 994 995 998 977 998 997 995 999 992 994 991 995 992 997 990 994 998 994 996 997 990 992 996 998 995 984 997 997 997 998 999 993 998 995 992 996 995 998 993 991 995 989 991 996 994
778 916 879 960 871 701 954 822 799 932 917 985 860 926 878 892 896 906 904 939 952 973 994 932 976 945 940 963 992 924 829 947 934 939 986 994 971 831 939 969 993 986 994 980 995 983 983 979 892 997 988 983 995 991 987 992 957 998 978 996 997 956 998 994 996 999 982 996 994 991 991 992 995 995 992 966 993 998 999 998 995 995 992 996 989 988 993 998 993 990 994 996 992 993 996 997 996 998 996 997
791 921 891 739 632 867 861 954 911 955 862 837 818 854 963 871 933 958 911 869 812 904 960 945 974 990 939 916 996 932 959 954 963 986 995 960 992 990 980 968 990 853 867 981 986 979 980 907 992 996 992 950 985 991 996 985 971 975 987 994 996 989 998 994 997 988 994 998 992 971 987 994 995 994 988 999 991 996 997 995 989 991 993 998 998 997 996 990 995 994 996 997 997 995 994 995 995 994 992 993
755 611 939 951 886 735 920 890 859 848 812 882 957 860 938 904 920 914 842 697 872 947 961 981 917 896 991 982 985 882 978 978 978 984 954 975 916 965 900 983 970 996 973 983 989 985 995 994 976 915 997 951 963 989 997 992 996 990 991 981 987 983 959 994 996 999 996 993 997 998 992 995 993 995 992 996 989 995 995 989 992 984 996 996 995 997 993 997 990 993 995 996 998 995 995 987 994 996 996 994
524 772 809 695 837 746 842 711 843 791 870 667 712 798 821 873 803 990 980 979 971 867 960 987 952 984 803 951 990 995 983 996 867 993 890 997 971 936 987 967 978 981 990 966 978 995 982 992 996 978 987 968 974 992 995 950 997 993 997 994 997 992 995 983 997 995 994 996 997 995 991 994 996 996 990 996 992 995 998 996 993 996 998 996 996 994 996 996 990 989 995 995 993 994 993 997 997 991 992 992
787 765 690 807 936 788 931 782 912 811 631 825 890 892 900 828 768 914 998 889 899 937 893 883 915 951 883 892 885 872 898 916 963 996 996 975 989 990 929 902 984 955 992 987 983 989 981 992 983 994 995 997 978 994 997 987 993 992 996 995 993 998 997 974 999 990 992 995 996 997 986 995 997 994 994 994 996 992 997 995 996 983 997 996 996 996 985 994 992 996 995 994 993 993 991 996 993 987 992 996
760 728 910 882 839 785 805 890 904 696 691 866 867 825 983 750 780 980 868 887 899 954 953 980 915 994 928 967 881 882 962 972 989 988 993 995 942 980 963 996 956 899 995 973 985 983 932 989 996 985 998 972 991 991 943 997 983 993 967 994 984 993 992 954 992 987 995 993 989 989 994 994 989 994 997 991 981 993 991 998 995 997 995 995 993 995 995 997 994 994 995 995 995 988 991 975 993 992 974 993
794 785 751 785 844 917 857 889 931 787 875 831 908 806 722 901 884 892 916 887 902 862 886 915 986 871 883 870 970 858 933 992 829 945 906 867 920 899 994 986 863 978 976 939 995 993 985 974 993 984 982 977 998 989 897 991 994 985 937 991 962 998 976 991 976 994 992 992 994 995 994 990 989 995 990 997 995 996 984 997 996 995 995 997 989 994 991 994 988 996 999 998 997 996 987 995 997 997 991 989
689 929 835 770 655 796 912 827 950 841 881 770 840 864 784 836 603 899 766 733 890 865 907 905 911 935 957 869 940 893 992 964 991 991 941 944 918 994 862 996 880 981 989 993 977 989 952 972 988 967 987 980 967 985 995 990 994 998 982 996 897 992 975 997 990 992 997 993 984 986 995 997 994 997 993 981 995 932 996 998 996 992 991 997 993 988 996 991 993 995 996 995 993 994 996 983 984 992 995 992
751 618 779 933 815 798 863 702 887 742 708 783 858 841 908 616 854 733 884 951 933 884 919 891 993 752 875 970 925 992 681 786 900 987 982 978 992 984 938 880 936 995 973 976 991 865 995 901 992 995 993 997 995 995 994 992 996 984 956 978 988 981 977 994 995 989 973 996 994 998 986 994 995 995 995 995 997 991 997 995 998 996 996 971 993 991 995 986 992 994 996 997 990 993 990 995 995 987 995 999
639 578 797 668 764 705 682 780 914 838 801 667 891 749 840 701 804 972 967 918 974 841 795 969 883 952 920 971 890 886 982 869 971 983 977 971 983 989 862 954 992 902 891 975 977 952 984 971 976 990 989 940 862 996 999 983 993 975 997 972 899 990 996 993 998 996 957 991 981 993 996 993 992 996 982 988 997 995 978 996 993 995 993 993 990 995 990 997 987 994 994 997 993 991 990 989 991 992 992 994
596 767 805 703 797 814 707 692 821 916 904 732 722 794 921 972 811 799 881 863 939 961 845 821 829 934 983 862 933 893 993 914 967 956 967 882 890 983 895 992 924 872 995 978 987 920 980 978 950 993 988 996 994 972 990 976 992 994 991 990 978 985 992 996 994 982 997 936 967 996 991 998 994 992 994 989 970 995 996 996 984 993 995 993 921 994 991 997 993 996 995 989 983 994 992 991 991 981 993 992
657 846 597 802 773 663 578 743 910 814 585 767 762 862 897 743 720 836 945 639 868 872 819 886 969 911 880 714 929 974 843 956 880 979 868 983 958 985 978 969 958 898 955 993 989 993 848 947 900 876 985 991 975 996 971 987 890 987 992 997 945 994 995 988 992 894 993 994 996 953 907 994 985 995 983 995 996 987 991 993 994 993 987 994 988 990 994 963 996 991 994 969 991 985 993 995 988 995 994 993
737 463 746 724 636 729 638 809 796 793 582 681 857 807 870 906 791 838 701 652 960 983 879 925 908 898 983 970 914 869 976 915 914 901 991 944 879 992 958 982 976 983 978 991 988 902 993 981 906 983 909 987 899 990 959 993 978 990 989 996 957 975 983 997 994 993 946 981 967 997 980 992 990 972 996 992 899 989 974 998 994 994 993 995 993 975 994 991 983 996 984 987 978 991 982 996 992 997 991 993
599 604 532 712 788 561 744 764 599 761 877 822 680 815 729 825 731 882 865 986 802 898 776 911 898 847 962 907 928 835 972 849 890 948 874 818 984 926 976 991 901 977 974 954 998 988 990 984 897 832 988 992 994 912 937 980 911 993 996 989 987 982 996 950 952 995 991 995 996 987 996 996 995 992 979 988 990 990 989 994 994 995 995 988 996 995 991 997 990 996 996 983 996 998 996 986 983 994 993 993
595 581 556 833 774 849 674 652 827 681 814 652 679 908 677 726 899 944 945 758 862 884 746 867 849 795 821 635 986 931 814 870 880 865 962 949 799 888 995 937 984 980 970 992 981 994 970 785 981 989 976 993 992 970 990 990 979 987 990 993 979 991 993 990 985 982 908 994 989 996 992 975 994 989 988 991 980 995 990 989 989 989 994 992 982 996 996 994 979 993 992 993 982 994 991 993 996 995 992 988
630 631 700 681 611 700 612 889 764 752 461 798 790 933 797 729 673 853 726 736 719 889 897 840 824 952 895 963 693 828 950 832 860 908 847 782 976 975 811 963 882 852 870 906 888 932 980 974 996 941 990 997 994 921 973 988 985 983 995 959 992 952 965 989 990 989 992 994 991 996 982 991 994 994 992 991 994 993 988 993 997 988 993 989 991 995 995 988 996 991 997 974 991 990 986 995 990 996 995 992
818 626 489 658 637 648 794 731 761 784 845 873 658 892 789 755 818 722 866 763 910 922 987 817 823 962 809 911 879 878 874 936 809 811 873 885 795 904 983 899 987 952 866 986 967 990 837 916 995 996 992 965 956 992 996 985 978 981 911 968 990 982 883 964 988 984 993 993 997 946 991 990 992 982 995 992 983 978 993 992 995 994 989 987 993 994 991 990 997 985 997 990 991 992 996 989 995 991 988 995
669 577 514 596 703 771 709 666 724 522 604 715 644 926 778 780 805 796 752 748 891 889 874 765 842 735 941 955 756 803 841 880 874 890 912 903 906 888 952 903 792 946 955 952 995 961 994 881 993 989 974 984 984 975 967 936 924 891 976 984 984 949 948 991 981 992 984 947 994 983 983 993 985 997 987 991 983 996 996 995 989 990 996 992 991 991 988 986 995 996 995 998 993 992 997 995 983 991 980 978
594 699 596 796 786 797 627 870 666 578 583 761 606 913 597 758 653 805 728 742 710 896 861 854 901 848 904 775 645 936 861 908 860 960 903 897 983 962 790 871 962 982 966 987 943 989 919 907 971 971 968 988 982 965 906 995 832 947 948 986 994 983 992 995 986 952 988 934 960 981 988 989 991 995 954 993 983 991 975 997 994 958 991 995 993 993 992 988 968 992 992 988 990 991 990 986 987 984 991 986
823 599 650 685 674 629 878 664 628 752 770 868 810 683 944 819 629 908 760 725 938 838 881 804 825 759 864 781 900 907 941 860 962 868 938 759 955 887 860 873 955 990 873 875 973 849 970 997 791 942 922 989 992 969 976 992 976 991 925 991 987 980 986 977 963 992 988 986 978 985 992 993 980 960 993 997 995 985 987 991 991 978 993 983 995 992 960 984 997 995 991 993 983 960 995 994 984 997 984 989
615 634 616 551 823 741 588 488 698 487 699 530 722 783 827 662 798 600 790 934 734 902 854 782 782 932 949 944 970 825 962 949 676 853 839 866 937 961 928 844 958 985 888 859 968 910 986 992 982 900 974 911 986 914 941 892 926 988 979 995 932 994 991 994 978 910 994 930 980 991 956 984 992 992 994 989 923 973 994 985 990 982 998 995 997 993 988 988 993 992 974 983 993 995 997 996 981 984 994 996
544 593 602 526 435 633 652 813 616 658 645 534 705 536 610 639 970 843 786 764 748 819 849 815 898 957 688 891 960 841 852 777 831 844 903 988 966 879 869 812 849 907 799 822 970 988 961 941 989 978 965 994 986 855 899 982 962 985 985 913 970 993 974 900 967 976 996 982 991 870 991 996 991 995 984 992 994 996 997 978 985 989 991 991 985 990 987 994 981 966 981 996 985 988 983 992 958 997 996 990
536 534 760 691 617 533 713 773 614 475 862 648 755 725 675 741 665 868 832 620 832 809 743 893 784 920 873 849 781 970 819 844 951 875 913 938 951 870 952 968 978 802 911 832 896 933 991 909 964 966 923 891 920 978 918 992 959 995 944 977 981 980 969 982 976 988 970 993 991 991 984 983 990 987 982 979 995 994 994 996 994 987 993 995 991 995 991 963 977 988 983 990 979 988 985 949 996 986 989 997
594 562 595 595 514 548 833 591 577 694 831 697 768 639 758 743 852 786 753 721 770 923 842 851 767 893 923 863 773 869 883 754 870 781 881 921 877 978 822 917 918 859 890 900 872 871 968 986 970 912 974 936 968 870 972 939 932 992 994 969 821 988 991 964 966 990 987 964 986 969 996 977 978 997 992 921 986 979 993 991 982 994 992 988 946 993 902 995 992 998 986 982 996 994 968 956 996 994 988 990
732 418 721 771 628 572 651 671 759 708 710 678 760 610 765 732 803 692 556 477 659 878 752 682 817 697 891 635 909 809 703 860 797 913 837 980 968 878 729 912 968 825 765 942 965 979 902 917 911 983 979 961 952 965 964 976 968 922 990 983 986 979 986 993 863 913 976 803 993 994 972 992 987 985 897 990 895 995 994 991 992 994 997 994 989 991 991 992 987 983 990 993 992 991 997 981 989 955 983 990
612 468 564 481 840 551 795 849 770 602 656 602 734 648 698 734 535 844 804 681 735 882 637 775 862 808 897 945 659 745 878 759 724 961 911 733 911 966 972 724 784 946 897 811 939 982 838 946 984 987 852 905 985 980 911 991 983 967 964 901 992 929 937 992 995 903 953 987 887 989 982 994 979 981 997 989 894 940 997 989 992 922 990 983 996 989 994 988 989 990 910 992 993 996 994 981 996 994 995 979
542 585 567 511 560 620 850 729 635 761 597 697 686 605 709 706 790 637 864 826 817 719 827 826 948 873 843 873 846 868 713 835 868 957 977 930 938 858 901 842 973 805 967 970 902 903 880 892 760 976 913 933 963 955 881 883 937 976 941 910 988 989 936 932 985 982 830 986 985 967 993 892 964 994 888 996 991 980 985 970 989 961 987 989 971 989 921 930 993 991 991 985 993 996 981 983 985 993 975 991
380 670 580 526 645 723 607 639 707 646 730 760 762 817 578 752 735 850 768 597 803 701 687 881 749 862 743 842 906 810 802 776 850 802 743 823 800 937 986 866 850 879 913 857 978 969 748 839 908 937 979 973 955 966 980 903 844 971 993 982 985 889 887 900 983 953 966 961 982 986 986 973 960 967 983 990 987 988 987 993 988 923 972 985 996 992 988 988 989 965 987 988 991 978 988 993 991 987 986 989
498 339 477 625 530 562 562 417 578 538 592 826 795 654 652 718 785 876 830 631 507 632 689 856 927 749 903 714 753 732 740 839 888 889 817 826 787 900 878 953 805 737 821 898 990 819 853 979 813 884 879 927 981 959 875 876 890 939 946 841 873 923 939 989 990 983 990 906 983 886 901 982 890 991 971 990 934 973 991 980 990 981 979 976 979 994 991 981 967 984 990 967 993 992 993 991 980 993 985 991
404 703 530 623 608 526 487 576 728 540 746 654 635 515 641 736 761 679 813 728 788 681 457 848 719 705 708 810 676 896 783 875 809 916 779 901 773 815 790 883 874 910 853 738 891 882 682 812 992 834 895 896 898 965 906 835 976 943 933 970 847 801 933 988 962 933 988 959 976 977 995 986 989 976 966 974 983 989 954 991 992 980 943 989 981 994 972 990 973 993 995 987 973 991 980 991 978 985 995 997
542 388 362 636 704 538 705 551 563 502 764 775 627 766 622 618 754 772 730 594 837 695 827 709 786 829 697 729 582 854 775 886 627 904 940 930 872 802 807 946 875 901 966 901 885 897 870 912 950 896 780 987 819 983 966 986 977 906 977 992 982 965 918 979 985 984 980 940 978 886 991 992 998 983 986 956 987 888 987 933 981 988 978 987 991 953 984 993 979 979 967 991 982 989 993 984 983 974 982 965
609 461 426 647 509 497 658 585 664 413 635 592 880 614 559 608 697 696 659 552 652 767 813 756 724 757 935 718 640 731 884 825 790 927 758 822 828 802 876 962 863 893 945 905 964 869 882 989 870 684 968 979 929 780 943 955 981 961 937 974 958 988 992 894 978 993 968 980 992 980 990 989 961 991 987 981 992 912 977 989 982 948 995 988 983 976 989 987 982 980 983 982 994 959 967 992 992 974 977 988
404 674 559 365 440 445 566 396 650 558 658 799 514 654 662 651 698 781 611 491 629 914 588 670 685 802 695 815 875 952 841 649 621 864 867 741 791 907 986 669 759 807 772 871 923 861 956 881 961 801 933 788 839 946 968 977 904 980 940 843 983 919 894 976 890 874 906 989 898 988 979 916 921 928 983 976 994 980 914 976 990 990 989 990 992 984 982 994 972 994 978 985 981 985 982 961 987 984 979 993
333 464 425 545 450 686 656 472 456 592 296 448 446 610 731 670 772 459 755 513 842 684 685 720 856 567 774 877 737 707 811 858 843 817 853 781 719 777 859 882 853 816 941 902 920 934 737 886 861 964 802 739 955 936 925 918 908 990 923 960 977 976 978 969 964 983 954 983 987 899 931 983 983 985 969 967 977 990 994 989 987 981 991 985 981 989 988 987 914 989 984 989 992 990 974 990 989 944 984 983
536 577 382 445 591 531 595 540 683 358 590 579 519 644 634 702 655 712 743 449 802 569 723 604 809 729 796 889 869 802 718 844 780 734 913 774 757 821 831 821 871 860 916 900 816 875 945 983 919 973 926 908 930 656 971 761 918 961 890 885 956 963 935 960 895 984 992 986 977 966 885 974 972 985 872 987 975 964 983 985 980 994 985 944 943 990 987 980 959 974 950 986 992 987 970 988 992 989 951 985
560 534 528 446 528 646 648 415 537 504 702 702 702 693 564 766 831 414 582 636 817 729 767 517 584 640 741 905 462 880 863 880 784 859 839 740 873 747 707 864 948 851 743 860 867 728 934 931 966 958 783 873 740 950 915 844 981 880 720 948 832 943 990 940 973 982 894 946 926 905 986 973 985 957 990 968 973 978 987 992 911 982 984 984 985 991 986 967 991 992 946 987 990 989 979 979 967 988 950 978
486 455 546 608 527 267 355 519 386 469 517 616 448 632 685 669 568 620 480 576 508 630 645 772 751 696 880 852 590 794 936 806 867 678 608 799 944 708 798 853 905 833 949 755 901 903 932 958 805 956 828 888 880 932 909 991 967 905 984 932 816 988 910 981 965 914 975 971 994 985 986 944 977 987 953 988 923 953 994 985 892 989 926 992 971 978 924 923 970 977 991 947 975 960 968 991 991 986 984 966
589 473 639 485 466 417 436 469 439 395 578 412 587 425 501 602 606 617 595 697 565 699 706 850 553 870 715 732 627 600 615 882 770 816 725 971 918 790 955 839 828 696 864 966 855 720 947 868 802 833 911 975 928 989 970 908 977 961 853 990 980 661 968 947 988 889 989 957 989 902 978 994 838 921 950 974 933 918 943 922 969 972 990 993 948 985 962 981 954 993 987 989 980 985 980 985 901 975 985 984
503 508 619 491 420 327 552 466 499 363 488 558 604 496 473 686 576 575 585 366 643 567 669 687 528 612 641 758 614 883 756 735 832 881 958 779 828 680 652 762 604 865 838 771 887 633 868 808 942 874 892 868 862 831 969 901 778 913 912 964 968 937 962 857 951 971 843 951 964 957 980 974 962 969 981 967 985 982 946 962 942 981 954 972 974 976 916 981 980 985 967 961 959 955 989 979 977 964 976 972
497 359 553 496 359 302 375 583 489 456 541 571 611 647 399 497 505 508 630 723 862 547 806 859 650 700 564 511 731 917 908 810 702 895 813 770 814 723 788 789 791 818 746 800 799 767 824 960 793 876 948 874 925 985 927 865 883 917 838 981 881 972 969 828 927 984 991 936 941 982 921 924 982 944 990 981 969 975 982 885 965 962 978 987 953 969 977 987 972 965 946 985 980 985 977 969 955 983 979 952
466 301 303 442 392 349 608 489 492 527 548 632 543 485 654 546 550 600 555 664 417 479 724 657 590 615 750 917 717 712 865 629 671 700 836 657 794 685 840 767 799 929 632 868 821 783 820 549 901 941 752 859 909 888 974 735 958 642 984 858 966 959 981 945 932 961 859 849 892 937 961 959 963 948 973 933 957 945 988 978 986 987 993 960 943 981 972 939 979 985 985 974 982 932 968 953 963 923 984 966
174 354 270 473 506 386 287 429 466 514 426 378 625 554 490 308 351 543 420 520 456 598 686 582 702 461 611 709 791 767 800 722 528 623 729 578 853 603 706 844 641 752 979 874 808 869 841 872 613 874 805 821 839 905 955 864 908 934 870 963 949 867 852 910 888 691 874 918 934 967 868 943 921 968 966 909 982 966 838 968 976 898 963 962 915 983 940 971 954 969 941 967 975 960 956 953 938 969 977 963
248 300 456 494 397 408 353 403 397 565 408 600 533 515 740 520 588 491 462 627 688 602 579 610 745 605 523 810 646 776 695 767 679 748 831 849 670 728 890 686 620 904 648 803 818 838 829 804 823 868 920 911 851 918 877 856 791 947 924 916 842 984 915 960 885 974 884 952 892 853 882 948 923 962 950 817 957 975 971 965 947 975 954 968 928 993 949 989 943 981 974 966 986 928 966 976 977 967 964 987
418 363 449 466 320 469 527 529 556 309 525 537 434 490 498 577 478 633 658 620 517 664 474 582 656 727 606 634 682 676 649 671 673 692 624 642 815 473 754 813 619 881 745 735 764 749 853 952 883 813 768 801 766 780 837 907 903 863 852 892 848 926 852 937 888 875 937 914 893 819 952 961 910 978 924 951 776 932 952 964 970 951 821 953 939 959 971 949 943 908 964 967 979 978 965 967 973 899 956 985
293 397 438 396 434 299 304 397 464 444 488 306 389 293 399 588 571 470 644 670 633 728 559 596 639 630 844 545 635 482 530 621 600 595 731 739 767 781 686 810 682 727 768 854 764 920 787 901 805 786 906 782 813 626 872 944 947 782 815 911 923 826 958 945 950 873 818 944 944 926 886 927 912 974 966 920 908 971 967 946 971 920 934 945 888 981 983 961 964 910 955 964 945 929 900 944 960 949 948 978
