1.000000000000000000e+00
9.656488226634255545e-01
9.543312672558582621e-01
9.495775790466751687e-01
9.457692136701065788e-01
9.418884592042566783e-01
9.422353987493626848e-01
9.416794320364287874e-01
9.405961761840911928e-01
9.388707150142776570e-01
9.404335078312324736e-01
9.372164040320672962e-01
9.362192569249130347e-01
9.383066222561852188e-01
9.375421699461102820e-01
9.331720976488184771e-01
9.382654440860653811e-01
9.385773663510457165e-01
9.352781459597125924e-01
9.374895439765470462e-01
9.374639183210144999e-01
9.341818829539936253e-01
9.345863266425059601e-01
9.347519971035268549e-01
9.367951725349513703e-01
9.370135510986155047e-01
9.337062553537208709e-01
9.334984154130309131e-01
9.357003259046582366e-01
9.318777704477532176e-01
9.324698795639588811e-01
9.315084656623975334e-01
9.354648154246781866e-01
9.341769540771223124e-01
9.337026230062031029e-01
9.327951604093851490e-01
9.333819413966431000e-01
9.338177681459721713e-01
9.348089224438538292e-01
9.327676477935453736e-01
9.383106440964883443e-01
9.352538046408122030e-01
9.312871359710389596e-01
9.369325960782490803e-01
9.338260425709400403e-01
9.361358135417044979e-01
9.328492040062039692e-01
9.346815962962514712e-01
9.341874504001319579e-01
9.341715971726927137e-01
