5.179999999999999716e+01
4.617999999999999972e+01
4.296000000000000085e+01
3.956000000000000227e+01
3.678000000000000114e+01
3.384000000000000341e+01
3.180000000000000071e+01
3.044000000000000128e+01
2.750000000000000000e+01
2.673999999999999844e+01
2.507999999999999829e+01
2.457999999999999829e+01
2.312000000000000099e+01
2.203999999999999915e+01
2.144000000000000128e+01
2.050000000000000000e+01
1.942000000000000171e+01
1.876000000000000156e+01
1.757999999999999829e+01
1.707999999999999829e+01
1.694000000000000128e+01
1.642000000000000171e+01
1.556000000000000050e+01
1.491999999999999993e+01
1.430000000000000071e+01
1.401999999999999957e+01
1.359999999999999964e+01
1.346000000000000085e+01
1.335999999999999943e+01
1.288000000000000078e+01
1.224000000000000021e+01
1.227999999999999936e+01
1.191999999999999993e+01
1.124000000000000021e+01
1.138000000000000078e+01
1.083999999999999986e+01
1.059999999999999964e+01
1.075999999999999979e+01
1.056000000000000050e+01
9.960000000000000853e+00
9.859999999999999432e+00
9.720000000000000639e+00
9.439999999999999503e+00
9.220000000000000639e+00
9.000000000000000000e+00
9.119999999999999218e+00
8.740000000000000213e+00
8.539999999999999147e+00
8.519999999999999574e+00
8.300000000000000711e+00
