2.078709137902655435e+00
1.684861419583224995e+00
1.344234246253234177e+00
1.462701133109563179e+00
1.176378872302626721e+00
1.142005735887521967e+00
1.121147412252287090e+00
8.662401773180460340e-01
8.822177508982688154e-01
9.372161739961597515e-01
8.219670767129301225e-01
7.521702700851718992e-01
6.736015581929719609e-01
5.733393661698104049e-01
6.883144955614403093e-01
6.204259182207010337e-01
6.075114774224433800e-01
5.304616072818086892e-01
4.898902277041255471e-01
5.015149401563228082e-01
4.908929463742578991e-01
4.898902277041255471e-01
4.191284824489979743e-01
3.794106419171713318e-01
4.776934581925945666e-01
5.185376237072870653e-01
4.329781518737406687e-01
4.119172110995121816e-01
3.667243280721908527e-01
3.785997612254926037e-01
3.700612878970184205e-01
3.137959387882514051e-01
3.364812553471590029e-01
3.573870685965008231e-01
3.672686471780567397e-01
3.433526187463842305e-01
3.086611086612631172e-01
3.014069620961001839e-01
3.424563691917554276e-01
3.182692394812921544e-01
2.716421410606239539e-01
2.935553971569931364e-01
2.550109895671164861e-01
2.497135382793652103e-01
2.658673353385104798e-01
2.966795227176960981e-01
2.588981205030271848e-01
2.612614567822816869e-01
2.367628078900906874e-01
2.494672724026140154e-01
