1.000000000000000000e+00
9.809948400446522054e-01
9.627992948519026317e-01
9.452928259728675675e-01
9.285145993789930552e-01
9.125853249249525900e-01
8.969554210379147019e-01
8.819625745175233567e-01
8.675568091022184403e-01
8.538916808665147906e-01
8.401473451807431880e-01
8.278269047020110349e-01
8.152606685682108889e-01
8.030027115697268014e-01
7.913664567483151835e-01
7.811401105592195027e-01
7.690993040230889033e-01
7.584280114889183633e-01
7.491468848141090708e-01
7.384658082288825254e-01
7.288518212656067696e-01
7.205612774198831838e-01
7.113916015113883606e-01
7.029387647574709685e-01
6.935355800824212213e-01
6.852264443420327256e-01
6.784488442532580210e-01
6.707379104849708895e-01
6.626250992016289310e-01
6.566446011868279919e-01
6.496567347724833130e-01
6.425095565245537710e-01
6.344430452940038601e-01
6.284619013630204920e-01
6.225765119513078094e-01
6.164525672012627355e-01
6.103185743078968217e-01
6.041842134843676826e-01
5.977230753639766192e-01
5.930984154725166269e-01
5.847728342024228754e-01
5.809758237423034988e-01
5.784021809182398055e-01
5.701894329714751741e-01
5.670814658302877342e-01
5.603717574257979228e-01
5.575632151032763328e-01
5.519399872825248021e-01
5.478217930655473467e-01
5.435664723458052405e-01
