9.502000000000000455e+02
9.332599999999999909e+02
9.120199999999999818e+02
8.950599999999999454e+02
8.800199999999999818e+02
8.621399999999999864e+02
8.429400000000000546e+02
8.220199999999999818e+02
8.057200000000000273e+02
7.888200000000000500e+02
7.722999999999999545e+02
7.544600000000000364e+02
7.363799999999999955e+02
7.178200000000000500e+02
6.966799999999999500e+02
6.805800000000000409e+02
6.676200000000000045e+02
6.455800000000000409e+02
6.268200000000000500e+02
6.118600000000000136e+02
5.998400000000000318e+02
5.773799999999999955e+02
5.617200000000000273e+02
5.478999999999999773e+02
5.252799999999999727e+02
5.119800000000000182e+02
4.915799999999999841e+02
4.803600000000000136e+02
4.608199999999999932e+02
4.469399999999999977e+02
4.296200000000000045e+02
4.178799999999999955e+02
3.994200000000000159e+02
3.859599999999999795e+02
3.720799999999999841e+02
3.576800000000000068e+02
3.420799999999999841e+02
3.291399999999999864e+02
3.170000000000000000e+02
3.012400000000000091e+02
2.882400000000000091e+02
2.716999999999999886e+02
2.633999999999999773e+02
2.533000000000000114e+02
2.405200000000000102e+02
2.313799999999999955e+02
2.205399999999999920e+02
2.086999999999999886e+02
1.996200000000000045e+02
1.934799999999999898e+02
