2.078709137902654103e+00
2.452936671991349460e+00
2.265807473551094908e+00
2.661798347884376970e+00
2.870708899766744704e+00
2.984873439997079991e+00
2.550959389092660512e+00
3.348097678861832183e+00
2.848435031942978313e+00
3.419035595485954815e+00
2.964852293116809534e+00
3.978832827450783149e+00
3.482800324336724263e+00
3.806515793110544887e+00
3.756840960594419521e+00
3.618773642437448590e+00
3.671385027370460463e+00
4.193883407439934707e+00
3.533522877129847473e+00
4.146318735070905426e+00
4.288186169092941924e+00
5.238707124778021473e+00
3.758722002383257266e+00
4.284203132438983985e+00
4.227076158670435291e+00
4.644659107749459004e+00
4.781786255699850940e+00
3.114246954369547904e+00
4.020127709812213901e+00
3.870852625042704886e+00
3.592264558631504290e+00
4.766191286467633681e+00
4.612322707183442283e+00
4.575820550327557967e+00
3.977531108011601813e+00
3.866097888465835908e+00
4.901360835033471197e+00
4.574493879414420761e+00
4.797477870714985215e+00
3.946784016994088873e+00
4.663172421946243595e+00
3.962594584360100036e+00
3.865922999750511124e+00
4.363102639177767195e+00
4.108429304150187811e+00
3.726223420462063896e+00
4.707334085105919996e+00
4.290654439593103220e+00
3.729109000713172861e+00
4.001949483339338975e+00
