622 635 631 638 646 697 651 652 688 686 709 717 727 744 722 737 734 752 748 781 768 778 827 793 824 812 837 829 854 864 843 879 850 872 860 861 869 871 881 884 865 889 889 890 878 885 891 889 879 893 891 892 884 887 889 889 883 884 888 885 880 877 876 880 877 830 829 858 874 863 810 762 781 760 678 728 673 683 638 673 574 600 599 590 574 548 537 542 545 524 484 496 477 483 468 469 475 458 459 459
615 651 625 646 626 630 666 657 664 703 742 709 692 742 756 722 760 772 806 801 819 784 835 822 796 819 845 851 855 831 837 848 875 885 883 883 867 875 873 873 884 882 881 886 888 885 872 885 888 888 888 888 886 881 888 879 886 882 882 879 878 882 860 888 880 859 887 836 851 814 821 716 765 740 749 730 697 727 657 617 638 576 570 599 595 556 530 513 510 512 480 486 485 493 467 491 476 462 460 459
628 650 625 651 667 648 681 660 673 709 699 702 690 731 730 752 780 750 764 793 819 803 806 827 804 840 839 827 857 847 851 876 857 874 862 887 880 882 885 885 885 889 887 887 872 890 887 877 891 879 885 890 884 887 884 885 890 891 878 874 881 885 878 874 866 869 838 839 828 819 809 796 740 721 763 653 750 690 620 654 630 585 580 567 547 537 524 607 513 486 514 469 492 493 473 496 469 468 470 460
651 600 627 634 632 688 671 689 673 723 737 718 724 728 735 795 771 794 783 819 767 831 828 821 824 820 826 834 864 833 868 851 870 872 867 880 881 867 885 873 883 873 889 874 886 889 891 883 885 888 888 890 888 877 886 887 892 881 889 888 880 886 868 873 866 842 860 844 824 830 823 832 819 695 709 733 665 661 593 607 660 614 560 570 592 548 531 525 522 483 504 502 459 462 477 485 476 468 474 461
642 645 624 667 653 649 649 664 707 701 711 687 711 740 751 764 757 747 772 778 753 779 803 822 846 831 845 852 837 842 852 841 879 865 859 863 885 881 882 888 883 881 882 886 887 889 886 891 888 884 885 884 881 886 886 884 885 880 884 876 888 883 886 849 882 848 836 841 809 774 825 825 725 742 743 634 751 708 648 642 633 641 631 613 538 571 530 520 530 503 506 477 468 471 468 463 478 468 462 462
641 612 659 631 670 642 683 691 699 688 673 688 727 709 741 754 764 748 812 795 799 793 798 812 816 844 846 866 860 862 849 846 849 868 863 875 872 873 866 889 885 887 887 886 886 886 868 882 887 881 886 887 883 885 885 880 889 887 881 878 877 873 877 876 880 856 842 842 807 786 784 820 704 767 744 711 661 681 643 587 623 592 579 542 557 580 534 516 502 537 487 484 502 487 477 478 459 460 457 457
606 643 610 623 640 647 662 694 635 689 689 710 770 744 751 753 798 785 781 779 794 821 811 831 823 813 836 837 853 844 852 858 869 869 867 882 866 881 874 885 883 889 881 885 890 889 881 887 881 888 890 887 887 889 890 886 881 883 891 889 883 865 884 857 855 864 846 847 828 834 857 754 748 688 681 692 723 683 666 652 641 631 553 581 565 555 537 533 495 501 488 496 470 504 476 457 458 465 461 461
593 610 604 639 649 634 661 691 698 766 732 716 772 727 778 760 771 778 800 726 767 792 783 831 801 834 813 817 824 840 847 850 867 863 879 870 877 861 876 888 883 885 884 884 888 892 890 891 892 889 889 884 882 881 889 888 882 887 883 883 884 884 866 884 870 830 861 855 826 847 791 778 738 746 741 680 690 683 680 653 614 589 609 530 562 571 541 534 529 512 478 485 470 473 458 478 469 469 461 465
623 597 641 643 627 651 642 638 658 714 716 715 736 709 758 747 739 779 779 795 794 781 800 800 802 807 826 805 842 830 834 858 877 867 877 886 875 866 881 872 879 883 886 879 878 872 886 882 885 881 889 888 884 886 885 884 887 888 880 885 886 888 886 878 878 876 858 843 835 830 840 788 729 699 709 694 674 619 671 679 626 567 640 526 581 545 526 544 513 504 483 485 497 513 471 489 477 458 463 464
609 627 646 623 626 644 648 640 693 679 703 729 686 681 771 790 732 773 763 770 764 778 835 802 822 826 829 827 855 864 870 839 873 845 876 873 875 880 883 876 875 887 883 885 891 888 886 889 887 883 883 884 884 891 890 876 888 883 891 888 881 886 887 880 874 860 860 830 817 822 818 773 722 775 726 698 719 657 664 625 567 623 636 568 557 600 522 496 496 488 527 508 478 477 468 465 466 455 462 458
602 629 622 643 668 646 680 686 668 721 710 705 713 745 796 776 745 754 777 764 777 787 846 818 853 806 835 837 852 842 828 866 847 866 878 872 875 873 875 875 887 886 885 881 878 883 892 884 884 884 884 886 888 887 889 881 887 885 883 886 878 874 879 869 856 839 847 862 866 798 766 771 779 748 734 738 699 699 683 620 654 610 579 575 544 519 522 515 507 495 502 519 468 469 486 470 476 466 460 470
619 619 638 672 655 652 633 667 674 708 710 751 737 675 759 757 771 754 780 787 792 799 814 817 837 842 813 816 847 859 854 836 865 839 872 862 882 877 877 883 880 887 875 878 881 887 881 886 887 888 883 889 891 878 888 881 889 883 889 870 881 891 857 848 878 853 845 851 842 833 779 782 744 744 741 703 672 612 641 667 640 613 601 577 611 564 562 503 538 517 486 504 467 487 467 478 461 467 460 469
622 628 651 646 661 625 652 662 720 694 671 714 717 725 733 738 720 752 777 764 791 816 806 804 806 812 816 841 855 847 852 854 864 872 850 878 862 856 880 887 884 884 884 880 887 884 888 883 886 884 889 883 888 884 890 885 884 861 886 885 860 867 874 859 853 848 847 830 865 794 772 763 767 747 732 700 693 682 706 640 612 565 581 571 525 544 523 510 505 511 477 471 480 494 480 470 468 459 469 462
639 638 648 645 641 632 649 699 666 697 695 750 738 713 729 704 772 759 774 768 799 805 803 809 818 833 838 850 816 866 861 848 863 866 849 881 875 863 881 882 872 877 882 883 876 890 884 893 885 886 884 890 883 886 882 886 889 886 887 885 868 880 865 870 859 853 861 842 846 820 774 765 725 740 701 687 664 675 620 648 644 555 603 606 569 568 546 520 525 504 501 470 468 478 476 475 462 475 469 457
589 610 623 637 696 645 660 667 701 721 694 714 694 746 762 753 746 800 775 797 783 805 804 797 829 822 843 856 836 864 822 856 854 865 864 868 853 867 881 866 885 879 879 881 890 889 879 882 890 884 878 884 885 886 889 885 881 881 879 885 878 873 841 881 853 829 863 853 882 809 808 813 722 803 668 711 723 659 698 592 582 608 608 563 574 518 523 517 506 486 501 481 504 477 474 470 459 460 462 459
615 616 637 645 642 638 645 657 696 711 668 713 681 717 710 724 735 790 771 771 753 807 773 813 868 810 829 834 861 855 851 866 865 863 875 885 879 867 880 885 889 868 882 887 886 888 888 889 878 888 890 881 885 883 885 890 887 884 882 878 890 870 874 880 861 851 860 858 839 803 812 822 763 742 745 689 661 694 675 663 673 596 560 581 529 551 563 521 556 512 486 503 471 469 460 478 458 460 469 470
601 623 648 603 638 680 652 695 697 687 701 729 684 740 732 749 772 759 756 763 800 785 824 824 824 829 807 834 825 837 831 840 832 860 870 879 869 864 880 888 882 878 873 871 887 881 884 883 887 885 882 888 885 887 880 888 883 883 886 882 880 872 883 853 866 863 834 857 827 813 791 803 754 724 710 708 635 623 658 634 674 643 606 539 540 532 551 508 520 494 503 477 497 499 478 460 457 458 470 459
603 631 656 626 647 673 689 679 716 706 725 717 753 748 751 733 778 764 794 760 766 827 790 803 803 794 841 827 830 837 858 842 854 866 866 871 871 885 886 886 877 888 881 884 888 884 885 883 884 878 885 886 891 885 878 889 881 880 885 880 880 883 870 871 845 862 861 856 854 784 776 761 777 759 732 696 700 639 653 649 595 552 565 514 608 497 517 561 538 486 461 478 482 477 460 469 456 458 468 460
619 637 632 648 649 682 635 696 683 658 744 725 743 747 732 742 781 773 753 751 760 790 760 841 815 835 818 837 824 839 852 836 871 858 865 858 880 873 873 875 857 882 877 879 885 881 881 885 885 883 884 883 888 882 889 888 890 891 875 886 884 885 863 848 870 857 892 820 851 830 784 819 702 718 739 719 677 647 674 686 580 624 605 603 511 513 523 531 519 473 492 479 477 477 478 458 462 469 461 459
611 625 651 662 651 672 654 671 712 675 674 727 708 722 724 752 777 797 782 795 790 788 831 826 869 812 813 854 853 861 861 864 847 871 864 869 869 859 882 877 886 883 882 879 883 888 886 888 886 888 888 883 885 882 885 888 886 883 883 888 870 879 879 859 890 858 858 844 858 849 791 813 767 696 724 743 700 665 645 632 610 578 576 556 586 525 545 506 513 509 490 503 477 484 459 468 465 476 460 460
635 613 632 638 657 642 650 653 688 693 721 711 705 744 747 736 767 764 795 774 775 824 820 816 842 827 838 829 825 831 857 850 865 876 866 876 867 868 873 889 875 890 888 871 892 887 887 876 887 883 887 887 884 878 886 887 889 881 885 888 886 880 862 868 849 865 858 849 844 829 771 769 776 676 696 699 704 670 644 618 569 566 579 539 544 521 516 543 510 497 488 504 477 469 459 486 470 471 458 471
588 631 649 625 637 626 653 665 655 691 687 678 687 738 767 745 742 765 742 763 750 806 835 850 804 819 828 848 852 843 848 840 844 849 865 857 883 876 878 869 884 871 878 888 882 890 883 878 879 888 885 882 887 880 885 887 886 882 878 884 863 874 877 856 872 828 838 864 799 790 817 809 769 739 685 745 665 626 669 632 643 581 572 580 574 578 546 531 486 500 481 501 479 468 479 467 469 466 458 460
624 598 638 648 631 649 668 652 673 693 711 725 734 766 779 724 755 781 765 795 801 798 804 808 835 824 831 852 829 860 848 849 851 863 882 880 864 869 874 877 884 879 884 871 889 885 885 883 882 881 888 876 896 887 881 891 876 871 888 876 886 882 884 875 838 872 838 830 807 799 823 820 763 753 697 687 660 687 650 585 671 624 604 562 575 539 525 523 493 480 547 482 494 478 487 461 469 482 456 461
603 612 632 634 641 666 653 656 695 693 732 684 698 728 711 731 742 790 762 764 780 751 835 825 812 792 827 815 856 833 858 866 854 855 855 869 878 851 868 893 884 873 887 882 877 888 881 885 882 887 894 886 881 888 877 886 887 890 876 882 885 887 867 869 857 851 836 799 818 822 802 773 752 744 748 689 621 635 626 668 617 595 606 564 580 533 529 484 519 499 508 483 485 467 465 486 462 468 461 457
606 612 602 616 654 679 665 685 652 671 680 700 733 728 735 746 743 809 732 761 747 774 766 794 819 809 815 832 836 852 831 856 863 876 881 872 863 879 886 886 872 882 880 877 883 882 888 886 875 872 890 880 887 888 889 883 885 888 888 876 884 878 867 859 856 876 844 848 865 823 804 798 778 763 732 695 702 611 654 699 583 567 632 598 532 547 564 504 531 486 509 505 475 461 467 468 457 459 459 460
631 615 657 675 635 640 684 674 691 673 681 713 721 735 708 766 776 761 764 752 794 805 790 772 792 819 817 831 849 854 847 842 867 856 853 863 868 853 878 888 880 880 885 880 886 878 882 886 891 890 879 880 890 891 887 886 886 885 887 875 879 864 880 851 862 854 870 839 847 816 781 825 779 754 722 762 668 650 661 617 614 598 591 583 616 562 516 504 509 485 494 490 475 476 501 477 467 468 460 461
606 645 608 629 650 663 666 659 707 671 699 695 754 711 741 711 747 779 753 743 793 817 781 802 827 794 843 824 843 860 845 865 856 881 852 886 869 877 867 888 879 887 869 882 883 886 883 885 883 889 886 887 890 889 884 888 886 884 889 886 888 881 877 873 885 869 859 844 847 788 815 785 767 736 751 678 691 680 664 646 592 636 616 540 522 524 565 495 512 530 497 480 475 470 473 456 459 463 459 459
596 619 631 631 647 615 662 686 685 671 690 740 703 744 684 766 752 762 781 794 796 794 793 817 825 834 844 833 829 829 832 860 865 859 859 861 872 867 879 885 879 879 887 888 883 877 884 885 888 882 888 879 882 887 882 880 887 875 889 884 880 881 866 861 865 865 869 859 802 816 840 799 777 721 692 703 740 622 670 617 650 587 648 570 578 525 528 528 528 507 484 496 493 470 484 468 469 459 461 459
614 614 641 627 609 665 645 656 644 691 712 733 709 725 733 732 763 776 719 772 810 805 789 798 824 826 841 845 846 846 843 876 856 868 850 879 878 871 882 883 877 883 877 875 881 885 885 886 884 888 886 886 888 887 871 881 881 879 893 871 875 873 877 867 869 866 839 807 843 839 729 804 789 769 744 687 720 652 638 633 616 659 541 549 540 540 544 525 514 554 509 475 478 475 466 480 478 461 459 461
574 627 639 629 651 661 697 668 698 669 694 698 724 745 731 713 749 798 768 780 791 801 812 794 814 835 831 824 856 851 858 854 868 869 849 865 873 870 865 878 886 874 887 879 887 880 889 884 885 887 886 882 889 886 884 882 883 885 889 881 887 874 852 851 861 869 834 854 823 774 800 807 729 719 715 688 640 743 618 637 660 588 571 598 535 488 529 513 511 512 512 482 469 470 461 477 467 461 458 460
623 646 590 637 613 673 702 672 654 665 671 675 696 731 730 767 733 765 787 721 797 782 821 795 848 844 831 847 860 858 849 840 849 854 866 872 877 881 880 876 889 885 883 885 887 889 879 884 883 886 888 886 885 886 884 886 887 882 886 875 876 877 878 856 860 857 870 801 837 818 767 767 749 734 712 707 709 679 673 641 638 632 610 574 561 560 531 499 509 495 480 516 485 506 461 462 476 458 461 461
609 620 635 651 607 637 659 618 703 673 697 696 752 714 735 733 768 740 773 778 770 817 779 828 806 816 832 823 808 856 823 871 877 873 876 874 868 873 872 880 883 890 879 866 888 883 878 880 885 886 883 883 886 887 884 875 877 879 885 883 888 886 882 870 852 869 839 849 816 843 836 753 764 740 695 740 625 648 637 610 580 561 538 560 531 554 564 536 494 474 485 486 487 460 477 464 469 461 460 459
617 621 623 618 636 672 664 667 668 683 691 717 734 725 757 745 750 752 757 788 798 804 766 766 793 822 864 812 823 835 824 811 852 857 854 872 865 876 885 879 864 878 879 879 888 879 887 876 884 880 885 889 887 887 885 890 882 887 883 874 889 877 867 877 873 842 861 851 839 789 838 765 787 758 719 725 706 718 651 598 582 581 575 539 556 530 558 503 494 550 489 506 505 470 471 458 462 460 464 459
606 633 625 650 636 667 679 662 657 705 694 701 718 723 734 720 750 781 726 769 798 816 801 823 822 801 840 838 826 855 831 841 839 859 875 835 878 884 875 882 878 873 877 874 884 888 888 883 880 884 880 887 876 886 878 887 883 889 880 884 869 882 874 867 862 812 839 860 844 787 790 803 772 697 702 686 663 643 673 641 609 593 566 539 561 551 517 519 496 492 490 479 511 482 486 479 458 464 475 460
601 626 627 626 667 671 670 676 671 671 688 729 714 740 768 716 711 773 777 807 756 803 831 817 825 841 797 810 841 827 853 846 846 854 861 878 871 880 879 890 875 889 872 880 885 881 886 889 883 891 889 878 889 880 881 885 882 869 884 879 869 879 865 878 866 864 846 854 855 811 798 783 746 732 676 667 705 649 669 631 606 536 572 553 522 497 556 547 506 483 494 489 486 469 459 475 460 463 460 469
598 620 603 648 645 664 643 685 685 671 697 718 749 699 700 767 767 770 786 728 773 787 781 805 815 850 830 833 856 854 848 837 868 872 874 870 874 872 884 871 873 880 885 868 882 889 886 885 882 884 886 890 887 886 883 886 881 888 888 884 876 889 870 860 867 852 853 814 838 815 786 729 705 712 694 704 718 695 659 609 592 587 578 574 580 548 550 573 530 510 482 503 495 479 476 485 458 466 459 466
603 632 652 650 640 663 680 674 663 707 707 714 714 705 711 764 729 764 778 778 772 837 842 815 817 827 816 807 835 822 854 837 866 861 856 868 877 866 873 866 881 877 877 883 886 887 886 887 889 880 886 884 884 888 887 885 888 882 873 872 857 880 866 880 870 855 823 845 817 784 785 743 745 716 725 689 702 666 657 609 634 581 570 565 538 580 487 489 518 503 494 467 503 470 476 460 461 469 461 460
621 613 617 603 626 646 693 659 652 660 714 707 714 735 769 769 764 774 766 762 743 766 785 817 812 837 804 820 820 854 854 831 845 875 863 871 870 871 865 880 879 889 886 885 886 888 879 886 887 883 888 885 889 882 889 887 885 884 864 872 874 872 862 880 843 833 837 826 851 838 840 807 715 724 722 658 747 665 674 630 672 598 563 588 577 570 541 521 494 492 507 484 488 500 464 477 461 469 459 460
627 600 622 617 623 650 677 674 664 681 679 696 754 712 729 759 753 735 791 765 793 812 796 775 829 783 824 833 832 816 853 843 864 831 876 870 885 885 884 884 872 886 874 885 885 879 888 884 884 883 890 881 889 886 883 884 886 887 889 885 888 854 870 849 856 852 861 828 827 851 794 768 743 714 723 715 730 691 660 636 619 600 571 570 556 518 503 541 506 491 490 495 498 468 474 467 466 459 460 465
603 608 624 620 607 656 646 696 668 671 682 706 663 705 738 687 759 742 744 783 760 762 777 812 817 849 841 862 822 850 838 853 850 853 872 877 865 857 874 887 870 876 889 883 889 885 882 875 882 883 885 879 886 880 887 887 882 883 884 880 878 849 883 860 875 838 848 856 827 776 786 779 773 768 678 646 691 672 707 635 619 603 610 549 563 531 475 492 503 467 497 493 471 476 477 476 467 458 459 461
609 639 600 626 633 639 657 661 698 663 688 689 716 687 718 734 702 758 759 764 752 798 738 823 821 783 837 815 832 831 852 836 863 876 862 875 880 874 885 879 881 883 877 882 884 888 885 891 885 888 891 890 880 879 881 885 885 888 877 890 882 857 862 836 866 822 864 832 826 805 761 806 793 806 682 673 658 691 697 598 709 580 617 512 541 530 547 560 516 488 498 507 477 484 469 466 468 459 465 459
614 611 626 624 653 624 685 669 654 678 688 722 707 730 730 694 756 750 717 751 719 787 800 808 787 801 825 825 859 847 843 850 868 871 862 870 867 881 877 880 880 871 887 874 879 883 883 887 889 887 886 889 887 888 888 885 881 877 890 883 884 878 868 884 869 854 854 821 816 822 790 801 764 768 719 707 686 635 676 639 602 572 618 563 526 530 527 493 500 523 483 546 459 496 460 470 468 460 462 459
608 639 615 661 621 630 617 647 664 684 669 705 700 714 740 729 751 758 781 806 782 806 751 801 825 793 789 855 835 826 853 845 861 861 871 838 867 861 879 874 884 880 885 878 885 884 878 886 883 892 880 888 883 883 888 882 887 886 887 886 882 883 864 869 844 843 874 839 829 817 788 771 775 687 753 743 658 646 670 626 630 597 607 581 595 580 540 520 491 462 499 484 478 481 463 472 461 459 465 461
624 622 622 604 646 670 648 673 690 682 716 684 691 716 701 718 760 745 711 786 762 773 787 823 800 816 818 819 857 841 830 855 857 858 860 879 879 865 874 870 885 879 880 881 867 890 889 881 883 886 890 889 887 888 888 880 878 872 886 870 878 861 865 885 882 868 838 838 836 807 772 768 690 732 730 707 674 657 703 660 640 608 619 564 530 499 495 525 497 524 501 462 493 468 486 458 490 460 460 460
596 626 604 611 640 640 649 661 711 717 692 708 712 737 776 754 756 754 749 773 788 800 819 821 799 834 830 816 807 855 851 854 858 862 877 878 862 867 867 877 866 881 885 880 885 878 880 877 888 886 888 882 884 887 887 883 889 886 877 870 871 858 833 847 863 848 837 852 854 791 809 771 769 767 740 710 726 665 627 645 577 576 530 529 553 565 540 534 497 469 487 491 471 473 473 471 457 459 462 459
610 624 629 643 652 638 698 663 655 708 687 702 726 742 733 735 720 736 790 780 759 796 792 823 813 830 829 852 843 834 836 844 874 860 847 856 878 871 875 870 878 887 880 886 884 887 884 886 884 886 886 885 883 884 886 893 884 881 891 891 881 888 863 881 844 840 861 834 856 796 754 763 762 708 743 680 691 672 722 632 652 584 539 566 515 540 527 505 513 510 471 457 485 485 495 468 461 472 461 469
612 606 647 658 623 639 640 641 654 704 685 682 741 754 752 736 716 766 772 763 779 785 812 791 819 821 840 823 817 829 850 853 856 877 850 864 867 873 862 879 869 882 876 867 884 892 883 887 878 882 887 890 883 885 887 880 881 883 888 880 885 880 857 851 842 836 818 836 819 773 769 784 751 749 683 692 703 671 679 589 646 572 611 554 573 570 511 552 459 530 508 501 482 464 471 471 467 459 458 460
609 618 632 622 630 622 649 672 659 693 724 714 732 718 736 720 730 758 761 768 773 753 790 828 791 814 822 850 834 837 839 846 848 834 866 871 868 850 881 876 877 884 884 888 877 875 886 880 884 889 883 891 880 883 883 886 880 881 882 869 880 855 887 870 866 825 836 876 836 820 816 767 787 725 728 682 701 658 616 655 621 613 588 598 543 516 510 498 477 494 487 484 494 486 485 470 462 462 460 458
615 621 637 644 654 638 635 670 675 694 666 698 707 739 767 739 746 768 745 755 745 820 828 781 807 850 816 834 826 831 825 854 869 858 874 856 874 873 875 885 877 879 887 887 887 884 872 887 882 883 885 889 885 880 884 884 888 883 867 861 889 877 867 864 877 860 827 846 835 838 787 813 743 749 693 694 672 685 665 629 628 580 609 563 606 550 543 529 512 487 474 469 477 469 459 460 457 458 458 458
631 608 618 629 654 656 653 621 651 708 680 675 717 714 691 723 759 761 753 734 752 767 812 804 810 788 818 830 825 829 848 839 849 864 853 870 870 856 867 882 877 879 885 883 882 886 887 883 884 880 887 886 889 886 884 886 886 877 889 890 866 878 885 887 843 858 823 784 830 840 777 754 779 739 701 618 696 680 660 641 634 591 535 633 555 526 528 483 487 495 494 476 487 475 463 459 457 460 459 460
613 624 642 660 634 661 643 659 677 660 697 709 704 708 717 720 739 743 742 766 748 772 805 815 803 816 809 811 825 842 859 846 866 853 878 875 875 864 866 877 879 882 881 889 882 880 890 884 884 889 889 884 879 887 881 885 886 886 887 870 885 866 882 878 866 841 836 845 836 806 831 754 713 705 709 697 644 635 644 607 669 574 580 624 560 519 522 546 497 486 495 508 480 484 472 475 462 461 456 461
602 624 611 631 599 643 614 645 691 691 699 679 694 707 716 744 721 736 750 800 776 805 747 789 824 780 815 840 854 843 816 862 840 837 866 863 875 847 877 881 878 869 861 880 872 875 887 875 887 881 890 885 889 889 889 889 886 889 891 885 882 874 882 867 872 827 852 851 819 860 772 770 766 706 653 696 720 697 659 575 619 558 603 537 554 532 528 518 522 505 468 477 467 465 471 470 466 475 461 460
610 602 611 605 609 638 663 666 693 696 687 699 704 734 706 725 765 753 766 786 800 775 813 782 809 814 811 843 851 857 830 840 845 881 872 873 860 879 874 883 879 882 880 881 883 882 887 881 886 882 879 885 885 883 884 887 888 879 879 885 888 870 885 851 858 837 850 840 813 792 780 763 774 687 654 620 645 671 613 627 648 596 562 556 554 508 522 496 510 492 468 478 470 493 484 471 458 460 458 461
605 606 621 647 637 631 647 654 676 683 690 711 700 746 729 749 787 715 791 749 790 779 803 792 805 831 835 789 821 838 807 863 829 851 860 869 862 869 863 870 881 875 872 875 873 880 873 878 882 880 888 885 895 891 890 884 886 878 885 882 883 881 855 848 878 860 848 853 839 841 779 815 785 753 732 679 676 678 661 644 612 614 566 582 536 527 535 536 489 528 476 500 491 460 485 466 475 467 466 456
608 614 614 615 632 657 621 687 652 669 695 672 672 720 771 702 727 735 755 766 799 796 796 798 773 817 798 798 837 841 837 855 846 867 849 855 862 872 874 884 882 887 884 884 883 879 885 885 887 879 888 881 883 886 884 885 885 884 874 886 879 878 863 866 854 879 851 831 836 781 831 773 744 713 696 689 693 722 663 665 627 563 598 612 519 531 543 550 488 476 488 488 460 477 461 477 468 470 467 456
608 631 615 639 638 625 654 645 692 703 667 644 709 731 720 731 754 743 793 768 821 803 795 809 793 806 812 825 850 832 832 841 855 860 848 861 869 874 869 880 872 873 866 868 884 881 886 891 882 875 882 879 876 881 885 886 887 881 884 889 880 869 859 867 829 882 860 864 835 817 718 749 757 756 728 735 692 648 657 639 635 582 604 534 590 533 529 504 525 459 486 495 484 475 459 468 458 459 469 464
587 593 608 619 612 656 620 682 644 655 694 711 694 716 731 749 756 747 769 782 772 797 768 809 801 786 808 825 840 838 856 871 841 856 867 867 863 868 875 874 875 869 884 879 878 884 885 880 882 885 889 888 887 884 882 886 890 877 881 881 871 883 846 870 841 848 867 823 847 819 818 802 766 721 700 712 690 667 596 622 661 582 571 533 513 526 555 534 511 496 469 476 478 460 470 468 459 459 460 468
615 628 626 630 650 686 632 661 658 662 664 697 722 660 743 715 729 737 771 765 807 772 752 824 805 813 824 824 834 845 804 839 833 858 855 860 846 858 879 882 874 875 887 881 874 877 883 883 888 885 884 880 888 882 881 885 883 890 890 882 886 878 879 867 858 871 851 821 836 825 788 683 700 732 721 705 676 715 609 660 618 634 603 568 581 580 554 538 511 480 473 494 503 457 479 478 457 460 459 461
601 609 618 611 635 645 654 676 650 670 684 683 731 718 740 724 770 762 714 758 790 770 835 800 784 832 849 832 842 842 835 835 861 860 834 864 874 885 867 872 878 876 885 881 886 879 882 889 883 893 883 884 885 880 885 883 888 887 888 862 877 867 887 869 857 841 827 841 828 836 744 806 729 700 729 658 659 700 664 648 608 555 599 556 559 558 547 528 514 495 502 475 492 473 468 469 464 478 466 460
588 628 615 601 633 672 640 668 651 669 671 651 686 702 702 707 764 727 757 743 788 783 817 804 822 772 843 816 840 849 827 854 850 846 836 863 876 857 857 880 884 878 875 882 881 876 886 879 884 884 884 890 886 884 888 891 894 886 878 875 878 883 875 868 850 864 814 783 810 816 722 761 738 735 673 731 697 673 640 629 648 627 504 551 539 520 522 519 521 494 481 460 469 467 486 469 457 467 459 471
589 606 625 643 629 635 623 650 652 649 638 689 650 706 762 763 748 757 770 758 789 765 807 786 809 796 835 837 832 820 835 817 852 859 869 868 873 862 872 870 884 887 868 870 892 881 878 884 880 884 889 887 889 883 884 883 877 883 889 885 867 876 879 866 851 836 827 871 799 786 814 706 739 783 680 677 704 650 602 638 575 613 577 594 527 568 518 506 505 501 486 486 460 476 465 467 462 463 475 458
605 596 635 615 656 653 670 634 683 687 695 689 697 694 702 737 756 715 737 787 811 790 807 832 777 802 798 814 807 821 845 849 849 853 854 872 868 874 879 882 881 877 884 878 876 880 880 884 885 877 878 886 883 886 887 878 887 876 885 885 864 884 843 862 844 842 839 834 844 810 781 775 783 792 684 665 696 636 631 623 597 606 614 565 527 524 491 572 499 489 485 493 485 469 458 475 469 469 459 457
579 620 623 640 605 619 642 634 668 684 688 680 731 711 738 697 717 761 764 756 764 813 764 805 804 808 808 822 833 843 832 860 862 874 870 853 874 858 859 879 876 876 883 871 887 873 887 875 888 882 882 887 890 881 881 881 881 885 878 872 859 857 868 869 851 867 863 848 866 840 815 812 785 698 692 697 684 721 646 600 555 555 547 560 572 560 529 478 509 499 494 479 459 469 476 458 458 476 468 457
598 600 609 611 669 653 639 638 666 665 674 683 726 729 703 724 740 750 753 786 795 759 770 782 799 821 818 816 832 846 841 849 841 842 851 862 861 869 874 875 857 883 882 879 888 882 885 885 887 885 878 890 880 882 879 888 882 893 881 866 885 884 864 875 855 833 841 845 827 820 815 754 722 731 689 666 710 657 651 610 591 599 571 606 570 519 540 502 496 487 492 477 459 474 466 469 467 467 468 459
610 594 603 622 606 626 649 652 636 675 720 671 700 705 733 743 755 760 761 749 776 764 780 813 801 805 812 811 818 829 862 851 852 849 867 875 871 869 866 871 871 872 863 879 874 882 884 878 885 885 882 886 886 882 886 885 889 884 883 883 872 879 880 856 862 867 843 817 798 806 765 713 756 764 749 708 663 672 637 646 595 566 550 595 523 550 549 514 501 470 478 468 481 470 460 461 461 460 458 459
601 597 620 621 629 647 629 664 695 693 666 681 692 715 732 747 712 745 768 803 722 777 789 791 817 813 808 814 821 827 858 827 867 845 858 867 861 872 864 875 882 870 885 886 884 874 877 886 884 876 886 882 889 880 878 882 883 885 883 874 887 879 879 867 867 865 854 816 836 779 777 755 771 746 725 730 634 696 662 620 622 596 546 521 568 526 534 519 495 479 477 474 468 462 461 467 460 469 460 457
635 620 640 620 636 622 652 623 641 665 680 639 689 702 712 733 763 762 762 771 789 724 800 781 800 805 816 830 839 848 819 829 857 832 851 860 865 879 874 871 883 871 881 889 871 887 878 886 887 886 886 884 885 889 886 882 879 884 891 887 877 873 829 858 835 830 852 831 827 804 799 764 728 751 704 699 660 619 650 616 597 557 563 575 515 571 540 523 506 565 491 471 468 462 462 462 466 457 461 461
564 600 601 640 651 646 644 622 689 663 675 718 711 725 702 703 707 728 778 778 744 744 802 800 805 785 819 809 836 832 817 841 827 852 877 864 875 881 878 883 873 875 886 875 882 882 882 889 883 889 877 887 882 888 881 887 887 886 874 884 867 867 878 849 850 821 865 828 843 798 752 752 781 682 697 699 668 610 641 596 585 620 580 583 567 557 527 502 515 519 472 493 493 458 480 459 460 458 456 458
580 618 587 637 633 641 641 615 662 641 651 710 700 706 705 722 731 722 749 729 751 773 780 793 796 827 809 838 825 837 848 855 872 864 850 860 880 888 882 871 883 872 869 875 881 876 881 889 881 884 877 890 883 889 888 884 886 890 884 872 888 858 874 870 862 851 830 845 832 816 788 775 743 698 650 668 698 608 668 604 595 593 562 557 529 528 492 507 479 475 507 500 504 473 482 459 464 460 460 476
588 608 617 606 641 642 652 642 678 655 703 676 672 736 736 755 726 739 732 778 760 758 798 734 801 801 817 822 829 827 843 850 837 841 866 852 867 862 878 861 880 866 878 886 877 887 883 888 880 884 881 887 882 885 889 879 884 889 880 879 883 861 878 855 822 857 874 831 820 800 817 762 800 736 700 651 662 668 649 609 603 576 568 588 597 527 533 535 480 486 495 476 478 490 468 462 467 459 461 459
602 596 614 608 663 649 620 631 649 696 672 706 689 711 722 749 701 748 747 804 725 779 788 802 798 820 814 812 822 848 844 822 849 862 830 846 869 867 872 858 877 875 889 882 879 884 884 883 883 890 890 882 888 872 882 889 888 871 862 879 882 883 876 883 832 842 850 840 826 757 789 727 728 710 728 654 667 636 696 671 583 590 576 530 562 497 520 489 503 488 478 487 458 459 459 470 462 459 457 457
616 579 600 627 642 615 629 664 646 644 711 710 701 724 704 711 716 747 765 770 758 766 792 804 803 816 796 826 801 839 827 859 842 846 870 871 856 877 878 873 870 873 888 883 885 890 883 884 879 890 886 881 875 886 887 887 888 886 882 883 891 873 871 845 852 841 856 834 852 785 756 783 717 681 676 695 695 612 652 592 561 582 556 565 555 565 529 497 513 472 481 485 475 470 479 470 462 456 461 461
592 617 605 649 628 650 630 632 664 641 665 658 683 688 715 753 736 735 762 742 800 769 813 788 774 807 800 842 822 838 828 822 824 845 861 870 874 868 876 880 865 884 887 868 888 879 873 884 876 882 880 886 885 886 886 887 877 880 883 882 879 874 876 868 835 866 826 779 810 853 816 753 733 701 712 717 657 642 648 630 619 522 535 538 542 511 514 503 489 492 467 479 471 458 458 471 473 460 465 460
609 578 616 622 665 626 616 623 710 683 718 671 671 723 685 763 775 720 744 762 781 728 776 818 778 813 841 835 844 841 792 853 857 861 864 857 848 873 883 881 868 861 883 885 878 886 876 891 879 885 879 888 885 881 889 886 889 882 884 874 859 869 875 878 837 859 827 784 836 818 804 722 691 688 702 704 650 651 652 634 628 594 595 559 581 540 498 479 510 488 478 474 470 469 463 469 462 459 459 458
598 620 624 615 631 647 641 637 653 671 663 672 720 684 692 727 726 744 762 779 754 789 775 799 790 806 808 804 844 825 844 830 860 845 863 852 877 853 865 879 877 890 885 873 885 886 888 887 879 881 885 880 885 886 888 891 883 884 869 872 884 878 867 866 881 843 848 841 827 812 759 741 737 748 676 729 693 622 609 641 610 540 604 564 578 522 529 511 504 496 470 480 468 466 457 467 460 472 460 460
615 613 612 628 635 631 659 606 694 666 633 647 665 717 773 733 740 738 739 776 726 780 734 772 788 824 835 816 844 849 843 852 828 858 860 862 854 872 876 871 877 885 879 872 882 877 876 886 889 883 879 884 888 888 888 884 878 887 891 879 874 876 877 857 844 821 813 830 849 747 794 729 754 750 697 691 640 653 627 592 572 565 575 526 518 530 494 506 481 481 486 477 483 480 475 478 459 457 459 459
592 632 619 639 638 630 646 690 631 685 702 668 708 737 714 704 766 773 758 734 771 790 790 743 781 785 811 816 835 817 829 849 846 844 869 865 876 879 864 863 886 880 875 876 885 884 878 883 885 887 883 889 886 879 877 885 874 886 885 880 879 859 871 865 877 857 842 786 839 769 776 753 716 703 745 679 685 700 645 649 569 558 587 528 535 539 519 506 488 502 511 468 495 462 472 477 462 462 463 458
610 603 605 623 636 642 646 630 687 669 655 678 683 694 701 696 735 757 750 775 802 790 772 772 799 832 780 843 811 830 830 852 852 836 856 852 858 863 877 864 870 877 863 871 872 884 875 876 880 887 884 884 889 886 888 886 886 883 887 871 870 866 871 870 848 854 837 816 781 835 805 760 707 748 643 744 682 651 655 624 591 601 567 559 582 515 525 521 514 498 466 493 481 459 462 470 460 486 460 458
591 621 634 624 627 605 655 646 665 653 661 697 672 734 721 748 729 745 752 787 756 746 807 813 807 816 795 811 859 852 827 850 848 869 862 872 868 877 876 867 861 881 864 885 882 883 887 883 880 888 883 882 882 882 885 889 884 875 885 885 866 868 849 856 832 853 829 849 797 811 789 790 745 725 708 725 695 654 646 615 583 606 580 533 548 519 515 503 492 493 489 469 485 466 484 470 467 470 459 460
615 626 589 616 628 633 606 627 638 663 715 698 686 705 700 729 726 732 733 730 787 799 751 766 788 821 808 821 811 843 841 854 857 857 834 868 877 863 872 856 879 878 867 878 877 878 880 885 882 878 888 883 880 885 887 884 886 886 881 885 884 850 886 865 857 818 837 842 853 775 798 761 736 678 698 681 686 654 565 615 588 585 597 545 508 526 527 505 484 508 478 463 484 479 476 466 459 476 460 457
596 615 597 627 638 631 628 659 657 693 674 689 705 731 696 716 741 744 690 779 748 776 788 799 773 817 816 837 833 817 850 827 840 868 854 856 859 874 866 880 844 885 888 890 873 882 884 884 888 885 884 880 888 887 886 871 881 879 878 890 884 890 884 832 866 864 860 830 833 825 758 793 708 704 722 742 689 659 595 604 607 559 593 563 575 540 570 521 478 510 486 467 476 487 458 468 457 462 456 466
595 615 618 610 635 629 674 628 655 681 681 688 692 688 727 726 778 747 732 769 776 771 830 837 819 821 821 829 804 841 841 851 836 860 823 873 831 872 867 868 873 875 884 875 882 879 887 885 872 881 880 885 888 880 882 890 877 881 875 879 875 872 835 835 835 844 835 859 845 773 745 709 723 752 704 666 669 668 651 623 550 577 562 576 584 511 500 512 475 494 470 491 477 460 486 465 468 462 468 461
608 602 613 620 617 605 608 656 658 663 663 674 738 665 752 746 721 754 754 720 760 778 773 811 803 805 791 811 821 806 819 854 814 856 871 861 879 876 867 879 883 878 873 880 883 880 881 888 885 878 889 874 885 890 886 887 882 890 884 877 885 876 865 863 849 844 834 848 821 731 782 791 719 713 678 685 692 693 656 623 555 531 538 546 552 588 490 503 518 475 458 468 481 472 459 476 457 463 461 466
637 614 621 607 652 630 620 670 646 634 667 681 687 735 751 750 739 723 779 758 768 777 778 793 766 806 815 846 817 832 863 837 831 867 845 861 862 878 869 868 884 869 878 872 882 879 868 885 882 880 884 884 888 881 884 883 881 881 885 862 878 867 873 847 875 857 875 810 826 815 759 748 731 691 633 675 675 628 624 573 538 579 586 535 524 541 508 522 495 497 494 476 469 472 464 467 457 471 469 459
608 596 624 603 653 617 642 647 672 679 660 688 686 686 714 737 740 716 733 739 760 820 768 778 788 806 832 821 818 827 857 816 866 841 863 850 855 862 869 860 879 870 873 883 887 883 885 888 885 884 883 884 884 883 886 869 888 883 888 878 879 886 860 843 874 848 873 836 830 808 745 772 732 746 702 737 629 656 654 597 598 570 599 562 543 561 503 514 493 483 476 469 498 479 472 456 475 456 458 461
631 596 605 614 631 625 642 658 642 680 661 668 698 657 729 727 696 752 744 781 745 757 794 765 804 803 815 800 827 841 821 870 839 854 866 857 879 860 873 867 880 864 868 866 879 878 890 882 887 883 888 882 883 884 882 882 885 881 876 878 877 871 872 870 878 816 833 818 813 819 750 817 746 730 706 687 709 664 646 630 563 564 535 518 550 516 502 530 481 500 494 480 475 475 467 458 467 457 458 457
630 603 641 617 615 616 642 628 621 646 679 677 666 673 721 696 706 692 740 746 752 754 785 772 791 822 830 820 828 850 841 831 833 871 848 874 865 864 858 857 877 870 863 877 883 880 882 890 878 885 886 884 888 885 875 878 890 890 880 878 884 884 850 868 878 849 796 847 823 802 792 801 737 719 750 662 702 608 629 605 579 608 612 588 521 503 509 504 513 501 494 466 467 470 461 476 459 461 474 461
594 633 636 622 627 641 638 641 656 711 678 709 676 739 700 696 759 705 770 711 770 779 813 769 781 775 838 839 817 865 836 830 846 851 853 861 845 882 851 871 884 877 882 880 871 880 879 879 878 883 891 883 884 882 891 883 879 877 880 880 885 875 883 840 822 835 851 821 819 761 779 713 786 652 742 682 656 606 622 619 584 558 585 527 529 541 483 490 516 519 466 502 488 469 491 462 458 456 466 459
597 603 596 621 603 648 625 642 646 662 680 681 718 711 690 722 754 727 724 783 761 756 765 785 756 804 790 822 811 833 833 833 848 828 867 872 866 879 862 859 871 879 874 878 882 884 882 884 884 887 885 886 882 885 886 883 889 881 877 869 874 878 875 867 857 841 842 822 792 789 796 742 757 692 680 646 651 608 607 597 599 577 562 548 555 532 539 484 480 492 467 460 480 457 467 461 464 462 459 455
612 593 611 633 623 641 656 674 674 655 699 689 705 724 696 693 753 752 725 760 755 754 790 772 817 805 834 814 836 837 833 855 851 851 852 862 861 872 866 856 870 870 867 869 881 886 884 872 880 880 887 884 888 888 874 885 884 890 878 876 879 877 849 882 860 852 826 811 841 787 784 682 741 708 723 698 673 686 596 570 600 529 546 557 529 514 499 503 538 497 472 476 473 470 465 459 470 462 470 459
607 609 617 611 627 587 649 668 685 661 685 683 689 732 732 754 700 752 757 722 743 777 773 796 761 769 808 802 815 833 822 841 830 852 841 854 864 877 863 873 873 869 871 884 887 887 884 878 885 890 881 888 877 880 883 877 882 877 871 875 875 863 853 864 860 866 858 822 803 780 758 736 737 735 628 683 666 611 649 643 622 592 586 520 545 533 514 495 519 498 497 461 493 488 466 476 460 462 458 459
576 597 632 640 639 592 603 650 662 668 697 660 737 730 702 705 743 773 754 751 760 748 782 804 785 817 785 786 849 828 856 837 862 847 847 860 873 849 867 877 865 877 864 876 879 882 884 887 884 885 888 878 879 886 884 882 884 887 886 886 887 857 861 831 854 828 809 829 822 770 776 817 703 728 705 660 688 674 655 611 567 574 546 539 547 505 519 512 495 478 492 499 471 466 469 458 463 461 457 457
583 616 609 619 607 627 640 678 656 671 679 704 721 703 728 699 709 722 719 744 802 760 768 773 783 798 825 831 818 834 820 832 825 846 841 862 885 866 867 872 861 879 884 882 874 876 878 883 881 885 880 879 881 885 886 883 882 886 890 875 871 849 859 845 853 876 836 855 799 825 702 761 724 733 661 699 621 665 649 585 550 550 516 601 563 560 510 509 478 490 474 485 468 487 467 466 457 469 460 459
580 597 629 613 629 635 618 653 664 639 666 680 681 710 729 754 712 699 771 747 753 806 764 794 811 792 817 823 827 831 845 834 844 869 856 844 857 879 887 869 870 880 877 866 885 879 885 877 874 883 887 885 875 886 886 884 872 890 882 870 866 863 849 828 857 845 794 828 782 798 791 708 788 701 677 697 684 612 617 614 577 562 571 513 578 510 497 583 499 488 490 471 461 485 460 461 459 460 462 460
607 626 605 614 638 634 666 649 655 668 643 681 690 675 696 711 712 772 705 813 767 765 764 773 780 819 782 810 830 847 805 834 849 868 855 868 868 874 865 860 876 881 877 880 868 883 882 879 888 882 882 883 886 883 875 878 882 888 877 885 867 859 884 855 860 830 877 845 816 812 756 739 727 719 696 652 652 649 636 673 608 577 564 546 529 520 485 505 467 506 495 461 492 469 472 463 468 458 460 456
598 630 622 630 605 617 646 677 645 685 661 695 680 711 697 719 735 698 749 747 766 754 788 782 781 841 795 816 846 864 835 853 837 869 848 850 851 853 870 863 883 853 882 877 879 877 877 885 879 884 885 886 890 884 885 890 878 865 882 867 870 867 861 854 874 827 842 811 820 773 722 773 723 705 678 707 707 639 609 618 599 608 545 550 527 532 504 506 490 461 476 481 473 459 463 457 477 464 461 459
596 583 603 598 634 638 614 660 640 656 667 697 705 713 685 714 727 715 744 736 780 774 806 810 803 784 810 795 806 803 844 848 842 863 844 847 863 858 885 875 885 873 882 869 878 877 888 877 882 884 888 882 883 883 887 873 888 889 884 871 874 882 861 829 859 793 834 840 800 786 790 732 735 722 727 729 598 596 641 667 631 553 591 549 523 496 495 491 484 477 472 477 469 473 461 461 458 463 458 467
606 605 607 600 613 612 649 671 656 703 658 653 677 732 726 736 705 692 751 774 753 732 747 828 789 813 811 819 815 823 855 864 849 849 851 878 866 877 873 879 870 868 880 885 877 880 884 888 888 885 874 884 876 873 888 885 883 884 885 872 855 858 875 839 837 832 850 788 846 795 781 787 738 666 695 676 684 661 632 627 606 593 608 548 538 513 488 553 517 460 464 462 471 457 460 460 458 459 462 467
585 633 594 608 629 623 628 621 643 679 705 721 720 720 706 724 707 758 728 739 720 760 804 758 785 806 824 814 810 814 846 849 823 851 843 849 847 866 872 880 864 877 864 884 883 880 877 884 879 885 890 877 883 876 881 891 888 880 883 879 887 879 857 874 840 849 832 828 844 789 781 774 688 691 680 667 695 644 629 599 590 588 554 537 501 562 489 495 490 479 472 481 468 469 475 468 460 465 468 461
584 611 610 612 625 613 619 663 622 661 668 669 656 712 721 689 717 731 765 774 763 781 793 777 788 845 819 826 808 826 831 834 834 845 841 845 860 888 865 861 860 880 882 884 874 877 872 886 879 875 880 881 884 878 882 872 886 885 885 879 878 859 865 853 857 829 814 824 785 765 716 753 778 736 748 675 610 635 608 618 678 554 562 574 538 555 479 475 487 478 480 476 464 486 468 468 467 459 460 459
