369 391 385 400 417 526 426 430 502 503 549 564 583 623 576 611 595 632 628 695 674 692 790 728 794 767 809 794 855 876 830 907 846 889 863 867 888 892 913 916 879 926 924 926 908 924 926 925 911 932 926 929 913 921 924 926 917 920 929 920 909 906 897 905 898 796 800 861 900 873 759 665 708 653 485 584 476 491 400 475 269 321 317 299 264 215 186 199 201 164 77 105 56 77 45 47 60 23 22 23
349 425 371 412 366 381 457 444 455 534 620 544 511 616 645 574 657 682 755 739 785 700 816 779 728 780 838 847 858 803 815 843 897 913 914 910 882 898 897 898 919 910 908 917 923 921 892 917 922 925 922 931 919 911 925 911 918 917 913 908 901 914 866 926 910 865 924 816 843 771 783 564 671 615 634 595 526 589 437 355 395 271 260 317 307 228 172 138 131 134 67 80 81 97 41 91 61 30 26 25
378 424 373 426 464 422 487 449 475 550 525 530 502 592 595 640 692 636 670 723 779 740 756 801 753 826 823 796 860 833 845 897 864 891 870 921 908 912 910 918 912 926 921 920 895 926 924 897 924 910 914 928 915 922 920 918 926 933 904 891 908 922 908 897 879 882 822 823 799 785 760 733 616 576 669 430 634 510 360 431 384 293 278 248 207 185 157 334 136 82 140 45 101 97 53 105 45 42 48 24
427 323 374 388 388 502 463 506 471 574 609 571 579 586 598 732 674 729 706 775 664 804 796 784 790 782 792 811 874 804 881 846 880 893 877 903 907 878 920 893 912 893 924 902 922 921 929 914 921 928 924 925 928 903 926 925 932 911 927 922 907 924 880 894 874 829 868 830 793 803 784 805 785 516 547 600 455 452 308 337 447 354 236 260 308 215 178 158 159 76 118 115 24 27 63 81 60 42 60 27
409 413 368 459 434 422 420 449 546 529 551 496 554 619 633 662 648 629 680 693 639 695 747 789 834 804 832 851 816 825 848 821 909 870 864 872 911 911 911 922 916 913 917 922 921 930 920 925 920 923 921 911 911 921 921 918 919 909 914 903 927 920 915 842 912 843 811 825 760 683 787 794 574 621 622 392 635 550 426 407 391 410 386 346 190 261 177 150 175 116 121 61 42 45 47 29 64 45 36 27
408 344 451 377 466 407 497 506 531 502 472 498 586 541 618 642 664 626 761 728 736 730 738 766 774 827 832 876 861 871 838 838 839 880 873 896 893 887 876 927 914 922 920 921 923 917 888 911 925 913 922 913 916 923 913 909 924 924 908 896 908 891 901 901 906 854 830 830 757 716 705 782 541 670 618 552 450 493 411 295 370 299 271 200 226 275 185 149 112 188 85 77 115 82 63 65 25 24 20 24
333 409 339 363 405 414 451 510 397 505 506 553 682 619 640 640 730 703 700 693 732 783 760 808 784 769 818 821 850 830 851 862 890 887 883 910 877 908 893 922 918 925 909 920 922 925 909 921 912 923 928 920 919 926 928 920 911 919 930 927 911 875 919 858 855 873 834 838 795 810 867 640 631 503 490 512 581 497 459 425 408 385 224 280 245 226 189 176 100 110 87 99 41 116 61 23 22 39 30 27
304 340 330 398 423 388 447 513 527 667 596 564 681 584 696 652 679 693 740 581 661 725 700 801 738 813 766 769 794 826 837 845 882 864 903 884 900 863 899 924 912 923 919 917 923 930 926 930 927 927 918 923 918 913 928 925 910 922 913 916 914 920 875 912 890 799 865 860 796 840 721 691 608 631 612 487 511 495 488 428 350 297 338 174 244 262 198 182 172 138 60 78 48 54 20 61 46 42 23 43
371 310 408 408 370 424 409 400 441 556 565 558 598 550 651 625 615 698 695 727 725 698 741 738 738 751 794 751 828 807 812 857 901 882 902 918 896 882 905 892 905 916 922 907 903 894 922 915 924 912 928 923 918 921 918 917 924 925 914 915 918 924 920 899 901 899 862 832 817 802 829 712 593 530 552 518 476 360 467 489 374 249 409 169 282 204 171 202 139 116 78 78 105 136 46 87 60 20 31 33
339 375 414 369 373 414 422 398 516 486 534 591 499 491 680 714 591 679 656 670 661 692 812 742 790 794 802 795 854 872 888 823 899 835 900 895 907 906 907 901 897 922 911 914 934 919 916 928 926 918 919 917 919 933 927 906 923 918 928 929 912 924 921 908 888 868 872 799 779 783 780 686 578 688 585 523 575 437 456 376 253 371 399 253 228 320 157 101 102 85 169 129 63 58 47 38 37 17 28 22
324 384 369 409 462 414 488 500 455 570 549 541 554 626 730 688 624 640 689 664 687 707 835 774 847 751 811 814 848 824 793 876 837 881 908 891 901 890 900 898 922 921 920 907 905 915 924 921 921 915 912 920 919 924 925 913 925 919 918 920 907 897 906 883 857 823 834 867 881 740 672 679 698 633 600 609 522 533 494 363 433 341 275 275 204 148 158 142 123 100 116 153 42 44 81 48 62 42 23 45
360 360 399 476 432 431 385 460 478 545 551 639 614 479 648 648 674 640 694 711 721 736 764 772 816 827 760 778 835 865 848 816 875 820 886 873 911 896 898 921 910 916 896 909 909 924 910 920 923 923 920 929 926 899 923 911 925 924 920 893 908 926 860 839 901 851 837 848 829 804 689 703 622 617 616 537 473 345 405 463 404 347 328 274 348 247 244 118 189 149 77 125 41 81 40 62 30 45 25 45
366 376 433 415 449 372 432 449 571 517 463 558 568 580 596 611 571 638 693 664 722 773 751 748 746 761 775 824 858 840 849 858 878 892 846 909 871 858 907 924 918 923 913 910 924 919 921 917 921 914 926 915 922 920 930 919 916 873 919 915 866 880 892 870 846 841 839 801 877 725 685 664 672 627 598 531 520 491 538 407 347 253 281 256 159 206 156 134 120 133 59 49 69 96 64 46 44 27 45 26
405 401 418 412 407 383 421 527 459 525 518 634 608 558 587 531 679 653 679 669 741 748 744 755 770 807 826 846 774 878 865 840 868 881 846 906 901 867 911 909 889 905 915 912 899 928 916 929 917 918 911 926 912 918 918 914 923 910 919 917 880 903 873 883 864 850 869 832 840 779 684 664 583 610 532 504 450 478 367 420 409 226 328 336 255 250 206 153 161 120 117 49 43 67 59 58 30 60 47 22
296 339 371 399 524 413 446 459 534 574 517 558 515 627 658 635 624 742 685 735 704 751 744 731 803 786 829 855 812 878 789 856 854 882 870 884 853 877 903 882 921 908 903 908 927 923 900 914 929 910 903 919 921 919 926 921 913 909 898 913 905 892 825 913 855 806 867 854 914 759 759 767 580 744 461 554 582 444 527 299 286 341 335 249 265 150 157 143 121 84 115 66 119 61 55 54 25 25 31 21
357 355 397 410 405 403 410 434 521 552 463 558 494 567 546 580 600 722 679 680 635 756 684 762 879 761 801 806 875 856 845 877 878 865 900 918 909 880 907 918 924 883 904 924 919 921 926 926 908 922 925 914 921 914 918 929 919 923 909 905 928 886 892 910 870 845 867 862 820 744 763 786 670 618 630 504 450 520 478 450 475 310 239 282 171 220 243 156 225 138 79 117 49 47 24 63 23 25 44 45
322 364 423 325 398 487 429 517 521 500 528 594 490 613 594 628 686 656 648 658 739 710 785 789 795 798 758 805 795 818 804 828 810 868 888 903 882 871 911 920 912 906 890 887 914 918 920 916 923 925 913 923 924 919 914 926 920 919 921 917 903 897 914 855 883 872 804 856 795 770 724 744 641 585 551 545 390 370 448 395 475 411 335 191 192 184 210 129 152 94 115 60 100 109 65 28 24 21 42 26
328 383 436 372 422 473 503 483 566 546 580 563 643 632 639 597 690 660 721 660 665 797 717 745 745 727 824 795 806 814 865 825 854 881 879 886 886 915 924 924 901 922 905 915 924 919 916 916 922 902 916 921 928 922 904 928 908 911 914 908 902 918 884 888 831 868 868 858 849 707 691 654 693 652 594 527 535 402 433 423 309 222 251 139 340 103 151 243 197 81 31 62 82 61 30 44 19 24 43 25
360 401 389 421 423 492 389 523 494 443 617 580 623 625 595 618 696 683 641 639 655 715 650 829 774 809 778 816 786 818 846 809 885 862 882 859 906 897 894 901 859 908 905 906 920 913 909 917 918 917 913 916 920 912 927 924 924 932 895 922 914 915 871 843 885 858 928 780 846 805 711 778 539 568 614 572 483 422 475 500 283 367 327 329 137 137 156 177 151 50 93 67 62 62 66 22 33 48 28 24
342 376 428 450 424 469 428 473 551 474 477 586 549 574 582 643 692 732 703 731 721 713 802 791 885 770 769 849 853 867 872 871 833 890 877 881 890 861 918 899 919 917 918 903 916 917 922 919 923 927 924 915 920 914 919 920 920 913 918 926 884 905 907 863 927 859 863 829 868 842 720 767 671 519 575 621 533 454 415 389 342 277 273 231 295 163 206 121 137 132 88 115 62 76 24 43 37 61 26 23
393 349 388 396 443 405 425 427 505 512 576 554 538 623 624 602 670 666 721 680 684 789 782 767 834 796 823 796 794 803 858 842 878 897 872 896 876 883 890 928 900 926 925 887 931 921 924 904 918 911 918 925 916 906 922 918 921 909 913 924 922 904 866 887 839 875 861 850 831 801 679 675 690 481 527 528 537 468 414 356 261 251 274 190 202 152 141 205 134 103 80 119 63 43 26 81 48 45 25 45
295 383 420 368 395 374 426 459 437 506 501 480 503 600 665 623 616 666 617 658 633 750 813 845 748 780 794 840 850 828 838 822 831 843 881 859 909 900 899 885 915 887 903 921 910 925 911 908 909 923 921 912 920 909 917 924 922 912 908 917 876 897 905 855 884 792 814 870 738 717 775 755 674 611 496 625 459 376 463 385 415 281 263 279 264 274 211 175 79 114 70 111 65 43 66 41 45 41 28 26
371 317 395 424 382 426 461 428 468 521 555 577 598 663 687 573 646 704 664 728 737 735 747 755 816 785 804 855 800 864 842 845 842 873 907 906 876 883 896 900 914 906 920 886 928 918 918 916 913 913 924 897 934 922 915 924 900 891 925 899 919 914 912 895 818 888 819 802 749 736 787 784 663 649 529 508 447 508 426 289 472 371 329 241 270 191 160 157 94 67 212 73 97 62 85 30 47 75 21 28
326 347 386 391 405 458 424 437 519 517 597 497 520 588 553 591 619 719 655 660 694 636 818 789 768 722 791 771 854 808 858 883 853 853 858 880 904 854 885 927 914 892 919 917 899 920 908 918 912 926 935 921 914 927 904 920 928 929 900 913 918 923 884 880 862 846 820 735 777 787 743 684 638 622 629 509 364 390 379 462 358 310 334 242 279 180 172 82 151 103 125 77 79 39 39 80 28 43 27 24
329 347 325 352 435 490 459 495 427 470 489 534 597 587 604 625 615 761 599 657 625 685 674 728 781 756 769 802 813 848 804 857 881 896 911 888 873 901 920 921 890 912 911 899 914 914 924 922 903 894 925 915 917 922 926 919 914 925 925 902 915 903 879 863 862 901 834 839 881 789 746 734 691 661 597 516 536 342 432 529 288 254 389 310 177 212 245 115 174 80 132 126 59 24 40 41 23 24 25 27
385 350 439 477 395 402 496 475 511 474 488 560 574 604 548 667 691 657 672 637 728 747 718 677 717 772 776 805 841 850 835 821 876 857 847 867 880 853 903 924 903 905 920 908 919 903 910 925 927 927 905 908 928 935 921 921 923 921 920 897 905 875 909 850 866 856 888 823 841 771 698 790 695 643 571 654 463 424 448 352 350 316 302 282 355 240 141 119 129 78 98 92 58 58 114 63 38 47 27 28
332 417 338 378 421 451 457 443 539 469 525 516 643 550 613 551 625 697 642 620 728 775 698 741 795 718 832 784 826 866 832 871 856 915 847 919 881 895 882 919 908 921 880 909 916 920 914 921 922 922 924 926 927 931 916 927 919 915 925 922 921 914 900 897 916 883 867 832 835 715 773 709 669 604 640 484 513 492 457 421 310 396 356 198 152 157 244 100 134 172 106 66 56 48 55 24 24 29 24 23
308 358 387 380 418 351 449 502 491 466 508 615 529 618 492 659 640 661 694 727 732 728 723 772 787 808 829 804 798 799 806 867 873 862 864 867 891 876 899 918 905 904 920 923 916 909 920 918 924 915 921 906 906 920 916 903 920 899 929 917 903 907 875 866 879 876 881 865 745 770 826 736 692 574 514 535 618 360 472 358 425 295 425 261 275 164 168 170 168 122 79 103 95 47 79 43 45 27 27 25
346 353 403 378 340 452 413 431 410 513 549 597 547 580 598 593 665 685 568 682 764 751 711 739 790 792 827 834 834 837 822 895 858 876 842 910 901 889 919 907 898 910 901 906 907 917 927 924 912 924 927 925 929 922 886 914 906 907 933 888 898 889 903 884 886 883 821 756 828 818 592 746 718 677 623 496 568 432 401 391 351 440 196 208 193 194 202 166 140 223 132 61 67 61 37 65 66 23 23 29
259 375 402 376 425 446 522 467 524 465 517 523 586 625 597 555 630 735 673 694 717 742 761 719 764 815 801 783 853 843 860 852 880 884 841 874 893 891 869 904 917 892 922 904 927 906 921 915 915 916 920 919 922 919 916 913 913 917 924 906 924 896 844 850 872 890 808 857 786 685 737 763 596 570 564 505 403 617 358 394 451 295 259 318 185 81 174 140 135 136 136 75 45 47 25 63 40 27 21 26
365 415 301 398 344 472 533 471 434 457 467 475 523 596 592 668 593 665 706 569 734 701 778 728 837 829 799 840 867 864 846 822 838 853 877 891 902 915 908 902 924 916 915 921 921 928 903 916 915 917 927 922 923 918 921 917 923 906 923 892 901 908 904 859 869 867 886 743 812 779 675 667 635 599 551 543 550 486 477 404 397 395 341 266 238 238 176 106 125 101 71 139 77 123 25 26 59 24 30 26
341 358 390 430 332 395 440 358 535 472 518 517 639 556 602 596 674 612 678 689 678 774 695 802 753 772 806 785 750 855 786 892 900 889 895 896 884 898 888 906 918 925 898 885 923 914 902 905 919 921 923 918 916 916 916 897 899 904 911 914 923 918 910 889 852 887 825 840 780 833 811 642 670 617 521 615 370 424 400 339 279 238 190 238 175 227 241 186 97 55 78 77 84 26 58 36 44 32 26 24
350 362 365 359 395 470 454 459 458 496 509 562 597 579 645 620 634 642 648 719 735 743 667 673 723 784 869 761 788 809 790 759 851 861 849 890 884 895 913 907 878 905 905 904 922 901 920 904 916 911 920 927 918 922 920 931 912 918 919 896 925 900 884 898 892 826 871 851 825 722 816 664 710 654 566 580 537 565 424 315 288 280 267 192 229 171 230 117 96 222 89 122 120 43 47 23 33 26 33 24
333 386 371 420 394 462 478 441 436 538 515 530 561 578 600 571 631 699 582 672 735 776 742 787 780 741 823 815 794 855 804 821 825 861 892 809 908 914 899 909 906 895 902 894 912 920 922 915 907 919 911 919 904 918 910 921 912 928 910 918 882 914 894 882 868 764 824 867 835 717 719 748 679 527 532 501 452 414 472 407 337 303 247 193 235 223 144 151 102 98 89 67 136 71 80 65 21 32 59 25
322 374 378 375 458 470 472 478 468 464 499 587 563 613 673 558 551 684 699 750 643 744 802 769 797 824 730 759 823 797 849 835 838 853 867 904 891 904 905 927 898 926 888 905 914 914 917 925 913 928 925 899 923 914 914 924 912 881 915 897 887 907 876 909 876 878 835 857 859 760 732 706 622 598 479 465 534 420 467 387 338 183 263 224 157 108 228 212 123 76 98 83 83 45 23 58 28 30 25 48
317 363 328 417 411 453 410 494 500 465 524 566 624 528 528 670 669 677 711 586 679 716 700 751 772 840 803 805 857 852 837 812 880 887 897 894 898 886 913 887 895 911 916 890 916 925 926 920 911 914 923 927 926 916 918 921 911 922 925 919 896 923 887 871 882 845 849 774 818 767 718 586 541 559 519 536 567 522 444 340 305 291 271 269 280 209 219 265 174 130 74 114 101 65 60 82 25 40 20 40
326 384 432 424 404 455 486 474 453 544 537 558 562 540 552 660 592 665 693 693 677 815 822 770 774 796 763 751 809 783 853 826 877 869 855 883 900 875 895 877 913 904 910 916 916 921 919 923 928 911 919 912 914 921 920 920 923 909 894 895 863 908 885 912 886 854 789 837 773 712 707 620 624 570 583 509 534 458 437 340 394 279 261 243 194 280 82 85 146 119 99 42 118 46 59 28 27 48 24 28
365 351 353 324 373 410 514 439 426 446 558 542 559 604 675 672 663 685 664 658 619 666 704 776 763 811 748 782 777 855 858 800 833 891 874 887 887 894 878 905 903 920 921 916 918 919 909 915 920 914 929 917 923 909 923 917 917 922 870 892 903 885 874 909 828 812 814 796 845 820 825 754 564 579 573 441 630 455 476 386 470 316 242 295 275 262 191 159 101 96 129 80 83 114 34 60 27 44 25 27
378 322 366 352 370 426 479 472 458 486 485 521 640 553 596 654 635 598 718 663 726 761 725 687 804 698 791 807 803 776 852 830 877 802 895 886 914 909 919 916 900 917 895 918 923 905 928 914 916 912 930 913 926 916 914 917 921 926 927 920 925 854 887 844 856 853 866 798 794 845 737 680 621 560 574 560 596 516 444 399 363 326 256 261 231 151 117 195 123 94 90 102 108 43 58 43 41 24 23 41
323 337 370 359 331 437 414 520 460 470 488 542 451 538 604 503 651 618 624 702 650 658 690 764 771 836 820 869 785 841 820 849 841 847 888 894 876 861 896 919 884 900 924 910 922 920 909 902 912 915 919 905 927 913 919 925 915 913 916 898 905 837 912 864 897 819 838 858 792 691 718 696 686 677 486 422 514 474 544 393 359 327 340 212 240 173 59 92 115 43 108 97 50 61 60 61 44 23 25 28
341 402 316 375 388 401 443 441 522 456 500 508 563 500 563 602 532 651 649 657 639 741 604 786 783 702 820 764 808 796 845 812 875 900 869 897 908 893 916 908 907 915 901 912 918 924 916 929 918 925 930 929 909 908 910 919 917 922 898 925 909 865 875 819 879 786 875 810 789 750 654 756 727 753 496 476 440 515 524 313 548 275 359 136 195 174 212 235 142 82 105 130 63 78 47 38 43 28 38 26
350 342 375 372 436 370 497 459 428 483 500 571 541 590 590 512 643 632 562 634 568 706 741 754 712 744 787 790 864 837 827 843 877 889 863 881 875 912 899 906 910 887 925 892 903 910 915 923 925 923 920 925 918 928 924 918 913 901 924 908 919 902 885 921 884 854 852 785 776 781 724 742 664 674 574 545 500 390 481 399 324 264 356 246 164 172 169 95 112 163 77 205 24 97 25 45 41 23 28 24
335 404 351 448 357 386 352 414 451 492 467 539 533 555 618 585 633 653 697 752 706 745 636 742 786 721 715 856 816 790 849 835 869 867 887 825 884 870 906 891 915 902 912 904 918 915 898 921 913 929 909 922 913 915 919 914 919 918 921 918 910 914 875 887 835 827 894 821 798 777 716 678 685 500 642 618 442 415 468 372 385 314 334 282 308 280 195 151 93 34 113 78 65 70 31 50 31 23 40 28
370 365 368 331 415 467 423 472 508 487 564 493 509 555 530 564 657 622 546 709 659 679 714 788 735 777 778 776 855 824 798 852 859 855 869 906 901 875 890 892 918 910 906 916 879 921 928 911 915 917 928 923 921 927 923 911 903 893 922 889 905 872 877 916 907 882 818 817 814 753 678 677 503 599 593 548 475 439 539 450 410 335 359 246 174 107 101 157 103 159 111 30 94 43 82 20 89 23 27 24
307 374 323 342 409 405 420 447 551 566 510 548 550 608 686 637 643 642 629 683 710 727 775 785 734 811 803 770 747 857 843 855 862 875 898 900 870 878 878 899 882 911 916 906 917 904 910 904 925 920 920 910 922 919 926 917 926 916 904 891 890 860 804 840 867 835 820 849 854 721 758 683 674 671 617 546 583 458 378 420 274 268 173 174 224 249 196 184 105 43 87 89 48 49 57 48 19 25 29 23
337 371 380 410 431 397 524 450 431 547 501 531 581 620 597 599 568 601 716 691 649 724 718 786 763 800 802 850 826 807 816 827 891 863 838 853 900 888 893 888 905 914 909 923 913 920 915 923 918 922 918 915 917 918 919 930 914 909 931 928 913 921 868 908 831 825 868 810 853 732 643 664 661 551 619 487 508 476 577 392 427 285 190 251 144 194 169 121 139 132 46 17 80 80 99 42 29 46 26 46
348 332 417 440 365 407 402 407 433 536 500 489 620 638 638 602 564 668 678 662 688 702 756 721 771 786 822 789 775 800 846 848 862 899 843 866 876 895 867 907 881 914 904 882 914 926 917 924 903 910 922 929 912 914 922 910 908 912 928 908 920 913 854 844 830 815 777 808 784 680 676 704 637 635 492 516 533 475 483 297 420 261 340 224 266 256 134 221 27 173 131 114 75 33 47 51 40 28 20 23
338 360 384 363 379 364 419 469 439 513 574 562 592 566 599 573 590 647 656 672 680 638 716 798 719 765 788 845 807 816 821 829 839 811 875 889 877 841 910 899 908 915 914 922 904 900 917 915 913 928 915 928 908 909 917 920 912 909 911 888 905 853 918 888 879 790 818 888 810 785 774 670 716 579 585 491 533 445 352 439 366 350 296 316 204 143 130 104 58 99 79 78 102 80 76 45 27 30 25 23
348 364 398 410 433 398 392 468 478 512 462 527 543 614 665 611 623 669 620 646 627 782 799 694 754 849 766 811 791 801 788 852 884 868 889 856 891 895 901 914 895 902 922 922 924 919 892 918 912 915 920 925 919 911 919 910 923 920 884 866 923 895 881 871 905 866 795 837 813 823 714 767 618 634 517 519 469 498 452 379 381 276 341 239 335 212 201 174 139 83 58 48 64 46 25 24 21 25 25 21
375 339 357 380 430 439 430 363 423 544 487 471 564 555 512 573 652 654 637 604 634 668 764 742 757 713 774 798 788 802 841 822 839 875 853 887 881 857 878 912 898 900 914 916 912 921 919 915 919 904 927 923 920 919 914 917 925 905 927 926 881 906 919 927 832 852 780 702 802 821 688 644 694 609 531 357 524 491 444 406 395 305 182 387 229 168 166 73 85 100 99 62 80 60 33 26 23 27 26 26
346 375 413 447 387 449 408 437 477 443 524 548 540 540 564 569 613 619 619 664 630 680 754 769 743 775 761 759 790 825 862 835 874 848 897 891 895 879 879 899 908 914 917 918 911 904 927 918 904 922 932 917 905 921 909 919 918 920 925 888 913 874 910 910 872 826 818 836 812 747 805 638 552 542 547 523 410 391 408 334 463 266 277 371 235 151 156 206 107 81 101 128 61 77 50 61 28 24 21 24
322 365 347 385 314 410 349 416 511 515 525 482 520 544 561 618 571 604 636 734 690 746 623 716 789 698 773 820 850 827 772 868 821 812 877 870 895 837 903 904 899 885 862 909 893 896 920 897 923 908 926 921 925 924 925 930 918 922 927 920 912 897 915 879 891 795 845 845 779 866 677 677 673 542 431 524 572 523 446 266 365 231 326 189 224 177 170 152 155 124 44 62 39 37 49 49 40 56 27 24
344 325 340 325 336 397 452 458 509 522 502 530 540 601 535 578 665 645 665 699 737 681 761 696 761 767 758 825 849 861 804 821 832 903 885 890 867 901 886 909 908 907 901 910 914 911 920 911 920 914 906 920 917 918 920 924 927 900 907 915 920 889 922 845 857 823 845 823 769 728 701 664 687 502 438 360 414 465 347 370 419 316 241 227 223 126 155 102 131 95 43 65 46 97 79 44 27 28 20 25
331 329 363 415 397 381 415 428 476 498 507 552 530 623 588 629 706 563 725 630 714 693 743 718 745 809 814 714 777 814 745 874 800 846 862 881 862 889 874 888 908 885 886 896 894 909 892 901 916 904 923 914 936 926 930 916 924 901 923 913 912 906 847 843 900 869 843 852 825 826 693 776 713 645 593 488 483 485 444 414 346 353 247 283 186 172 182 185 87 169 63 115 95 23 81 39 55 42 40 22
334 356 349 351 385 434 360 498 430 462 518 470 470 567 683 537 579 599 646 669 733 728 733 733 680 769 732 734 815 824 816 856 837 877 842 863 869 895 895 913 914 921 918 920 913 907 914 913 920 906 921 911 914 917 916 919 922 917 886 918 900 906 871 877 855 906 844 805 812 701 805 681 619 555 520 509 513 579 455 457 375 244 319 350 152 176 203 211 90 59 84 90 27 62 25 61 39 48 42 21
339 380 350 403 398 376 430 415 510 533 460 410 549 593 568 595 641 618 721 671 779 741 729 756 722 750 766 790 849 805 810 824 856 862 835 871 885 887 885 905 891 892 877 883 914 908 916 928 907 900 911 909 899 910 922 921 925 907 912 923 906 887 866 880 797 909 873 876 815 775 568 629 651 645 593 604 513 425 442 400 394 276 332 185 302 177 170 117 167 25 84 101 80 55 28 45 26 21 46 30
295 307 332 356 343 438 357 491 410 434 513 549 512 559 594 629 651 624 669 700 672 732 673 755 739 712 758 784 824 820 853 884 826 853 878 883 870 884 892 898 898 887 915 903 903 915 918 910 909 922 927 925 918 922 916 920 924 903 913 910 883 914 838 887 823 843 884 790 835 780 777 749 674 574 526 557 511 466 311 361 447 283 259 181 138 169 226 180 135 102 47 63 65 27 45 41 23 25 28 42
349 379 371 384 423 498 386 449 443 451 454 522 574 446 614 559 587 602 675 665 750 682 638 787 744 766 788 784 810 831 750 816 806 861 853 862 837 858 904 906 896 893 918 908 894 899 918 910 923 919 915 910 919 906 910 917 915 922 924 909 919 906 900 878 861 887 846 785 814 793 716 492 524 596 573 540 478 563 337 448 354 394 332 254 279 280 223 191 136 65 53 98 114 20 68 62 24 26 24 28
317 333 349 339 391 412 437 484 424 466 498 490 591 567 614 577 680 657 556 650 714 668 813 736 696 802 842 802 823 821 810 816 864 868 806 879 893 917 882 895 898 896 915 907 912 905 917 923 910 934 912 916 923 904 923 906 924 924 924 866 902 877 922 888 857 822 801 823 799 812 625 753 589 534 593 441 443 534 454 424 334 227 317 229 235 231 210 170 142 99 114 57 94 54 43 46 33 66 41 28
298 382 349 321 391 473 399 461 425 461 464 423 500 533 531 540 659 585 648 614 720 694 784 745 786 675 822 771 822 835 791 851 841 834 811 868 899 859 856 910 916 905 898 908 908 902 918 907 913 913 917 925 917 917 922 925 929 921 903 898 899 914 894 885 847 870 766 709 764 776 576 654 609 600 476 597 524 474 407 386 424 380 117 217 193 152 157 145 159 100 66 27 45 43 79 43 21 42 26 46
294 333 371 410 379 395 369 427 427 420 397 504 423 539 660 655 629 650 674 648 715 667 748 710 751 726 803 807 803 780 811 774 849 860 881 884 895 869 884 887 915 919 879 887 928 913 907 919 902 916 923 922 921 914 915 917 898 914 928 914 876 898 905 876 844 813 798 890 745 712 768 540 606 708 492 477 538 427 320 397 265 347 269 313 166 255 148 122 121 112 77 85 24 60 40 45 32 30 62 24
328 317 398 353 440 431 459 392 491 497 514 505 519 519 533 606 643 563 611 709 756 714 755 802 687 741 733 772 759 776 831 844 840 848 847 884 885 891 907 909 903 895 915 902 899 911 908 921 918 902 901 916 914 922 917 906 923 905 918 918 876 923 831 869 828 828 823 815 835 763 700 687 703 720 499 451 526 394 388 368 319 334 354 246 167 158 93 262 106 84 80 96 78 46 25 65 46 44 24 23
271 360 365 405 332 355 404 390 460 492 501 482 592 553 608 520 561 657 663 646 666 767 659 746 745 751 757 781 810 830 804 863 868 894 887 853 896 860 863 903 902 900 914 888 922 887 916 899 921 915 907 922 926 911 913 909 908 917 906 897 864 858 880 887 844 885 877 844 877 830 770 765 712 523 515 525 496 567 418 320 226 225 212 240 261 238 171 65 128 109 98 62 27 46 59 24 22 60 43 24
313 319 341 340 466 423 393 395 456 453 470 493 582 591 531 572 605 635 639 709 726 653 678 702 735 789 779 774 803 833 819 843 828 823 845 876 867 886 887 899 865 913 913 905 919 909 919 916 921 913 902 927 909 911 907 923 913 932 910 878 914 907 873 898 853 806 827 833 795 782 767 642 576 598 512 459 554 440 427 345 299 314 263 337 259 153 195 116 102 82 94 63 25 60 41 48 39 37 45 25
336 310 324 368 330 371 418 428 393 477 575 466 528 533 599 622 643 654 657 628 686 659 694 764 745 751 763 757 775 794 869 846 844 841 876 900 888 888 875 887 888 888 872 904 893 909 915 902 921 911 912 913 921 914 915 917 919 912 910 913 891 906 904 862 870 885 824 773 734 754 665 557 646 665 631 549 451 470 398 417 308 248 215 307 159 215 211 144 113 48 62 43 77 47 27 27 33 27 24 25
319 312 362 363 379 411 385 454 516 511 456 486 513 558 597 626 557 623 668 743 576 694 715 720 776 759 752 769 783 800 858 796 874 835 855 884 872 889 871 897 908 886 919 919 913 896 898 921 915 901 918 911 926 907 905 915 917 921 918 896 922 903 905 879 876 876 854 767 815 698 689 648 677 625 579 588 393 524 456 362 368 310 204 158 254 166 182 153 99 68 65 53 47 27 33 37 24 42 23 24
392 360 400 360 394 363 426 370 401 450 485 400 505 536 554 597 654 663 656 677 712 579 738 698 734 749 765 796 821 845 775 798 859 810 845 870 877 905 894 889 906 888 904 927 887 922 900 917 919 917 921 917 924 925 923 907 901 916 926 916 905 895 805 861 817 802 848 803 793 752 737 663 586 639 536 533 445 362 424 353 316 226 243 264 144 264 196 154 123 247 91 47 42 29 29 30 38 22 28 26
239 313 321 405 425 417 411 365 506 451 473 561 554 579 534 532 548 585 695 688 619 620 744 739 750 709 781 756 811 806 769 825 801 848 903 869 890 908 899 909 887 892 918 901 916 914 910 921 913 927 901 923 910 926 916 919 916 919 901 915 878 883 909 842 839 785 881 796 832 737 636 642 699 489 520 525 462 346 409 314 287 357 275 283 251 233 170 116 144 155 50 95 94 24 67 25 26 20 23 23
276 354 290 393 386 404 406 356 450 403 430 548 529 539 538 575 596 573 632 587 633 682 693 727 730 799 754 821 784 817 835 855 884 872 841 863 904 918 915 888 910 890 883 892 917 898 906 924 911 914 905 923 914 922 920 918 922 923 916 893 925 859 893 889 866 849 801 838 805 775 714 691 618 525 424 465 525 339 461 325 311 308 240 231 167 166 91 130 63 59 123 111 119 49 77 25 33 25 28 63
290 338 353 330 407 405 426 407 482 435 534 476 464 596 604 638 583 605 590 690 650 650 732 597 741 744 776 782 799 795 831 837 818 820 878 846 884 868 903 865 906 882 903 917 903 919 912 924 902 917 907 921 910 918 924 905 913 926 909 905 913 866 899 861 783 853 891 808 780 740 774 662 741 608 525 430 447 463 424 342 326 274 257 294 319 169 178 184 66 82 101 64 63 92 44 32 40 24 29 27
322 312 344 332 452 422 359 384 418 522 472 539 505 551 572 634 525 625 623 745 579 696 715 738 729 779 768 766 782 840 830 784 839 869 807 833 884 880 891 865 903 891 925 912 903 910 918 916 914 920 923 906 921 889 913 920 921 888 865 904 911 910 901 911 808 823 841 825 794 647 715 586 579 550 591 434 460 397 523 469 289 299 266 174 239 105 155 85 115 84 64 85 25 26 26 49 32 25 21 24
353 272 312 374 405 348 382 453 417 412 549 548 526 576 531 550 560 627 665 672 648 667 716 746 743 774 730 791 741 819 796 866 822 832 883 887 857 902 904 893 884 890 925 908 912 929 916 908 902 924 922 907 898 920 921 920 919 922 907 911 928 893 885 832 852 827 858 809 858 704 651 702 565 487 485 522 520 341 433 303 240 284 230 244 232 246 166 105 138 49 68 79 57 47 64 43 31 23 28 27
302 352 329 420 376 422 381 383 456 403 452 437 491 500 562 641 603 598 653 615 740 668 763 707 681 751 737 816 785 822 801 782 792 837 867 891 892 883 897 903 878 912 921 882 924 900 898 918 894 911 907 920 919 920 924 920 898 908 914 913 903 898 900 879 814 882 794 697 761 853 774 642 598 531 555 564 436 405 423 386 362 158 184 190 195 135 145 120 83 96 43 64 48 27 23 49 55 26 33 27
340 273 359 368 454 370 354 367 554 494 559 463 469 576 493 666 685 573 622 658 705 586 685 775 692 770 816 812 831 825 721 845 860 868 867 854 833 888 912 909 878 873 914 912 901 918 896 926 905 921 903 924 915 917 924 923 923 913 913 898 855 886 895 905 815 861 794 707 820 778 750 573 512 508 532 538 427 428 427 394 379 307 310 233 285 195 108 64 130 83 64 58 48 43 33 47 31 23 25 25
316 362 367 352 376 414 410 395 425 469 449 468 570 489 508 583 583 630 653 695 641 720 689 735 717 751 755 740 830 784 833 801 865 833 872 854 898 849 875 905 901 922 916 894 919 919 922 920 909 908 917 909 914 920 923 927 915 917 883 892 911 906 884 877 904 828 845 823 790 766 649 607 613 632 476 591 521 368 342 406 344 193 330 244 278 157 172 133 123 102 47 68 48 40 25 44 26 50 27 27
347 344 345 378 394 383 443 329 517 454 380 416 455 560 681 595 610 605 610 682 583 696 601 675 712 783 811 770 826 840 830 845 801 855 866 872 848 886 898 888 903 918 904 891 909 903 895 916 923 908 909 911 923 924 922 910 903 926 925 902 891 897 903 852 827 784 767 799 837 628 720 591 637 637 524 508 409 429 373 305 263 245 269 164 148 178 100 122 66 74 79 62 73 67 62 65 25 22 26 23
302 386 358 402 398 382 418 506 386 497 531 462 546 606 557 537 665 679 647 599 669 716 714 621 699 702 759 767 810 772 797 839 833 830 881 877 895 903 874 867 920 905 895 893 918 918 904 913 913 918 913 924 916 908 900 917 896 922 917 909 905 867 891 875 901 858 832 714 822 669 687 642 557 532 623 488 500 525 417 422 258 235 292 170 182 194 151 122 85 122 132 39 98 32 53 63 28 29 30 23
336 322 329 367 397 407 415 382 501 466 431 478 488 517 529 515 601 649 637 678 736 714 680 680 734 808 692 829 756 801 804 845 846 815 853 844 854 874 898 877 883 896 868 890 890 922 897 901 908 915 914 915 927 921 922 918 918 911 920 887 887 877 892 886 837 847 816 778 696 811 746 656 545 631 408 623 490 427 436 371 303 326 253 235 282 138 163 155 139 104 43 96 68 20 29 46 27 81 24 21
296 361 391 366 374 333 434 416 453 427 447 522 466 596 569 625 586 620 639 706 644 625 753 763 754 768 721 767 857 845 793 842 843 881 861 886 883 900 896 875 872 911 871 916 907 911 920 912 910 924 915 908 909 911 915 927 913 900 918 918 871 877 842 854 806 843 800 839 733 759 713 723 626 583 545 581 522 436 415 353 286 335 282 178 209 149 143 115 97 98 86 42 76 42 75 47 41 46 25 28
348 374 299 353 378 388 333 376 401 452 558 521 499 534 526 591 582 595 598 584 706 735 632 666 709 780 751 780 758 827 819 847 861 858 808 882 894 869 892 854 903 903 880 896 907 905 908 916 912 907 921 911 909 915 913 916 920 919 915 915 913 847 917 875 857 774 813 824 850 689 736 657 605 489 532 490 502 434 249 354 296 286 313 206 128 160 167 119 76 126 63 33 78 66 64 42 27 59 22 21
310 347 312 374 401 382 376 439 436 515 469 501 541 592 519 561 614 619 506 695 629 685 708 735 674 771 764 814 806 771 839 791 821 881 858 857 863 893 875 907 833 917 923 928 898 913 908 912 920 913 914 905 918 922 917 894 908 913 900 926 918 927 910 806 876 874 863 803 810 798 655 725 544 543 575 617 509 441 312 332 335 234 309 243 266 193 259 154 68 134 83 42 61 84 24 41 20 26 21 42
309 350 355 339 391 381 475 377 433 488 484 502 511 506 579 582 694 629 592 672 691 677 798 811 776 777 782 800 743 822 824 845 809 865 786 886 799 889 876 877 889 893 917 899 905 908 920 917 894 906 900 915 921 905 911 924 902 906 900 907 902 887 814 815 811 832 814 865 835 681 630 544 577 634 544 454 467 464 427 370 214 276 246 271 287 141 110 133 60 103 51 90 59 24 82 42 45 32 39 28
336 320 344 359 356 331 338 436 438 453 442 473 604 453 640 621 566 641 640 567 649 688 677 756 743 748 718 760 781 748 776 856 768 859 881 862 898 897 875 901 914 896 894 909 915 909 909 920 915 901 929 891 921 925 914 921 918 924 915 896 920 895 872 876 838 833 810 844 787 590 698 723 571 555 482 502 515 515 436 373 220 180 190 208 217 299 87 119 148 58 27 43 72 52 24 59 19 31 29 42
399 347 361 331 424 379 362 468 408 390 462 492 503 601 631 632 614 571 692 644 667 687 690 721 670 749 772 837 776 804 866 812 803 878 830 867 867 903 882 879 915 881 906 890 910 905 881 914 908 903 914 914 922 907 911 915 907 908 910 864 898 883 895 837 893 857 899 752 792 767 654 622 597 512 387 475 483 382 369 267 189 273 290 183 162 198 124 164 100 108 100 61 48 48 39 42 22 48 43 28
337 307 367 324 428 356 409 413 466 481 442 506 502 497 553 602 611 564 597 604 652 780 667 694 709 747 800 784 772 793 855 766 877 821 866 844 854 866 885 860 904 881 891 915 920 913 913 923 921 917 915 909 915 916 913 884 918 915 923 907 900 919 860 826 890 840 896 817 801 759 621 678 599 628 534 604 380 437 431 312 314 254 322 242 194 238 117 139 93 80 62 46 107 65 52 22 57 21 26 28
383 310 329 350 386 371 409 437 404 486 446 461 529 433 587 585 520 635 619 695 616 645 724 665 740 739 764 737 792 816 783 885 824 855 876 857 902 866 893 881 901 871 881 875 909 899 922 911 919 911 922 907 912 911 913 910 915 903 892 900 897 887 890 886 900 773 805 776 767 779 629 781 621 591 544 501 548 452 416 385 244 242 181 148 219 147 116 178 72 114 95 69 61 59 42 24 44 23 23 24
379 325 404 354 346 348 405 380 358 411 482 478 454 473 574 514 534 514 611 621 638 641 707 679 714 780 797 782 794 845 827 801 804 890 838 892 875 876 863 859 897 884 868 902 913 899 908 918 893 921 925 915 925 913 896 906 928 926 906 897 919 915 844 877 905 840 730 843 785 743 723 742 610 568 630 454 536 337 378 326 276 335 351 299 153 116 132 119 137 116 101 37 38 45 24 62 25 31 57 25
306 389 394 366 370 400 402 406 440 554 481 546 477 608 526 523 654 534 674 549 675 690 767 673 699 683 820 818 772 870 817 798 836 841 848 865 833 916 843 887 916 899 910 903 889 909 901 906 899 912 929 909 920 910 922 913 901 900 904 902 919 898 918 821 789 807 842 781 781 658 695 558 709 424 615 498 436 333 369 356 288 234 290 167 172 197 80 86 145 155 43 118 84 46 96 34 24 20 39 24
312 325 313 365 328 415 367 409 415 452 485 488 564 552 509 569 638 585 581 699 658 647 665 705 643 739 713 782 762 802 801 804 842 803 877 885 874 905 866 862 885 903 893 900 909 914 910 911 913 924 918 916 904 915 921 910 927 905 904 883 890 902 900 878 853 823 828 783 724 714 727 621 657 518 488 419 427 336 333 318 316 271 243 211 222 176 190 78 70 91 44 28 67 23 43 25 32 32 24 18
343 308 340 388 368 405 438 471 475 430 527 505 536 575 519 510 637 634 577 653 639 637 716 675 775 745 807 763 814 815 801 855 838 841 846 869 864 891 875 856 880 889 877 886 912 920 915 889 910 903 916 911 924 919 895 918 917 926 898 900 902 902 844 914 866 846 790 761 828 714 703 493 612 548 575 521 476 503 312 254 323 173 208 224 169 136 111 119 191 102 55 64 53 47 38 24 45 31 46 23
330 334 359 341 373 290 421 459 499 449 496 489 507 590 594 637 528 638 643 574 617 687 677 729 653 669 755 736 770 801 785 815 796 849 824 845 873 899 875 889 893 883 887 914 917 920 913 902 923 929 913 921 902 903 917 905 904 899 891 899 899 866 851 876 860 882 861 790 744 695 652 608 605 603 377 492 460 340 425 411 369 302 290 154 205 184 140 102 154 105 103 28 94 86 39 59 26 29 24 25
272 312 383 407 401 304 325 424 449 458 519 440 607 590 536 538 614 679 636 630 653 626 695 742 709 771 705 708 841 798 852 815 865 834 837 862 892 835 875 904 873 901 874 899 906 909 908 921 914 922 918 900 906 918 915 911 913 923 916 918 919 860 864 807 847 797 760 797 787 669 688 773 537 583 536 443 505 476 434 344 252 264 210 190 208 122 153 134 102 64 93 113 47 41 45 23 28 27 23 23
285 351 339 359 337 372 399 479 431 467 482 538 573 528 584 525 546 570 567 620 739 648 664 681 698 736 792 806 772 806 779 806 789 829 830 869 914 874 879 881 863 907 918 911 889 892 898 906 910 923 904 908 907 916 916 910 912 916 924 896 886 839 863 827 851 904 819 850 736 792 532 658 580 601 445 530 361 453 423 291 213 216 145 327 246 238 133 125 65 89 56 80 45 82 43 44 21 46 29 27
276 311 378 345 377 386 355 434 447 400 458 482 486 548 588 643 553 524 679 621 636 751 663 723 759 720 773 789 795 806 832 801 831 878 853 824 858 900 923 881 877 913 896 880 916 907 919 906 887 918 923 911 898 916 922 914 894 926 907 885 876 872 840 797 858 830 729 794 699 732 721 547 715 529 484 527 489 344 360 351 272 241 263 138 274 130 105 285 106 89 92 48 27 82 26 31 24 29 29 31
333 375 329 347 397 388 457 425 433 457 409 488 507 478 519 549 552 677 539 764 671 665 663 683 697 775 697 749 798 838 745 812 842 879 851 880 872 892 874 863 892 907 900 911 877 904 911 906 924 913 908 911 922 910 894 899 906 922 899 914 877 861 910 855 861 798 898 835 767 760 648 608 589 569 523 424 428 427 397 474 334 272 247 206 170 150 83 124 43 124 105 29 93 46 52 31 42 26 27 24
311 383 367 380 335 355 418 482 417 497 448 516 481 549 524 567 604 520 634 625 665 635 712 695 691 817 727 773 827 869 808 844 809 878 832 842 843 847 888 867 906 845 913 897 899 898 899 916 904 913 914 919 922 914 914 924 900 876 912 878 881 880 864 858 894 794 819 763 777 687 572 681 577 534 483 545 543 402 342 352 315 340 208 213 170 179 121 120 93 29 58 75 57 23 28 23 63 31 26 23
308 285 322 310 388 395 344 448 404 434 454 519 538 555 496 553 581 559 622 605 694 678 746 755 741 705 759 724 744 742 830 838 827 867 826 832 871 858 915 890 910 884 908 883 903 903 921 903 907 919 923 916 915 911 923 885 917 922 912 885 894 909 862 801 860 720 811 825 738 710 715 602 601 575 589 589 316 310 408 461 387 225 303 214 159 100 99 94 83 65 52 64 48 52 32 29 24 30 27 43
331 333 332 315 346 344 418 468 440 535 439 429 479 595 581 600 538 507 636 681 637 594 626 797 713 761 754 772 769 784 852 871 842 842 845 899 870 901 888 898 876 885 904 911 899 902 916 920 919 917 895 908 907 889 918 914 911 915 914 894 856 863 892 822 816 805 844 714 832 733 702 715 609 460 519 479 503 447 380 377 333 307 337 216 192 135 88 224 148 29 38 27 51 22 26 28 25 26 29 42
286 387 305 337 380 365 378 365 406 481 536 576 565 566 542 572 542 647 585 612 568 650 742 649 702 748 781 760 756 767 832 841 788 848 828 842 827 871 890 900 870 898 870 916 913 904 900 909 906 915 924 899 910 894 910 929 919 903 905 906 922 903 855 890 823 835 804 796 829 719 700 683 502 507 483 462 513 414 378 323 299 288 226 191 108 245 89 102 89 66 52 65 41 46 62 46 27 40 44 24
288 341 339 346 371 346 358 452 358 443 462 462 432 553 571 507 563 593 663 679 651 696 722 685 709 821 779 792 756 791 801 807 810 830 825 833 864 920 872 869 863 902 912 915 895 900 887 918 901 900 907 910 910 895 911 892 914 909 915 908 900 854 878 851 850 799 768 791 704 667 564 643 695 603 631 476 343 393 334 357 483 226 240 266 190 230 61 60 84 66 66 59 34 81 47 45 42 25 25 22
