489 481 491 485 483 489 488 495 489 493 495 492 495 490 493 496 494 485 497 494 495 496 492 493 490 500 494 494 495 491 498 497 493 493 499 496 494 494 492 494 498 498 496 497 495 497 495 496 499 498 498 496 497 497 496 500 498 494 499 499 499 502 498 497 502 500 498 498 498 498 501 503 497 496 495 498 498 497 498 496 497 500 501 500 497 497 502 500 498 499 495 499 498 498 495 498 497 498 493 500
479 474 482 496 490 495 487 495 496 492 486 490 493 494 495 500 482 494 494 497 494 496 493 491 496 497 499 497 495 497 497 488 496 495 495 494 498 494 491 498 495 499 492 504 495 497 496 498 496 494 500 497 496 500 496 495 495 498 497 499 499 494 495 500 500 495 499 494 496 500 496 496 499 499 494 497 494 495 503 499 496 498 496 496 499 499 502 499 498 497 499 495 499 498 499 497 499 497 495 496
490 494 488 480 487 487 487 490 493 493 488 492 490 484 494 495 494 491 499 495 493 490 489 491 493 502 493 491 494 496 495 497 496 492 496 495 500 496 497 494 493 497 497 497 497 495 493 499 497 496 499 499 500 500 496 497 498 496 502 493 502 501 500 497 496 499 499 498 494 494 496 500 498 499 501 496 500 497 496 496 500 493 499 495 498 499 496 498 500 500 498 498 495 497 502 497 493 501 500 502
492 483 492 487 494 484 493 490 492 490 493 497 498 497 493 494 493 493 493 490 501 496 495 495 500 499 497 492 496 489 496 495 496 492 501 498 496 499 495 497 499 497 497 493 500 496 497 500 497 497 495 501 495 494 499 500 492 493 494 499 498 501 495 495 501 499 498 496 496 496 501 503 500 493 496 494 498 494 494 500 500 496 493 500 494 500 499 498 499 498 496 496 500 500 502 497 503 497 503 500
486 480 486 488 495 492 491 480 496 494 490 493 494 491 485 494 498 495 495 491 495 493 497 493 494 494 498 497 497 496 495 496 494 495 494 491 493 495 491 497 497 498 497 498 494 496 498 496 495 495 502 500 496 491 498 498 498 494 498 501 499 498 495 496 497 498 500 498 498 500 500 497 495 497 499 497 500 497 498 497 498 499 497 498 497 498 502 500 496 499 495 498 498 494 495 496 501 499 503 497
493 486 488 486 491 495 489 495 494 495 496 492 492 497 485 498 495 493 493 495 495 493 499 495 488 497 497 496 495 502 496 495 495 496 499 492 497 495 501 501 499 502 500 501 497 493 499 500 494 498 498 498 498 501 498 496 501 495 497 497 496 501 499 498 496 494 495 498 499 495 499 500 499 499 502 498 501 495 499 500 497 499 502 498 497 494 501 498 500 500 497 501 496 504 496 501 497 497 499 494
487 492 489 488 490 495 497 491 491 493 494 498 492 495 490 492 486 494 485 496 494 497 494 501 495 499 495 497 496 495 496 498 498 496 500 496 496 495 497 501 492 502 502 499 499 495 501 496 495 495 492 497 496 495 493 496 498 497 498 498 496 498 500 494 497 498 499 497 497 497 499 497 501 499 493 496 498 498 498 501 496 498 498 497 501 498 496 494 497 502 494 497 496 501 496 495 495 500 497 498
486 489 474 496 490 491 493 483 494 498 488 493 489 498 495 495 495 491 495 493 498 491 492 497 494 494 497 497 494 498 499 487 496 494 493 496 501 498 496 498 497 497 497 500 493 494 496 497 500 497 499 497 500 497 495 497 498 495 495 497 496 496 500 499 497 500 498 496 500 502 503 495 497 496 498 495 496 496 501 498 500 498 499 498 500 496 499 495 496 499 498 493 497 494 500 499 500 497 499 494
483 480 493 491 494 490 493 492 494 495 490 490 499 487 495 495 495 487 494 495 498 499 494 492 499 496 497 495 494 492 496 497 498 496 501 499 495 497 496 497 492 500 496 499 495 497 499 496 497 497 495 499 496 498 501 498 499 499 498 497 495 500 498 498 496 501 498 498 498 498 499 497 499 499 500 494 499 496 501 499 500 497 498 499 496 497 494 497 499 497 501 496 496 499 499 496 499 499 498 494
483 491 492 493 483 493 489 491 493 496 491 487 495 495 491 490 495 494 498 493 500 498 495 494 492 494 494 493 500 496 493 497 498 497 494 499 499 498 493 496 497 498 500 495 500 496 492 501 498 499 496 497 500 490 499 499 500 497 498 498 501 497 497 497 498 496 496 494 497 498 497 502 497 501 499 497 499 498 497 493 498 496 499 494 495 497 499 499 494 498 500 500 497 502 496 497 498 493 499 498
492 486 494 494 490 489 494 490 488 490 500 494 496 500 492 493 489 495 490 496 492 494 497 491 493 496 497 498 497 497 498 496 494 497 496 499 498 490 493 496 491 494 497 497 499 497 500 502 500 493 501 499 497 497 497 496 498 498 500 497 499 501 499 495 502 498 499 499 499 499 497 497 494 502 496 500 497 498 502 499 501 498 496 498 497 499 501 501 499 499 500 497 495 494 500 499 499 495 500 497
485 484 489 490 489 494 496 492 493 492 491 496 498 495 493 492 494 495 499 495 496 490 494 496 497 497 497 495 499 495 498 499 492 494 496 499 500 496 497 499 498 498 498 503 498 493 496 497 498 495 496 500 496 498 492 494 496 499 496 502 496 497 499 502 498 498 496 498 500 497 498 501 494 500 499 501 505 498 496 496 500 498 499 495 502 500 497 500 498 500 496 499 499 497 498 495 496 502 500 501
482 496 488 493 490 490 493 496 493 492 492 494 484 488 496 494 501 495 494 495 497 494 498 500 497 496 496 497 494 496 498 495 489 497 496 497 501 494 497 500 492 496 500 495 497 500 498 497 498 500 496 500 497 497 496 495 501 496 501 499 501 497 499 497 497 500 502 496 498 497 499 497 500 497 499 498 500 499 495 496 499 501 497 503 498 496 500 500 500 496 503 496 499 498 497 499 500 499 498 496
488 487 489 489 491 493 490 484 490 496 497 488 492 485 493 487 491 496 497 495 488 495 491 494 490 496 497 497 496 497 489 498 500 495 497 500 500 493 498 496 495 496 500 497 500 500 496 496 495 500 497 498 493 500 494 499 500 498 497 501 496 498 498 498 501 498 494 501 497 501 498 496 491 500 497 495 498 498 496 499 496 500 498 500 495 497 501 499 498 496 498 496 498 496 502 499 501 496 501 500
500 487 486 491 489 491 488 497 487 494 485 494 495 490 494 494 489 493 490 493 488 494 489 495 494 496 498 497 500 495 494 499 495 497 497 496 494 498 497 497 493 496 496 501 494 501 496 498 500 498 498 495 497 500 497 493 501 496 498 497 500 500 496 497 498 498 500 500 500 498 496 498 501 495 495 495 495 496 495 499 498 500 498 499 500 500 501 502 492 501 500 496 493 502 498 498 498 501 497 498
483 489 488 495 491 491 493 491 470 494 480 493 486 497 489 499 493 495 492 499 492 495 492 497 500 496 496 498 492 487 499 495 501 502 498 499 499 507 499 497 495 495 496 495 496 494 499 497 501 496 495 497 498 498 499 496 496 500 499 498 496 500 494 500 498 502 499 498 501 497 500 497 499 497 500 496 498 497 502 499 501 499 497 499 500 501 499 496 500 501 498 498 502 496 495 498 497 500 493 499
486 489 480 493 480 493 494 499 483 493 493 492 491 491 495 492 496 495 494 498 498 493 493 495 498 493 491 490 498 492 497 500 496 501 496 493 495 496 496 495 498 495 490 500 500 495 496 499 496 499 499 498 495 499 497 501 502 496 495 497 494 496 495 496 495 498 500 502 499 502 502 495 496 501 499 497 498 497 498 499 498 497 499 498 499 499 495 499 498 498 497 500 499 498 496 497 496 499 500 500
486 474 477 486 492 485 478 481 486 481 478 481 487 494 497 484 496 493 492 497 499 497 498 497 493 498 495 493 496 496 495 497 490 493 493 498 496 495 495 500 496 500 501 498 497 497 502 495 493 496 500 498 497 498 503 499 495 495 498 497 503 497 497 499 501 496 497 498 499 499 502 501 499 495 495 497 494 495 497 499 498 493 504 495 500 497 499 497 495 494 495 499 498 498 499 503 496 499 498 502
483 479 482 481 482 483 497 496 481 487 469 489 491 487 493 492 497 498 491 493 493 498 493 488 499 492 496 493 498 491 492 495 495 493 498 499 498 493 499 495 498 496 502 495 495 500 500 497 501 497 500 496 497 500 497 495 499 497 500 498 498 497 498 498 501 493 499 499 499 497 500 499 494 500 495 500 498 500 495 497 498 496 500 501 496 497 496 497 496 499 501 499 498 495 501 497 498 499 497 501
475 475 489 493 482 483 489 494 482 496 493 469 487 495 489 496 488 491 489 496 486 490 496 495 487 492 498 497 498 496 497 498 495 496 499 500 494 495 494 498 501 497 496 500 500 496 499 501 496 500 496 495 498 497 495 499 497 499 499 496 499 497 502 498 500 494 499 500 498 499 500 495 500 499 495 501 497 498 504 498 495 495 497 498 496 499 496 498 496 497 497 498 494 499 499 498 498 496 497 502
473 466 489 480 491 487 468 493 484 491 491 492 491 490 490 492 493 483 486 496 491 501 496 496 493 485 497 487 494 497 491 495 494 496 495 489 499 491 497 499 496 496 497 498 497 498 500 502 496 495 497 490 497 495 496 499 498 497 498 495 500 496 499 501 502 502 497 499 497 498 499 500 497 500 497 501 499 498 498 496 497 498 497 499 495 500 499 495 499 496 500 501 500 501 500 501 498 501 498 497
486 486 482 479 482 497 494 480 483 490 492 492 492 495 478 487 494 492 494 488 497 495 494 496 494 500 491 497 498 498 495 496 496 495 497 493 496 498 498 501 499 501 494 499 498 496 494 500 499 499 498 497 497 502 498 501 496 500 497 497 498 499 500 496 498 496 498 502 498 496 497 500 501 497 497 497 499 499 498 498 500 500 496 501 496 499 496 499 495 497 501 500 503 498 498 498 502 496 498 498
479 475 485 489 477 489 482 485 484 486 494 497 490 492 484 492 491 493 494 475 491 492 497 493 494 498 492 494 497 493 494 498 496 498 498 494 498 498 497 497 496 497 499 496 499 494 496 497 494 500 500 495 498 496 497 496 499 496 496 498 503 496 503 497 499 494 497 498 496 500 498 494 495 498 499 497 500 494 495 497 497 500 498 498 496 495 497 497 496 498 499 498 494 495 499 495 500 495 496 497
488 461 482 477 493 480 482 476 479 487 489 485 489 492 492 492 494 497 487 493 492 497 493 499 489 491 496 494 498 491 495 498 494 495 500 497 497 500 495 497 497 501 495 497 495 492 494 498 493 499 497 496 492 498 498 497 498 493 500 500 497 497 498 497 498 495 497 498 499 498 495 497 497 497 500 497 498 495 499 500 501 497 501 495 502 497 499 499 496 499 496 498 500 493 500 499 498 497 495 497
464 491 477 486 487 477 481 485 492 486 494 490 465 475 492 490 491 494 489 494 497 490 494 492 493 497 494 495 496 490 486 495 493 499 494 492 496 491 497 501 498 493 499 497 500 499 499 489 497 500 492 496 495 500 497 494 496 494 494 496 497 499 497 499 500 501 499 499 499 501 501 497 495 498 497 495 498 500 498 499 496 501 503 498 498 499 501 497 496 498 499 496 499 499 495 495 498 495 501 497
462 471 493 483 486 494 482 489 484 492 490 492 492 475 488 495 493 497 489 494 492 491 497 491 493 488 494 488 492 497 493 497 496 489 494 497 502 492 496 494 497 494 497 499 499 500 498 499 497 496 499 497 496 499 502 499 498 498 496 500 498 498 499 495 500 498 499 497 498 500 495 495 498 500 498 500 494 496 495 497 497 497 496 497 498 501 495 497 500 499 494 500 498 498 504 499 498 501 502 499
491 474 475 462 484 480 459 466 477 488 489 492 493 483 497 485 484 489 493 496 492 490 496 491 487 496 486 492 495 490 495 499 490 496 499 496 486 495 498 492 500 498 498 497 499 498 498 495 498 492 494 495 495 497 497 498 499 501 496 495 499 499 497 498 499 496 494 499 498 496 500 495 495 502 500 500 497 497 500 500 498 501 501 497 501 498 502 496 499 499 496 497 493 495 501 501 500 496 498 499
473 480 492 481 469 480 482 473 483 490 488 489 482 482 491 487 497 495 483 488 495 491 496 494 502 486 487 491 498 499 486 484 498 495 496 498 494 498 497 496 501 502 497 498 494 494 495 498 498 492 500 496 497 499 498 496 498 497 499 497 499 499 495 496 493 499 498 493 496 497 493 497 500 498 498 498 500 499 497 502 496 501 497 501 500 497 496 497 496 499 497 499 496 500 498 495 497 497 501 496
464 468 471 491 473 472 478 496 478 488 485 490 490 480 489 494 489 490 484 491 494 493 489 496 498 499 496 491 486 487 495 491 495 497 499 495 494 491 492 499 494 496 496 499 498 498 497 495 500 497 499 500 496 494 496 495 502 497 497 496 501 497 496 498 495 496 498 498 501 498 496 499 497 494 496 500 497 497 498 498 500 496 499 495 497 499 501 498 495 497 501 497 495 497 498 496 499 500 495 497
476 478 480 476 472 453 482 481 483 490 492 486 476 496 491 493 492 491 493 493 489 491 488 498 496 484 492 489 500 500 495 502 491 494 494 498 495 491 496 497 499 496 495 492 495 496 495 494 495 498 500 500 494 497 496 500 500 496 497 495 496 500 498 497 493 497 498 499 493 497 495 498 498 500 501 496 499 497 498 494 500 495 497 498 499 495 497 497 501 498 495 499 496 496 500 496 503 500 500 499
486 468 466 474 487 472 480 464 490 485 478 485 482 487 494 494 481 486 491 493 485 493 489 497 487 482 495 495 495 489 497 495 492 500 492 498 489 497 494 496 498 499 495 501 496 499 496 493 496 492 493 495 494 498 494 498 497 499 502 496 501 499 501 495 499 494 501 499 497 496 498 497 496 501 496 495 497 498 497 499 501 496 495 499 493 500 501 501 494 496 504 500 497 497 497 500 496 495 501 499
473 467 477 479 474 488 483 487 495 478 483 487 488 477 490 485 486 477 484 490 488 485 490 487 495 492 497 494 497 494 497 490 499 493 495 496 497 495 497 494 495 496 493 502 497 497 500 495 496 490 497 498 499 498 498 497 496 499 501 494 493 499 499 497 499 498 502 500 497 497 495 500 495 500 499 502 495 502 504 498 499 499 497 498 500 495 501 497 497 498 501 498 502 498 497 502 498 497 498 499
473 475 483 490 484 479 495 470 490 477 488 487 477 483 474 494 484 476 479 487 490 487 491 478 492 485 492 489 493 496 489 486 491 489 493 498 493 499 500 493 501 502 497 500 498 498 500 494 494 498 494 497 498 493 499 501 500 499 497 501 495 504 499 499 500 500 498 500 497 499 497 501 499 495 499 499 496 499 499 501 500 496 498 500 498 498 499 496 498 497 501 498 499 500 494 498 497 501 497 497
472 469 453 463 459 473 488 472 464 478 456 480 496 488 498 483 481 473 482 480 481 485 498 486 492 495 493 487 493 482 497 498 498 494 492 489 501 498 499 495 497 491 496 500 496 496 495 501 495 499 494 497 498 495 498 499 496 499 496 501 495 495 490 495 501 499 498 499 495 496 499 499 500 499 497 499 500 498 497 495 497 496 496 495 499 503 495 499 499 496 498 496 495 497 494 505 493 496 499 501
483 488 465 470 467 472 476 472 490 485 477 475 495 481 484 478 479 483 484 479 489 488 493 477 483 489 485 497 492 483 493 494 486 492 491 484 493 497 498 501 489 496 495 495 494 497 499 495 499 496 496 494 496 497 494 500 498 494 496 495 494 498 498 495 499 495 495 497 494 502 498 501 496 497 499 496 498 494 497 497 500 496 500 499 500 498 497 501 500 500 500 501 500 502 502 495 499 501 493 497
474 464 474 478 474 480 483 471 457 480 475 486 475 489 469 469 475 490 494 486 477 494 492 484 488 493 472 493 488 483 494 492 491 484 498 496 495 493 498 497 494 496 493 498 490 497 493 497 497 500 495 494 493 497 494 501 496 496 499 494 499 495 497 495 498 498 499 497 498 491 497 497 500 500 500 503 497 497 497 499 498 499 502 497 495 499 495 499 497 500 497 499 498 492 499 495 499 499 501 496
473 467 465 460 460 453 457 483 489 492 476 474 472 470 475 480 486 487 491 487 492 481 483 480 498 481 489 496 483 489 490 481 483 488 497 494 498 482 483 499 494 492 496 489 498 500 492 498 498 494 496 495 494 499 495 493 496 494 496 499 501 497 496 498 497 494 496 495 493 495 502 495 496 498 499 497 497 501 499 502 500 496 494 496 498 497 496 493 504 494 500 494 490 498 499 493 500 499 496 497
451 450 472 478 451 472 479 474 493 472 472 488 484 467 486 480 482 474 477 472 466 469 495 478 491 485 482 477 490 493 490 493 487 497 495 495 492 492 494 491 499 495 496 497 489 491 489 491 490 495 489 498 495 487 495 492 497 493 496 490 488 494 497 496 501 502 499 494 496 498 500 496 496 496 496 495 498 499 498 496 501 498 500 496 496 497 501 497 499 499 498 498 498 498 497 498 501 499 497 500
476 452 460 468 462 450 482 477 477 484 455 487 478 473 490 484 494 486 485 465 492 491 479 487 484 489 491 488 491 483 475 493 497 492 498 500 487 496 489 498 490 490 493 496 495 496 491 499 497 497 497 499 498 495 500 495 496 501 499 499 501 499 497 497 499 495 500 497 496 495 499 499 499 500 497 496 500 497 493 498 497 498 500 498 496 493 495 499 497 497 495 500 498 498 494 497 496 495 495 498
478 447 470 491 474 474 475 476 456 467 459 479 489 477 489 469 470 492 484 476 488 448 484 479 480 490 477 497 488 485 490 481 487 491 481 496 499 498 486 489 487 495 493 496 493 489 497 494 497 498 493 491 497 495 498 500 498 496 500 499 496 499 494 500 499 497 500 494 496 497 502 499 499 496 500 495 501 502 497 495 501 494 496 494 498 500 498 498 500 496 498 496 498 498 499 495 499 502 500 497
451 466 475 468 457 469 468 481 472 456 458 460 461 477 482 457 469 479 495 487 493 470 495 474 481 466 476 479 473 483 494 495 488 485 497 493 498 494 495 497 491 498 491 496 493 498 499 493 498 489 504 496 495 498 496 495 495 493 493 498 499 497 498 503 497 499 498 495 495 496 500 500 501 504 496 499 498 497 494 495 498 501 497 496 501 497 500 498 495 498 496 494 494 500 496 497 499 501 495 498
452 458 436 448 450 424 464 461 456 472 478 483 461 467 473 468 488 486 464 450 465 490 481 480 495 473 477 473 493 484 468 484 477 486 481 495 497 483 490 493 493 500 494 493 484 491 496 499 499 493 497 496 489 487 502 496 496 492 491 493 497 496 501 497 500 498 495 499 494 501 497 496 498 498 496 500 500 499 497 493 497 501 500 497 500 497 498 495 504 498 501 499 500 497 501 497 496 499 499 499
444 457 464 479 467 474 468 458 478 470 448 478 472 461 475 479 480 460 465 491 486 485 494 491 494 484 489 494 485 485 495 491 493 480 490 492 481 486 502 497 493 486 496 494 487 497 497 496 493 497 498 495 498 498 497 494 495 499 492 497 495 498 497 497 498 495 498 498 497 500 497 499 498 495 502 492 499 496 496 497 498 498 496 493 497 495 495 497 502 497 498 501 498 493 496 497 494 494 497 495
453 437 447 441 469 473 452 458 459 469 466 457 480 478 483 473 450 474 460 481 476 492 464 480 498 496 488 476 485 487 494 489 488 489 493 492 494 491 494 481 484 495 482 492 491 494 493 498 493 497 495 492 490 495 492 498 494 497 494 497 498 487 500 501 498 493 498 498 501 495 495 496 497 491 499 500 500 496 499 496 499 502 497 500 496 497 500 495 495 498 502 497 500 497 500 499 497 493 501 494
435 463 465 445 469 472 462 446 474 468 465 438 471 465 443 474 483 488 471 486 482 470 471 490 475 487 493 494 479 491 484 491 496 491 490 477 489 475 493 488 493 497 495 500 494 493 494 499 498 494 493 502 493 496 492 494 495 496 495 497 491 494 497 498 496 498 498 497 499 500 495 498 492 494 500 495 495 501 497 499 501 495 495 497 500 498 501 494 496 497 492 500 498 498 495 496 496 499 498 493
444 418 422 418 457 474 446 447 475 444 461 466 479 483 469 464 473 474 489 479 471 479 467 487 493 486 484 472 485 489 498 498 493 488 485 498 497 498 487 487 496 499 483 481 493 494 492 499 491 496 490 497 501 495 495 492 497 493 493 495 497 499 494 499 499 495 499 499 497 497 495 493 500 495 500 496 500 494 496 499 497 497 497 499 499 496 497 496 501 495 497 496 494 495 496 495 496 501 493 499
443 447 458 466 458 481 455 454 465 446 450 461 451 460 464 482 474 476 457 482 473 473 492 473 474 492 485 476 457 488 481 484 478 491 481 495 491 494 490 496 477 484 492 493 495 495 490 498 495 498 494 484 497 491 497 498 489 487 494 495 499 497 494 492 501 497 493 501 497 497 495 497 502 497 502 498 498 497 496 495 499 493 498 501 497 498 496 499 496 495 498 493 497 495 497 496 496 499 498 494
447 443 432 464 445 450 429 464 449 438 481 456 470 444 439 472 460 474 471 458 489 459 492 483 491 484 488 478 474 484 487 493 482 480 471 499 490 493 486 495 491 500 496 491 496 500 493 494 492 492 496 487 491 493 496 498 498 496 499 494 498 500 498 501 499 494 498 496 489 494 495 502 497 495 498 497 500 499 497 499 495 498 498 499 498 495 500 499 495 497 499 498 499 500 498 494 499 498 498 495
436 435 446 426 433 436 461 428 430 460 462 465 474 445 446 455 484 463 488 465 475 485 449 475 475 481 490 479 481 486 492 481 486 492 487 493 490 491 483 491 485 493 492 490 497 499 487 488 491 496 498 493 494 499 495 499 491 492 500 496 496 489 496 496 497 499 495 498 492 498 498 494 499 497 495 498 493 497 497 500 497 499 499 492 497 501 495 493 496 498 494 497 496 499 501 496 497 493 496 498
448 416 404 457 445 458 437 452 431 441 429 453 474 468 467 485 460 436 474 468 477 482 471 483 483 478 460 485 482 474 488 473 483 465 487 473 493 491 480 499 481 494 488 489 491 492 494 496 491 496 496 498 496 494 496 499 494 495 494 488 493 494 493 498 497 495 499 496 494 499 494 495 496 497 496 498 498 499 499 498 499 497 500 498 495 499 494 496 496 501 493 498 497 498 493 497 495 495 495 498
435 404 425 442 423 432 450 462 450 469 445 439 455 469 448 461 485 462 477 469 477 472 463 473 468 480 481 486 473 484 489 491 495 487 462 490 502 478 490 486 480 497 475 488 496 497 493 498 497 499 493 493 495 491 499 493 495 498 495 497 500 504 498 498 498 489 493 492 495 498 496 501 495 500 495 492 495 497 492 499 496 498 498 491 495 498 498 499 499 494 498 496 490 496 496 498 494 498 498 499
446 465 447 413 426 411 465 451 432 459 439 457 480 444 449 460 463 474 464 450 460 467 467 474 481 487 474 465 495 482 481 492 490 489 493 481 487 482 486 483 490 472 496 494 489 488 491 495 486 496 493 501 488 496 490 498 488 490 492 499 496 496 501 495 497 487 494 497 494 496 497 496 496 494 495 496 497 502 490 497 491 495 500 497 498 495 495 499 498 497 498 499 496 495 501 494 496 501 497 497
431 454 411 430 435 449 454 408 453 450 456 469 448 451 465 464 452 440 459 488 440 460 492 490 467 480 487 473 480 478 470 482 472 476 482 492 489 479 492 482 487 487 488 486 486 497 486 488 493 496 493 494 488 491 486 495 498 498 495 496 499 497 497 497 493 498 494 494 496 500 500 485 498 487 491 493 499 493 498 501 495 500 496 495 498 499 499 497 496 501 496 497 495 496 498 493 498 494 495 500
419 445 414 435 451 436 414 473 433 422 448 437 438 456 463 438 455 469 470 459 479 475 481 479 464 480 473 477 482 481 467 475 477 479 487 480 487 481 487 485 470 489 495 478 494 497 494 494 497 487 469 498 499 491 490 494 485 498 498 491 493 482 498 492 499 497 497 496 495 497 496 496 491 496 489 498 495 497 497 496 497 495 496 497 495 498 496 493 496 495 496 496 497 496 491 499 496 495 493 488
441 416 392 450 440 416 425 397 431 420 441 446 429 437 420 466 453 459 455 470 442 472 452 476 477 466 485 475 466 479 477 485 496 477 485 491 486 490 482 482 476 487 491 486 486 475 487 485 486 481 496 487 491 494 495 490 497 481 484 489 493 494 483 496 494 497 496 497 497 494 500 498 488 498 496 497 497 489 492 498 496 498 491 503 498 495 499 502 496 499 494 495 495 497 496 499 501 494 500 496
456 417 402 444 418 422 432 433 449 449 425 451 444 473 438 467 482 456 447 473 470 478 475 473 474 470 482 468 481 467 470 483 480 480 491 479 470 488 489 470 490 497 491 480 494 483 497 497 484 485 496 492 477 495 488 489 486 497 497 492 492 497 499 497 491 495 487 493 485 495 500 493 492 494 499 491 497 495 495 495 499 498 499 499 497 497 500 500 495 497 496 493 497 494 499 500 497 493 494 497
407 382 393 431 389 432 438 432 414 447 446 428 446 431 470 449 473 426 444 474 479 445 445 465 465 443 468 468 470 464 474 462 463 474 478 488 471 482 488 489 486 485 487 487 489 490 489 487 483 497 492 489 494 493 494 497 488 499 490 499 496 497 497 497 490 494 494 496 497 499 495 499 498 493 497 496 498 498 493 499 496 497 497 495 498 495 499 496 494 496 497 496 498 495 498 496 493 493 496 494
391 395 407 433 427 420 405 438 427 427 441 419 433 443 466 443 460 448 448 460 450 477 452 459 452 486 475 464 456 478 449 484 493 478 488 481 479 486 492 480 483 488 486 492 492 482 491 496 485 496 481 488 493 493 494 495 484 494 501 497 493 495 480 492 494 499 500 495 492 488 497 497 499 494 496 496 493 496 496 497 497 492 495 498 497 497 496 493 498 499 498 498 496 494 497 501 497 493 500 494
421 395 381 411 427 387 432 426 422 402 454 445 438 439 447 414 442 463 461 444 459 461 432 452 457 465 472 478 484 468 454 474 476 485 480 455 464 484 468 479 495 486 481 486 476 477 492 479 474 490 492 480 479 486 490 483 492 496 500 482 498 497 497 494 498 496 495 496 496 495 497 493 497 496 494 493 499 500 494 500 494 496 493 497 493 498 495 497 496 498 494 496 493 497 496 497 492 497 498 497
379 399 417 421 425 437 437 431 449 437 437 447 437 418 444 427 444 462 462 434 469 463 443 449 459 457 481 450 452 480 440 475 474 478 466 484 491 495 484 480 486 488 490 481 489 490 477 482 486 482 486 488 498 494 493 489 483 489 485 497 499 491 488 486 496 496 499 488 492 498 492 485 488 488 494 496 489 496 495 496 495 496 495 500 496 497 500 495 490 491 496 497 492 495 498 501 493 494 494 494
394 386 417 388 393 412 393 423 432 442 436 440 444 449 447 419 436 447 470 460 458 468 407 473 481 457 465 451 451 452 440 475 472 477 492 460 476 479 476 478 486 481 495 483 481 477 480 469 484 493 484 473 493 494 498 490 494 480 490 495 498 498 495 484 493 492 497 498 495 500 497 496 494 495 496 487 498 493 493 496 495 497 491 499 492 494 501 498 491 496 496 491 498 494 498 496 493 497 495 492
393 374 406 402 393 394 385 426 447 438 436 400 466 452 443 420 444 438 443 441 463 448 460 465 441 441 497 468 483 495 469 451 466 488 456 466 472 472 493 476 470 468 491 486 484 483 488 491 489 482 494 478 488 487 475 487 493 494 479 495 494 497 495 496 495 490 500 498 496 496 498 489 494 490 495 493 497 497 497 497 494 494 494 494 493 495 498 497 497 500 492 498 497 497 499 496 497 494 485 498
376 385 364 428 385 403 375 392 393 420 411 438 441 409 429 449 411 436 432 445 455 429 434 478 455 458 444 466 446 459 454 475 470 451 464 495 479 487 487 472 494 477 491 483 464 461 483 494 486 493 475 486 488 485 465 496 493 479 489 496 497 494 480 499 492 489 495 498 496 494 494 495 494 493 492 492 498 502 486 491 495 496 496 498 496 498 495 498 493 493 497 495 495 492 497 493 495 492 493 496
332 379 415 419 385 418 379 426 436 403 426 414 446 393 431 448 443 454 418 455 445 457 454 416 448 467 449 429 477 474 452 476 476 467 460 483 488 476 473 471 473 473 482 471 479 493 482 478 487 494 476 485 483 488 497 480 494 486 476 495 484 493 481 485 491 492 495 483 495 498 501 494 494 496 492 496 494 494 497 499 494 495 496 493 494 494 494 494 499 496 497 494 495 495 495 499 496 496 492 496
419 383 357 404 370 416 426 440 389 417 421 423 421 429 441 414 417 429 421 435 425 435 443 460 453 457 464 456 457 482 449 479 478 467 467 481 460 480 475 470 468 461 474 468 481 479 478 492 487 487 484 493 481 485 494 489 493 481 487 492 498 487 496 489 496 493 492 487 492 493 489 494 482 491 486 496 499 495 496 497 483 495 496 495 497 500 498 495 496 492 497 502 499 497 498 491 496 496 496 496
329 374 368 338 386 400 359 402 408 421 399 416 455 419 433 422 477 442 445 421 446 424 443 430 465 448 444 480 432 450 450 441 460 460 481 486 461 473 470 484 474 459 484 479 491 462 486 480 479 492 478 492 494 490 475 482 495 471 487 477 490 488 486 485 497 495 489 499 491 492 494 492 493 497 494 494 492 497 497 496 496 496 497 496 498 496 493 499 496 500 495 500 493 494 495 499 490 494 496 499
370 422 363 395 404 388 368 358 427 375 393 377 420 407 416 415 439 430 433 453 445 460 420 439 476 432 427 445 458 463 460 466 472 458 460 446 473 466 484 476 485 468 494 476 486 471 490 484 487 488 483 489 484 483 494 476 487 489 491 497 497 490 495 496 495 495 495 490 493 491 488 496 496 493 494 497 497 493 497 495 497 494 503 498 498 497 497 497 495 495 494 495 499 495 490 495 495 497 488 493
358 305 337 344 379 344 356 383 402 423 390 411 379 404 427 405 420 390 433 457 429 411 422 443 433 460 435 455 435 441 448 453 460 474 457 470 469 479 469 458 481 482 467 488 476 485 485 478 463 488 493 486 481 477 490 486 492 492 485 483 485 498 493 494 496 496 482 495 496 486 486 496 487 489 497 494 488 491 497 493 495 492 489 490 495 494 495 498 494 494 494 497 495 495 495 493 493 497 499 495
380 327 375 361 354 388 363 414 336 363 412 421 415 385 433 411 422 405 385 416 442 446 429 449 423 424 451 450 452 458 439 444 465 459 471 476 457 460 446 473 463 459 473 482 492 478 480 469 478 459 481 493 490 480 477 496 488 480 493 478 487 494 492 484 497 492 491 491 485 496 494 493 485 490 491 491 497 495 495 494 497 499 492 494 495 492 496 496 489 497 498 497 492 494 497 495 500 495 496 495
364 399 326 396 360 375 340 390 366 390 371 437 414 391 360 421 397 406 423 397 419 433 438 438 423 431 430 459 467 457 442 447 463 442 453 451 459 430 474 460 475 477 454 475 458 471 484 481 482 490 485 468 476 477 475 484 484 495 476 495 494 481 491 498 497 492 497 494 494 498 490 482 498 492 498 488 486 484 498 487 493 493 493 486 487 496 496 494 493 496 493 498 491 489 498 496 493 494 489 491
351 395 298 360 336 362 386 353 381 387 369 388 351 411 407 375 444 384 447 408 429 447 464 446 422 407 441 471 434 455 435 476 416 471 457 462 479 432 461 473 479 469 456 485 466 489 486 457 478 476 485 487 491 491 489 490 477 481 480 486 488 483 490 494 487 485 489 491 492 483 483 491 494 493 491 492 492 492 498 498 494 496 485 494 492 494 492 495 497 493 498 499 495 494 494 490 493 501 490 493
310 389 337 305 392 351 349 358 386 393 345 434 392 380 394 409 379 375 423 379 416 405 419 441 441 453 461 452 427 435 469 452 448 445 461 450 447 452 446 472 460 453 468 464 467 482 474 482 487 466 476 482 466 483 475 479 495 487 489 477 491 478 490 489 492 490 477 489 494 482 490 496 488 492 489 494 485 498 494 493 498 497 497 490 497 493 496 495 494 492 492 491 492 489 494 494 493 489 495 490
348 379 336 348 348 351 382 324 391 357 403 414 418 426 373 418 350 403 424 403 422 394 394 442 410 437 421 426 466 448 450 444 458 431 436 468 417 449 460 458 443 469 476 439 467 478 455 463 467 490 490 476 478 491 481 468 480 479 481 484 478 490 488 494 496 489 483 485 486 483 488 490 494 491 485 495 494 490 496 493 494 488 497 496 500 491 494 487 496 498 493 496 495 487 491 495 495 488 490 493
317 264 370 324 314 375 396 366 372 341 383 388 396 382 435 418 405 352 397 333 438 413 423 387 428 417 436 420 430 446 446 465 461 462 457 465 457 442 469 461 448 457 454 450 466 475 465 474 481 477 463 471 463 481 467 478 480 482 485 486 490 487 494 487 493 493 488 488 486 496 488 489 474 491 496 495 482 489 493 495 495 494 494 488 492 491 498 490 491 498 495 493 492 490 497 492 494 492 496 491
330 319 314 330 303 380 388 365 340 317 357 377 377 371 406 426 396 379 381 389 430 402 441 416 405 411 448 447 421 435 419 461 415 438 448 447 414 468 461 468 439 458 468 461 481 481 471 479 458 455 480 481 486 481 483 478 481 461 494 469 489 477 498 492 481 482 481 492 496 488 482 487 487 497 495 499 489 491 487 493 484 494 489 489 496 490 493 492 494 495 492 497 492 499 494 492 493 493 490 495
346 265 334 334 318 340 391 397 352 367 375 363 388 388 361 368 366 359 387 382 409 408 432 375 452 417 440 438 436 416 439 460 442 435 441 453 443 455 452 446 447 466 448 468 455 467 477 464 470 449 448 476 475 490 482 479 463 475 474 476 467 478 478 496 493 481 494 484 487 485 485 488 491 490 485 488 490 484 483 491 495 490 482 489 494 495 496 486 489 490 499 498 490 495 495 491 489 494 492 492
319 351 345 352 351 343 324 336 342 378 370 337 361 376 380 360 406 393 429 406 388 408 409 387 450 391 441 475 383 404 423 438 457 428 456 415 440 424 453 456 470 459 460 454 458 466 456 466 469 485 466 464 451 478 483 489 480 457 470 449 480 477 474 466 494 477 480 489 486 489 483 495 480 481 485 498 491 486 491 485 490 492 479 494 490 493 489 496 488 489 487 493 488 491 493 495 489 491 494 492
332 347 289 339 338 339 384 328 353 361 334 399 384 333 366 364 400 361 380 395 411 395 388 395 436 445 401 386 432 385 422 446 446 452 446 425 453 434 443 442 445 438 451 460 465 476 484 452 453 492 474 483 484 443 470 460 460 482 454 481 475 467 484 479 490 481 484 488 489 474 485 478 479 478 494 484 481 497 487 494 493 492 484 493 491 479 494 489 490 498 495 498 494 489 483 492 486 493 485 486
268 328 355 297 305 330 321 372 309 315 328 362 315 383 374 365 346 369 384 337 391 368 413 385 378 433 416 426 449 432 408 427 449 450 418 418 387 436 439 439 457 467 446 452 481 459 485 471 465 462 456 449 467 473 466 454 473 481 467 469 472 478 479 488 487 471 481 490 460 496 490 478 483 478 492 492 487 492 491 495 487 490 491 489 488 498 490 494 494 493 486 493 490 480 495 487 483 491 498 492
282 272 290 320 303 325 338 341 371 337 344 361 345 339 372 404 362 393 364 350 428 402 393 405 377 388 412 419 422 424 400 446 425 434 420 405 460 422 411 409 445 455 443 458 467 446 459 466 459 470 463 434 479 476 460 467 485 456 492 462 468 480 494 484 468 482 477 478 489 484 497 488 493 483 484 484 494 493 488 486 491 485 483 487 483 492 496 488 493 490 491 480 492 491 494 491 490 491 491 487
312 300 325 294 313 329 300 316 349 334 309 375 378 351 343 375 359 353 346 344 362 392 395 363 395 400 422 374 404 413 446 422 456 417 412 451 441 422 442 431 424 452 458 446 425 444 459 471 466 477 482 455 464 467 481 472 486 461 476 461 480 468 474 492 473 480 480 480 494 487 488 490 484 480 486 490 483 495 490 489 492 491 494 490 493 490 496 494 492 487 488 488 496 493 490 492 485 490 493 489
234 322 276 320 337 277 340 340 345 354 336 308 366 342 349 379 376 391 317 378 365 348 389 369 401 368 414 422 426 404 381 450 433 447 405 415 433 415 468 413 458 431 442 452 453 447 438 463 439 470 470 454 455 484 470 461 463 463 479 468 486 478 470 470 480 479 481 490 479 472 492 484 486 464 478 495 483 481 491 496 473 482 478 488 481 491 491 496 487 492 485 497 489 495 491 492 484 489 492 495
290 328 273 290 327 310 294 290 321 333 297 363 328 330 345 359 370 372 343 368 345 376 358 402 392 404 365 379 403 440 436 406 405 399 408 428 453 422 454 426 437 454 438 428 440 464 474 465 452 476 450 453 465 464 467 474 485 473 474 462 467 474 463 479 484 476 483 477 483 475 472 490 488 490 489 492 484 490 482 492 485 494 479 489 490 489 493 488 490 491 470 491 491 483 492 490 485 494 489 488
272 258 279 317 301 263 301 309 292 303 293 315 338 311 363 351 326 341 358 390 370 390 370 383 351 356 351 396 414 408 397 402 386 434 418 427 426 432 442 445 433 428 421 439 408 464 454 439 453 456 465 466 475 473 464 475 478 490 475 478 473 454 478 458 464 469 487 487 469 472 494 483 484 473 489 482 480 488 491 471 480 491 490 491 493 487 488 494 486 494 485 485 485 490 479 492 493 484 489 484
263 269 285 312 325 323 266 294 277 305 336 338 273 335 342 327 371 309 345 367 320 357 399 401 389 376 399 357 369 377 399 388 380 410 390 442 386 431 390 409 452 431 436 428 431 432 427 456 435 459 445 461 479 466 456 467 436 472 451 451 470 452 479 466 487 479 477 482 488 479 495 473 488 479 466 489 493 481 493 491 475 485 488 488 492 481 486 491 492 489 490 490 493 492 493 488 484 481 487 492
284 245 285 273 299 290 294 311 318 288 296 294 352 299 342 299 332 315 373 324 343 372 386 343 402 376 381 392 361 414 396 418 419 383 393 395 406 420 406 437 433 437 438 447 474 419 429 458 448 453 458 452 438 466 463 472 463 458 463 469 445 460 480 478 487 480 482 490 486 465 489 483 488 492 481 493 484 480 487 486 486 486 481 487 492 482 487 485 485 477 487 487 489 495 488 484 490 478 481 493
227 268 254 299 255 275 250 281 291 276 297 274 313 283 369 323 306 336 329 334 340 362 350 397 347 415 374 370 378 372 381 420 440 377 416 413 409 432 425 431 400 424 423 430 449 416 462 436 451 464 473 456 468 431 462 469 445 462 446 466 440 479 466 461 483 475 469 451 478 485 488 464 489 465 476 466 477 460 486 482 482 496 485 490 478 487 488 493 487 484 486 493 483 488 484 482 483 485 493 490
243 287 220 220 288 295 257 266 286 292 295 260 312 332 303 224 339 298 334 346 361 323 388 365 344 347 375 366 411 368 338 442 336 397 402 365 414 407 367 436 433 427 443 460 427 418 465 460 468 452 443 444 468 467 453 460 458 439 461 434 483 450 480 474 475 467 464 472 448 485 481 485 479 480 476 479 482 483 491 491 489 486 482 484 489 494 480 495 493 487 489 486 491 473 493 484 482 488 486 490
210 215 239 179 256 218 262 275 284 272 320 311 257 350 329 340 332 332 344 332 328 308 391 395 351 380 377 379 407 367 361 353 448 397 399 373 431 419 418 421 452 412 434 449 439 430 453 440 425 418 466 485 453 453 454 474 449 462 459 419 452 455 471 476 482 455 471 479 484 478 484 485 471 486 478 481 482 475 483 493 479 476 493 477 487 472 494 468 484 493 495 472 486 482 485 491 490 486 480 484
234 248 268 294 245 288 214 272 282 265 228 268 299 273 314 323 343 310 331 302 324 360 359 336 371 397 333 344 394 373 400 382 362 379 410 395 408 438 392 430 427 419 421 434 437 436 427 453 435 474 393 451 430 452 453 470 456 429 474 481 467 452 469 470 486 451 456 482 479 468 478 478 477 481 468 481 488 477 473 474 483 488 488 482 480 489 481 481 475 488 482 486 490 489 478 480 485 489 484 479
260 247 254 278 201 227 286 248 281 253 276 339 299 266 269 311 303 305 338 302 338 351 352 361 315 333 338 367 347 367 366 398 388 358 394 352 374 408 396 403 420 419 400 436 429 415 421 423 451 451 443 446 455 446 452 471 443 460 449 432 470 429 426 461 462 465 469 465 463 475 451 476 475 479 445 484 487 481 488 481 474 476 483 485 488 483 489 490 487 485 487 481 477 489 488 479 481 474 484 477
248 235 211 222 232 275 234 293 278 304 314 299 277 315 334 321 277 321 291 316 279 322 350 307 352 366 373 332 359 391 360 386 373 356 378 358 375 409 374 382 390 395 425 408 395 448 434 438 413 430 435 461 419 464 439 429 427 456 465 467 465 423 470 465 453 474 484 450 478 462 470 481 473 479 478 485 488 468 479 473 481 475 476 487 482 479 490 491 490 486 487 486 483 482 484 482 481 489 466 476
237 254 222 262 232 234 246 268 290 298 273 276 239 304 301 273 305 301 307 339 287 345 351 298 318 340 320 363 325 361 393 365 374 365 374 376 398 369 370 387 398 426 398 395 418 385 422 427 450 424 437 457 439 412 414 442 419 451 446 456 466 431 454 469 475 455 478 473 451 458 461 470 484 466 463 451 485 469 467 471 469 478 479 488 475 472 466 483 486 485 481 481 490 489 473 480 470 479 478 476
199 195 249 253 228 235 251 297 256 251 278 242 257 238 277 283 284 294 291 308 299 302 309 295 350 304 352 303 352 355 364 370 365 374 355 413 355 433 399 415 386 391 436 413 425 413 430 404 438 415 392 433 413 471 424 448 424 440 426 422 437 426 452 444 450 455 451 471 485 459 466 473 451 466 455 479 477 480 476 474 478 486 483 476 475 486 468 480 482 479 483 478 471 476 483 477 468 473 475 476
232 219 213 256 238 216 249 229 244 228 270 260 198 260 293 309 264 247 308 311 327 283 323 338 333 352 329 377 374 353 301 392 339 365 356 371 369 443 396 414 356 385 402 424 418 393 421 424 405 386 439 429 408 419 419 474 418 438 435 455 463 467 441 461 438 454 471 443 469 471 483 485 459 473 462 475 483 468 466 476 473 470 476 469 469 486 469 474 477 485 474 478 480 486 484 469 477 483 476 464
205 211 226 229 194 240 239 229 237 277 229 252 272 255 316 241 293 298 242 274 315 304 336 330 328 337 316 362 339 362 338 383 369 343 364 362 341 355 379 378 400 398 381 395 400 414 422 437 410 453 441 403 424 424 454 422 450 430 437 431 406 433 464 389 418 461 442 484 436 447 469 467 462 465 478 475 463 477 465 466 455 469 479 477 465 479 480 462 472 458 479 477 477 480 472 483 484 466 473 477
186 203 218 257 212 259 203 194 270 232 248 239 243 267 260 265 241 268 282 309 306 275 315 333 285 301 321 337 364 294 324 311 389 348 317 367 364 369 406 362 325 397 388 408 395 380 395 387 386 402 418 397 447 407 420 427 449 425 419 437 446 431 454 421 453 446 441 453 449 460 459 457 475 467 441 484 445 480 468 474 464 475 472 477 466 475 474 477 473 473 487 488 477 478 465 477 480 474 460 472
192 199 206 179 201 224 194 225 236 206 251 219 242 247 290 282 312 258 309 281 262 284 279 321 316 272 342 310 361 330 329 365 336 301 347 377 369 409 425 365 369 396 394 379 397 371 379 406 403 358 423 422 403 405 423 390 415 418 448 446 458 412 450 456 464 412 462 448 434 452 469 454 431 470 447 449 471 462 473 470 465 459 455 476 472 458 461 467 450 475 474 475 481 471 466 461 470 475 451 463
162 172 196 206 219 204 214 229 216 237 239 231 223 232 247 264 211 304 266 227 256 325 289 320 279 300 316 271 318 307 358 333 318 351 341 352 321 385 337 370 392 356 375 400 407 392 407 426 419 361 411 420 368 405 430 429 426 433 445 423 419 431 434 433 440 421 448 444 470 460 449 432 444 450 453 455 466 461 447 440 462 453 461 466 464 454 461 466 459 462 460 428 460 475 470 450 463 461 470 468
186 166 157 222 202 188 181 230 186 219 204 236 223 242 241 231 252 254 257 264 268 279 320 283 266 295 313 320 294 318 314 342 327 314 359 316 361 366 356 337 341 342 391 380 319 372 374 380 395 408 391 416 395 439 397 410 416 411 427 428 418 430 457 433 419 429 441 438 441 451 452 440 452 446 427 441 448 429 442 459 462 447 428 441 460 446 459 442 462 461 450 454 458 458 460 458 460 451 455 458
