942 942 964 947 963 966 963 981 973 985 988 979 981 981 981 985 983 966 982 983 984 982 982 980 983 990 990 993 992 984 992 990 987 988 995 994 991 993 990 988 994 996 987 996 996 996 994 991 994 995 996 995 994 995 986 996 990 996 994 994 993 996 995 994 997 998 992 994 996 997 997 996 996 998 996 996 997 997 997 997 995 997 996 996 995 997 998 997 998 994 996 997 997 997 997 994 997 996 995 998
925 917 945 968 961 972 970 978 971 982 972 971 978 983 982 989 959 984 977 985 992 986 984 988 990 992 994 990 989 984 991 983 989 993 994 993 995 990 995 996 994 994 989 993 985 992 996 994 995 991 996 995 996 994 993 996 995 991 995 997 996 993 994 995 996 997 997 995 996 996 994 996 997 995 989 997 996 996 997 995 998 997 997 995 997 997 997 997 997 995 997 996 997 995 996 997 996 997 996 994
950 960 969 937 967 963 958 962 977 976 973 976 980 964 988 984 984 985 986 979 980 980 972 986 980 992 991 980 989 994 992 991 989 991 991 991 995 993 993 992 989 992 993 994 996 992 995 996 996 991 993 995 995 996 994 994 996 996 994 996 997 994 996 997 996 995 997 997 996 997 997 996 995 997 996 997 996 997 996 997 997 997 996 994 997 996 998 998 996 997 995 997 997 995 997 997 997 995 998 996
954 940 966 963 969 953 966 968 979 973 976 986 984 980 979 985 978 987 979 984 988 978 989 990 989 988 987 994 993 984 993 991 991 987 993 994 992 996 994 992 993 993 993 993 996 994 992 994 996 994 992 996 994 996 997 996 995 990 994 996 997 997 996 991 997 995 997 995 997 997 997 996 995 989 995 996 995 995 996 997 996 995 997 995 997 996 996 995 995 997 995 996 996 996 997 996 997 996 998 997
936 935 938 962 980 970 967 951 983 973 978 981 978 975 966 981 980 987 980 987 984 982 990 988 987 988 993 991 994 993 992 994 992 994 991 981 992 996 995 992 993 995 991 995 995 994 996 991 990 995 994 993 994 991 995 996 995 993 995 996 995 997 996 995 995 998 996 995 997 996 997 995 996 995 997 997 996 997 996 997 997 997 996 997 997 997 996 996 996 998 996 996 996 996 997 997 997 997 996 996
956 940 946 958 969 976 968 981 982 974 983 983 982 987 966 989 983 987 988 980 989 983 990 993 975 994 989 991 988 993 991 992 987 991 994 987 994 993 992 992 994 995 995 994 992 992 996 994 996 995 995 996 992 997 994 993 997 995 996 995 994 995 996 996 996 997 997 997 996 996 996 996 996 997 996 995 997 996 996 997 996 996 997 996 996 996 997 996 997 997 996 996 995 997 995 997 997 997 997 997
942 965 961 952 965 970 973 976 980 980 975 992 970 986 978 984 963 984 967 991 985 989 990 990 988 990 989 992 993 994 993 990 993 993 992 992 992 992 994 995 994 994 994 994 995 994 995 996 997 997 995 996 994 996 995 997 994 996 996 997 996 996 995 997 997 996 995 996 994 995 995 997 995 996 996 997 997 995 997 996 996 997 996 996 997 997 997 996 997 995 996 995 997 998 996 996 995 997 994 996
942 959 929 968 964 956 973 957 986 987 971 977 969 983 990 984 990 972 980 986 988 982 988 992 987 986 993 990 989 995 994 976 992 994 989 990 995 992 994 994 993 993 995 994 996 991 996 995 992 997 995 995 996 990 995 996 995 997 996 995 997 996 997 995 996 997 997 998 997 997 997 997 997 998 997 997 997 997 997 997 996 996 997 997 998 998 997 997 997 998 998 997 996 997 997 997 995 996 998 995
938 945 974 972 978 959 978 983 982 983 972 980 987 962 985 985 982 976 990 990 990 992 987 987 993 991 993 987 985 991 991 994 993 992 993 993 996 993 993 996 996 993 993 995 995 994 995 994 995 993 995 994 996 997 996 996 997 995 998 995 997 994 996 997 996 996 996 996 997 996 997 996 997 998 996 995 995 995 997 996 997 997 995 997 997 997 997 997 996 996 997 997 994 996 998 995 997 997 995 997
932 964 974 973 951 977 966 970 974 982 979 964 983 988 987 970 988 985 990 986 994 992 984 991 975 992 992 993 992 992 992 989 994 992 993 994 994 992 992 994 995 994 992 992 994 995 993 996 995 994 996 994 996 993 997 996 996 996 995 996 996 996 995 998 996 996 997 995 998 997 995 997 997 997 995 995 995 996 997 998 997 995 996 996 997 996 997 996 996 997 997 997 997 997 997 997 996 997 996 995
960 955 964 977 963 963 980 981 964 976 993 983 988 988 982 979 979 981 981 986 984 991 987 983 988 991 993 990 992 993 993 993 986 992 993 991 991 993 995 992 994 992 995 995 995 993 995 996 995 996 997 995 995 996 997 996 997 995 996 996 997 997 996 996 997 996 996 997 997 995 997 996 997 996 997 997 998 996 997 997 997 997 997 998 994 996 997 996 997 996 998 997 997 997 996 996 997 995 997 994
947 930 966 968 965 975 981 973 987 974 978 981 981 984 970 973 983 982 992 990 988 983 990 990 991 993 990 987 993 991 990 994 990 993 994 993 994 995 996 996 994 995 996 994 995 994 994 995 995 997 994 997 995 996 995 994 996 997 997 996 996 995 996 996 996 996 997 996 996 996 997 996 997 996 996 996 998 997 997 998 997 997 997 995 997 997 997 997 997 995 997 997 997 996 997 997 997 997 996 998
924 971 963 977 969 970 976 982 982 971 980 987 957 969 985 985 989 986 987 991 985 986 992 992 992 992 994 991 985 992 989 993 974 993 993 993 996 992 993 994 994 994 995 994 994 994 995 995 997 996 996 996 995 996 996 997 997 997 997 997 998 995 996 996 996 998 997 997 998 997 997 996 997 998 996 998 997 996 997 997 997 998 995 997 997 998 997 997 996 995 998 996 997 997 997 997 997 997 996 996
954 943 957 960 968 978 972 961 969 983 992 973 975 973 984 969 974 987 986 981 977 989 982 990 981 992 987 993 991 989 980 995 992 985 991 996 992 994 992 995 997 992 994 994 992 996 995 992 995 996 995 993 995 996 997 996 997 996 996 998 996 997 996 997 996 996 997 996 997 996 997 996 994 998 998 996 997 997 998 996 996 997 996 997 997 997 997 996 997 998 996 997 997 998 997 996 998 997 996 996
967 958 957 966 968 973 970 977 963 979 964 977 982 974 988 980 972 985 982 983 967 991 979 987 993 985 989 994 995 992 992 992 991 990 993 993 993 991 993 996 988 994 994 995 991 995 994 996 993 994 997 990 995 995 996 995 996 995 996 996 997 998 997 995 996 997 997 997 997 996 996 996 997 996 996 997 996 997 997 997 997 997 996 996 997 996 997 996 997 996 997 998 997 997 997 997 997 996 995 998
934 950 969 973 965 974 966 972 933 986 952 983 955 987 976 989 979 984 987 989 985 985 987 990 985 987 989 991 971 978 995 992 995 988 994 995 992 995 996 996 993 993 994 993 995 996 990 996 997 993 995 991 993 997 996 995 994 996 997 998 995 996 996 997 997 998 998 997 997 997 996 996 997 997 997 997 997 995 997 997 997 997 997 997 997 998 996 997 997 997 995 996 997 997 997 997 996 996 995 997
929 953 936 963 944 967 981 988 958 982 981 984 980 975 979 984 989 984 990 989 992 979 986 988 994 989 991 988 990 992 994 992 992 993 989 991 992 993 995 994 992 994 992 995 993 995 993 996 995 995 995 995 996 994 995 995 996 996 994 996 996 996 995 996 997 996 996 997 996 996 997 996 997 998 996 997 996 998 997 997 996 997 996 997 996 998 996 997 997 998 997 997 998 997 997 997 996 996 995 997
945 931 922 948 968 951 951 960 967 951 941 949 966 982 983 962 982 983 990 992 990 992 990 992 981 991 991 989 992 993 983 993 975 993 988 993 988 995 993 996 994 994 997 996 993 996 993 996 992 995 996 995 994 995 997 997 997 997 996 996 997 997 996 994 996 997 996 996 996 996 997 997 997 996 997 997 996 996 996 997 997 996 997 997 997 997 995 996 995 996 993 997 996 996 997 997 997 997 997 998
935 929 935 944 939 951 983 976 952 965 923 972 965 957 971 985 986 985 971 977 987 988 991 975 989 990 989 992 991 994 993 995 994 989 988 993 992 992 992 986 994 993 995 991 995 995 996 998 995 992 995 995 996 995 996 994 996 996 996 995 996 996 997 996 997 995 996 997 997 996 997 998 996 997 997 997 997 997 997 997 997 997 997 997 997 996 998 997 997 996 998 996 997 997 997 996 996 996 996 997
916 923 963 974 958 940 961 983 958 972 984 934 970 984 964 984 972 975 974 979 978 976 991 983 974 983 991 989 996 986 993 993 993 991 991 994 991 996 993 993 994 994 994 996 996 994 995 995 990 997 994 997 996 997 996 996 996 995 996 996 997 996 995 995 996 995 996 997 996 997 997 996 998 997 997 998 997 996 996 997 997 995 997 997 997 997 998 997 997 997 998 997 996 997 997 996 997 995 996 997
908 902 957 949 973 959 914 975 967 975 975 976 982 971 976 982 985 967 973 987 977 993 992 980 988 972 985 969 980 991 983 990 992 993 994 975 994 989 989 994 992 992 990 994 992 995 995 995 995 996 994 983 993 997 996 996 995 997 995 997 996 995 997 996 997 996 996 996 996 997 996 996 997 997 997 996 997 998 996 997 996 997 996 996 996 997 997 997 996 997 997 998 998 995 996 997 997 997 997 997
943 941 936 950 953 983 971 952 958 971 974 974 969 977 951 976 990 979 976 975 982 987 984 989 981 992 982 991 991 994 991 990 992 993 993 989 992 994 992 994 992 995 996 996 994 994 993 994 995 994 997 994 996 995 991 996 997 995 997 995 996 996 997 997 997 996 996 998 996 998 997 996 996 997 997 996 996 997 997 998 996 996 997 998 997 997 997 997 996 998 997 997 996 996 997 997 997 996 997 999
926 923 950 960 938 961 945 960 957 967 983 985 977 980 964 981 988 981 986 938 972 988 986 982 982 990 977 992 991 988 990 993 995 993 990 992 994 993 990 992 989 992 997 995 994 996 995 994 994 996 996 995 995 996 995 995 997 997 997 997 996 992 997 994 997 996 997 996 997 995 997 996 996 996 996 995 997 997 998 997 996 996 997 997 997 997 996 997 996 997 997 997 997 997 997 996 998 997 997 998
952 899 939 934 972 944 949 946 948 971 965 957 970 979 973 971 983 990 971 979 979 989 989 991 981 980 993 989 991 984 991 994 989 991 992 989 992 995 979 994 991 997 985 995 995 981 987 994 988 995 997 994 993 996 995 995 996 990 997 995 994 996 997 996 997 996 998 997 994 997 996 995 998 997 997 997 998 996 998 997 997 996 997 996 997 997 997 997 996 996 998 997 997 997 996 995 995 997 997 998
891 955 920 948 958 938 946 965 977 960 979 976 921 944 977 985 967 985 972 984 990 968 987 969 983 988 987 993 991 987 976 992 991 993 990 985 993 989 994 992 994 992 995 984 994 997 995 983 991 995 994 997 996 996 996 994 994 997 996 996 995 997 996 997 995 997 996 998 997 997 996 997 997 997 997 996 998 997 997 996 995 996 997 996 998 996 997 997 996 997 997 996 997 997 995 996 996 996 996 997
885 911 983 952 949 977 949 959 950 974 972 974 979 945 969 985 980 992 975 987 975 979 993 977 990 979 988 973 985 989 991 991 993 984 987 994 994 981 994 993 995 992 993 995 996 993 995 995 994 989 996 993 995 995 996 995 996 995 997 995 996 995 997 994 995 995 997 995 995 996 997 997 995 997 995 996 996 997 998 996 996 996 996 997 996 998 994 997 997 998 996 996 997 996 996 996 998 997 996 996
947 925 925 896 948 946 910 924 944 977 970 971 975 949 984 965 952 978 976 984 988 980 990 986 972 988 964 985 987 981 989 992 987 994 992 994 977 993 991 985 993 993 994 992 996 992 995 996 995 992 990 994 995 996 995 996 996 994 996 996 994 997 996 995 997 997 991 997 997 997 996 995 996 997 996 996 997 997 996 997 997 997 996 997 997 996 997 995 997 995 996 997 996 996 996 996 996 996 996 996
915 924 969 940 919 941 942 934 960 964 961 973 955 952 976 962 985 977 967 979 983 977 983 990 993 972 967 982 991 990 965 969 995 987 992 994 984 993 992 994 989 996 996 995 993 995 992 996 995 995 995 997 996 996 997 996 996 995 996 996 995 997 993 997 996 996 997 996 997 996 996 996 997 997 996 996 996 997 996 996 997 996 997 997 997 998 997 997 997 996 996 997 996 998 996 995 996 997 997 995
895 903 922 953 929 925 946 976 941 957 960 968 977 950 972 984 973 978 958 985 981 985 974 987 991 992 986 985 973 975 989 981 991 995 989 994 995 985 989 993 993 991 995 991 995 993 993 995 995 995 996 998 997 989 996 995 995 995 995 997 996 996 995 996 997 997 996 995 998 996 996 995 996 994 996 996 997 995 998 997 997 996 996 997 995 997 997 997 997 997 997 997 996 995 996 996 996 997 995 995
916 934 943 925 919 886 951 951 947 971 977 970 946 979 974 974 972 974 981 983 974 982 984 985 987 955 979 978 989 994 981 992 978 988 986 993 991 989 991 987 995 993 994 988 993 993 992 986 996 996 994 994 994 995 996 997 997 994 996 992 993 997 997 996 995 996 995 997 996 996 997 996 996 996 996 997 996 998 995 997 996 997 997 998 996 998 998 997 996 996 996 997 997 997 996 996 995 997 996 996
944 920 905 922 958 930 940 924 961 954 946 960 956 970 982 990 961 963 981 977 968 978 969 989 976 951 984 987 987 979 989 975 989 990 986 992 984 993 993 987 990 992 996 995 994 995 996 988 994 996 993 993 995 996 994 995 995 995 996 993 996 997 996 994 997 997 997 997 994 997 997 996 994 997 996 996 996 996 996 998 997 997 996 996 995 997 997 997 996 994 997 997 996 996 997 997 996 996 996 997
916 905 925 933 936 965 956 957 985 955 956 967 963 949 974 960 968 948 961 981 977 975 974 973 988 984 991 982 987 987 989 987 990 978 983 991 988 993 993 994 994 986 991 995 993 992 996 996 995 988 996 996 996 993 996 996 995 996 996 988 996 995 995 996 997 996 996 996 998 996 997 997 997 996 996 997 997 997 996 996 996 996 997 997 997 996 996 998 996 996 998 997 996 997 996 997 997 997 996 998
922 923 942 964 956 943 980 931 960 944 957 966 946 955 944 986 955 943 958 968 980 973 974 961 981 969 985 972 988 989 979 975 978 976 983 992 989 995 992 986 995 993 991 994 995 994 994 987 994 991 992 996 996 996 996 995 995 997 996 996 997 995 998 995 997 996 995 996 997 996 995 998 997 997 997 996 996 996 997 997 997 995 997 996 997 997 997 996 997 996 997 997 996 996 991 996 996 997 997 997
916 910 885 913 893 928 968 929 922 942 898 962 979 967 984 954 952 934 960 947 959 975 993 974 972 990 987 986 988 965 991 994 988 983 985 975 996 991 995 993 988 984 989 993 995 991 992 992 992 995 994 996 993 996 994 995 993 995 994 995 996 994 996 991 997 997 995 996 997 996 996 997 997 998 997 997 997 997 997 997 997 997 996 997 995 997 997 996 997 995 996 996 997 995 997 998 997 996 995 997
935 948 909 914 918 930 943 927 967 964 945 932 980 948 959 948 953 954 967 943 974 976 975 943 964 975 975 990 988 971 994 988 970 990 983 970 984 988 992 994 975 994 992 991 991 990 996 995 990 989 994 989 994 995 995 997 996 995 994 990 994 997 996 997 998 996 996 996 996 996 996 998 996 994 997 997 997 996 997 996 996 995 996 996 995 997 996 997 995 997 997 996 997 997 998 997 995 998 995 994
915 893 933 920 933 946 951 933 901 941 935 968 947 972 934 927 939 967 987 971 949 976 977 971 975 987 940 981 981 963 988 979 988 964 994 991 989 985 986 991 994 992 991 991 979 991 993 995 996 993 997 986 991 993 996 996 992 994 996 996 996 994 995 995 996 996 996 997 995 995 995 995 995 997 998 996 997 996 996 996 997 997 996 996 996 998 997 998 996 997 996 996 996 997 995 997 997 995 996 995
907 908 906 892 901 888 893 957 967 971 946 934 935 937 948 950 969 976 975 973 983 949 966 963 987 966 974 996 960 979 980 956 969 977 990 986 994 971 969 988 989 986 994 981 994 994 991 992 992 988 996 995 993 995 994 996 996 995 995 996 996 995 996 995 995 994 995 997 996 995 996 997 996 995 992 997 996 995 997 996 995 996 997 996 997 996 997 996 995 997 996 998 993 995 996 995 995 997 995 994
864 869 919 935 876 931 942 940 976 934 934 966 951 920 965 948 957 939 954 934 928 937 982 955 976 969 957 964 985 983 980 978 963 986 991 976 991 982 984 991 993 986 995 991 982 991 979 985 987 992 981 995 991 978 995 994 996 996 992 982 978 994 997 997 997 996 996 996 995 997 996 996 993 996 996 995 997 997 997 997 996 997 996 997 997 996 995 997 995 997 995 997 996 996 995 996 997 997 996 997
911 878 899 914 898 881 945 939 939 960 890 963 945 941 976 967 989 968 954 927 975 978 963 972 962 981 988 971 977 964 948 978 984 992 989 989 974 983 975 993 977 975 993 995 990 987 994 995 994 989 993 995 995 992 991 994 994 992 996 992 996 996 992 996 995 994 996 996 998 995 996 997 998 995 996 995 997 996 996 996 996 997 996 997 996 993 998 996 997 996 996 996 996 995 996 997 995 996 995 995
932 862 918 961 921 929 923 937 894 925 900 950 974 944 970 928 938 978 954 952 969 891 964 957 963 972 953 983 971 972 976 960 970 977 957 987 994 989 968 970 980 988 992 992 990 980 994 986 993 994 995 993 994 993 997 992 996 995 996 993 993 996 993 996 996 998 997 993 997 996 997 994 996 996 996 996 996 995 995 996 996 996 995 995 996 997 995 997 996 996 994 996 993 995 996 997 996 997 996 995
868 912 924 912 900 918 920 951 931 900 904 907 917 953 946 913 928 953 981 962 982 944 988 944 957 930 949 948 949 964 986 990 976 976 992 986 990 988 989 989 974 995 981 992 992 992 995 989 995 976 994 995 992 996 995 995 995 994 990 994 995 997 995 996 996 995 997 996 996 993 996 996 996 998 996 998 994 996 994 997 997 995 996 996 997 995 996 995 995 996 993 996 995 995 995 997 995 995 991 997
864 888 851 866 874 840 919 895 900 931 943 959 919 928 940 928 966 970 924 899 926 978 959 967 988 936 952 936 984 961 933 964 953 975 970 992 984 967 986 990 984 995 986 988 971 983 993 991 995 994 991 995 982 976 995 997 991 989 990 996 996 994 997 995 996 994 996 996 995 996 996 997 997 996 996 994 997 995 998 995 996 997 996 996 996 996 996 996 996 997 997 995 997 996 997 996 995 996 995 996
846 895 902 932 913 938 921 902 940 926 886 938 942 922 937 952 958 912 927 972 969 962 987 981 977 963 978 985 965 962 983 981 990 960 977 973 961 970 994 981 984 978 990 986 989 989 995 994 990 995 993 986 995 995 994 992 993 996 992 996 996 997 995 994 993 996 995 996 996 998 994 995 997 993 997 995 997 996 994 994 996 997 995 996 997 995 996 997 995 997 994 996 996 993 996 997 996 995 997 996
868 852 878 858 914 933 883 903 904 915 921 903 952 950 960 939 901 939 913 960 951 978 927 964 987 984 976 949 965 976 987 975 977 978 984 980 988 981 993 966 970 988 959 988 986 990 993 994 987 985 989 978 980 993 989 994 994 995 988 997 994 974 992 995 997 994 995 995 996 997 996 996 995 995 997 997 997 996 996 995 997 996 995 997 995 995 996 997 995 996 996 994 995 994 996 996 994 993 996 996
841 899 894 863 922 926 913 875 926 916 912 870 932 921 874 943 960 960 936 968 961 936 922 978 944 965 971 978 959 978 964 986 986 992 981 954 983 953 983 978 984 993 989 995 985 990 993 993 996 992 988 996 995 994 977 996 996 994 996 992 980 993 995 996 996 995 994 997 996 997 995 994 995 996 995 992 994 996 997 997 996 996 995 996 997 997 995 995 996 997 994 995 995 995 995 995 994 996 996 995
851 810 812 823 897 935 885 882 941 875 909 925 952 962 931 917 935 944 973 949 937 956 929 975 990 966 972 946 966 967 993 992 984 964 971 993 991 992 977 972 992 995 979 972 987 986 984 997 991 993 983 993 995 981 988 982 994 995 992 992 995 994 990 992 994 990 994 996 996 993 995 996 995 995 997 997 993 996 997 996 995 995 996 997 996 995 997 996 994 996 996 997 996 995 995 993 995 996 995 995
855 861 896 900 901 940 888 888 909 883 890 911 903 911 912 963 943 944 911 963 935 937 979 945 950 987 972 949 911 984 960 959 953 987 957 985 977 984 981 994 954 975 984 986 984 988 977 990 992 994 992 970 994 983 994 989 982 986 994 992 994 995 988 993 996 991 994 997 995 994 990 996 995 995 996 996 991 995 997 995 996 994 996 996 995 997 996 996 996 995 996 996 994 995 995 996 994 996 994 993
874 849 831 911 870 885 826 917 885 862 953 895 939 880 873 931 917 945 931 900 971 919 990 967 970 958 970 952 944 973 966 986 970 969 944 992 975 980 965 986 979 991 990 980 992 992 987 985 989 990 994 977 982 992 991 995 995 993 995 988 994 997 994 995 993 993 993 994 988 996 996 995 996 997 995 996 996 994 997 994 993 995 995 996 995 995 995 995 996 995 996 995 996 996 996 996 994 997 997 995
835 846 874 832 848 859 903 847 855 902 905 924 936 878 884 893 956 913 980 931 949 969 889 950 951 957 977 966 958 975 985 956 974 989 971 990 982 983 965 987 968 986 988 984 993 986 984 978 981 994 992 987 993 993 994 995 986 988 994 993 997 989 994 994 996 996 994 996 993 996 993 993 994 995 994 998 993 997 996 996 997 997 996 992 996 996 996 996 995 996 997 997 995 996 996 994 992 993 996 996
852 792 778 889 868 895 861 888 839 864 843 893 940 932 927 963 922 856 941 926 960 956 943 961 962 954 913 958 960 951 966 950 964 935 970 947 987 978 958 993 967 981 982 985 980 988 992 993 984 990 992 995 994 993 995 996 988 993 995 992 995 985 984 995 995 994 995 993 993 995 987 995 994 994 994 995 995 995 996 996 995 996 996 995 994 997 995 996 994 997 994 997 996 994 984 996 996 995 994 995
830 784 822 860 824 844 884 923 890 919 876 873 901 939 884 915 960 910 940 926 944 939 918 945 932 951 957 971 944 971 969 979 986 976 917 986 991 959 980 967 955 995 954 979 987 989 992 991 994 994 990 986 991 991 994 980 991 989 993 995 994 996 993 994 994 981 989 993 994 996 994 996 997 996 994 995 994 995 994 995 995 995 995 993 995 996 997 996 995 995 994 994 994 995 994 997 987 995 993 995
858 902 867 802 821 802 914 881 854 905 864 900 954 880 892 915 929 942 928 894 923 930 931 944 957 970 952 933 988 959 960 987 979 979 980 964 970 957 974 964 976 947 988 980 979 977 981 989 972 992 991 993 980 989 973 992 976 984 987 996 992 993 995 993 994 975 991 992 997 995 993 994 995 994 996 995 995 997 985 995 994 995 997 995 997 996 995 995 997 996 995 996 993 994 996 994 990 995 996 995
817 876 795 824 839 883 899 800 887 881 899 933 882 892 917 922 900 867 915 961 868 915 980 974 927 958 976 947 961 948 942 960 945 948 967 980 971 952 985 967 976 969 974 973 979 988 972 971 989 992 989 992 977 988 974 991 992 991 989 992 996 996 995 994 991 994 993 991 994 992 996 980 992 979 995 988 996 995 993 995 996 994 996 996 996 996 995 996 991 996 996 993 995 994 994 992 996 986 994 996
807 859 794 842 872 843 806 924 859 830 880 868 859 893 921 872 898 935 933 910 949 949 955 966 923 950 948 953 966 959 939 947 944 961 965 963 966 966 979 964 943 977 993 954 988 988 987 991 995 983 954 994 993 992 979 995 971 994 993 976 994 969 994 988 994 994 993 993 991 994 996 994 987 994 976 995 995 994 993 996 997 994 997 992 996 996 996 993 995 994 994 996 994 994 992 996 996 992 994 976
838 796 752 875 868 806 829 779 849 824 869 883 847 865 832 920 901 915 909 931 872 942 901 950 950 921 967 944 932 955 953 970 982 952 966 978 981 973 968 966 956 978 979 967 972 951 970 975 974 964 987 975 981 992 990 984 993 974 976 991 992 994 972 995 991 992 991 991 997 992 994 993 978 994 993 995 993 980 994 994 992 995 991 994 994 994 992 995 996 994 995 995 993 996 994 994 993 995 993 994
886 803 776 870 816 829 845 852 877 876 838 888 875 941 864 923 948 909 887 938 943 945 947 950 943 940 956 935 960 921 942 961 958 958 983 964 948 974 980 944 980 993 975 969 982 969 993 988 972 971 992 992 958 988 983 985 978 992 992 988 985 993 990 993 986 991 985 988 973 993 994 995 986 994 989 992 995 994 992 993 993 995 995 996 994 996 994 994 995 995 994 991 994 994 992 995 995 994 994 996
782 732 759 841 763 842 862 843 815 881 878 839 876 845 934 900 938 843 878 942 955 884 888 931 933 883 938 931 945 922 947 926 934 949 952 979 942 965 975 980 974 972 972 971 983 978 980 973 963 993 987 979 989 986 986 994 974 996 989 994 989 993 995 991 980 995 991 992 994 996 990 996 994 994 994 994 994 994 993 995 993 996 995 992 992 990 994 995 995 994 994 997 994 991 991 992 992 992 994 990
758 768 788 832 832 815 782 851 843 836 864 828 852 879 930 880 917 893 895 917 901 953 898 917 900 968 946 929 918 959 899 965 976 953 972 970 954 971 982 961 973 979 965 982 985 965 984 989 974 988 963 982 984 990 994 991 966 991 994 991 987 993 974 992 990 997 995 991 985 979 993 995 994 993 994 994 992 992 994 993 995 994 990 995 996 996 994 995 995 993 993 993 995 994 993 993 994 993 994 992
808 755 739 798 832 753 855 838 833 794 895 871 872 871 888 826 881 916 917 877 914 918 857 898 910 925 935 954 961 933 908 942 945 966 966 914 924 965 941 967 987 973 961 977 961 953 983 969 952 981 988 958 959 974 986 971 989 988 995 967 991 995 994 987 992 996 990 993 996 992 995 992 994 993 993 990 992 994 994 995 994 996 992 995 991 995 995 995 993 995 995 994 994 994 991 993 992 994 993 996
729 770 815 816 840 849 854 848 878 863 858 873 848 818 877 840 875 922 915 867 935 918 882 887 918 919 959 900 910 955 884 959 940 949 930 967 980 986 969 965 973 971 992 969 972 975 961 962 971 971 966 984 995 989 989 981 966 984 973 989 992 989 979 975 993 994 995 987 994 992 988 971 990 989 988 995 993 996 991 995 994 995 992 994 992 994 996 995 983 990 992 994 992 994 993 991 992 994 992 993
759 750 806 750 764 807 770 828 851 867 862 873 881 889 884 834 864 888 936 919 918 929 824 938 960 911 928 904 902 899 881 948 949 945 981 923 960 956 954 955 966 961 983 968 962 957 961 942 966 989 978 948 993 989 995 984 992 961 977 984 991 993 990 962 986 989 993 996 992 993 994 992 992 994 995 980 996 994 989 995 994 996 988 994 992 992 995 995 995 990 991 988 996 995 995 995 989 994 989 993
749 716 782 785 766 772 750 832 878 859 864 781 917 893 880 835 881 871 879 876 921 887 914 922 883 880 984 936 958 988 936 904 930 971 921 932 949 943 986 957 950 932 981 970 974 963 978 986 975 971 987 961 978 969 954 979 979 992 965 993 994 995 994 987 993 983 992 994 992 993 987 983 993 981 993 995 994 996 994 991 994 990 990 995 986 992 994 993 995 995 993 996 994 994 991 996 996 992 975 994
716 739 702 832 745 783 732 767 769 827 804 870 870 807 852 896 813 866 852 887 908 849 860 956 904 913 885 934 890 916 917 947 938 902 924 981 960 968 980 942 985 959 983 966 928 928 969 986 976 985 944 973 978 976 943 987 982 970 975 989 993 991 960 994 993 988 989 994 992 991 994 992 992 989 993 990 992 993 971 990 990 993 991 996 991 995 994 994 992 990 994 995 996 993 994 987 995 986 986 991
630 722 806 804 750 813 741 840 865 794 840 814 879 782 846 892 872 901 837 905 883 908 905 831 898 935 889 861 958 943 903 952 955 931 920 966 977 959 949 943 944 946 972 941 957 983 962 966 975 988 954 977 971 978 989 962 989 989 952 989 967 991 971 965 987 986 993 971 990 995 994 993 991 994 986 988 986 992 995 994 996 995 993 995 991 992 991 992 996 992 995 991 990 992 990 994 994 993 992 994
811 733 681 783 727 816 833 861 755 823 830 847 832 851 868 821 822 849 836 860 857 873 876 923 897 914 929 915 914 965 899 964 966 937 941 963 921 956 950 943 934 926 952 931 962 962 958 990 979 972 970 986 964 968 990 987 991 967 975 986 989 981 991 988 992 990 991 974 979 989 983 994 976 992 971 991 993 990 991 994 972 994 992 992 993 994 997 993 994 994 995 995 994 995 994 987 993 993 993 993
625 721 712 656 758 776 704 789 809 831 788 818 898 823 852 835 944 880 893 836 883 841 886 851 932 895 886 961 856 902 898 885 917 920 958 967 922 942 941 961 952 928 971 959 986 922 978 960 965 986 966 988 983 987 952 972 992 948 980 966 986 977 976 970 992 994 982 990 988 982 990 990 990 989 985 989 994 992 995 994 991 995 993 994 994 993 991 995 994 994 993 995 988 992 988 994 984 989 991 994
708 822 706 761 785 769 716 699 834 732 778 747 828 802 823 821 865 849 856 901 887 919 840 880 946 863 845 886 915 925 915 928 940 922 924 899 953 927 966 950 974 941 986 954 971 955 982 973 983 976 970 988 973 967 989 960 985 987 988 990 992 978 992 989 991 994 991 992 982 985 983 991 988 988 995 993 990 989 991 992 993 992 996 995 992 992 994 994 992 989 995 992 996 992 988 994 991 993 985 986
679 582 647 664 737 671 689 743 790 842 768 814 747 799 844 806 838 773 861 905 853 819 839 882 860 926 865 910 867 878 893 907 916 944 913 945 935 950 935 916 963 973 927 972 953 966 972 956 936 981 991 970 965 959 989 970 990 983 974 970 971 991 982 994 992 994 970 989 986 979 979 989 986 987 993 990 974 988 994 987 992 989 984 991 992 989 992 993 993 992 992 995 992 993 991 990 990 995 995 992
724 628 732 699 689 753 714 810 664 712 812 831 826 760 854 806 843 807 769 822 888 893 860 903 837 849 903 894 907 915 876 879 926 920 952 949 918 928 900 949 935 921 948 968 983 953 966 945 963 920 956 986 982 967 958 987 983 964 985 963 978 988 988 975 989 990 989 985 980 992 990 988 978 981 993 991 994 990 990 991 995 992 991 991 993 992 993 995 988 989 991 992 990 992 995 993 993 987 994 994
702 775 625 779 695 728 672 769 719 763 724 867 814 765 712 838 786 808 840 790 836 866 876 874 847 859 862 920 935 914 880 893 927 886 897 901 918 863 947 924 954 958 911 958 926 941 968 956 969 980 971 941 954 958 957 966 971 990 958 986 989 964 982 994 991 984 995 980 991 994 981 960 993 988 995 976 975 975 994 986 995 988 987 988 989 994 991 991 990 993 990 991 992 989 995 992 991 993 979 986
670 763 577 697 644 694 765 685 746 763 729 762 688 816 809 744 881 759 887 808 851 895 921 887 840 815 883 933 871 906 871 961 842 942 914 925 960 866 926 948 960 942 925 973 932 984 981 924 961 955 974 980 981 981 988 976 958 973 971 973 982 972 975 991 986 975 982 980 981 970 973 989 993 991 985 991 985 983 994 994 989 993 975 995 991 993 989 995 991 990 991 994 992 990 991 990 990 992 985 989
597 743 653 592 760 690 687 704 755 773 688 858 774 749 782 810 754 745 843 748 833 810 833 880 880 905 923 904 857 868 931 904 891 900 923 895 894 905 896 945 929 908 936 931 938 965 953 977 974 938 958 976 934 961 953 956 987 974 985 952 980 967 985 980 989 985 962 985 990 960 987 993 978 992 985 991 972 991 988 988 993 991 993 988 993 991 990 990 993 991 989 993 986 986 987 991 987 988 992 985
663 729 655 671 682 685 742 636 769 704 801 815 825 839 743 827 699 805 850 806 838 786 786 877 820 868 839 845 930 897 907 894 915 869 872 934 839 904 928 926 888 944 960 887 936 956 906 932 939 983 985 952 958 987 967 952 959 957 964 972 968 980 971 991 993 982 973 978 977 972 975 985 990 990 977 990 990 986 989 995 992 984 991 992 994 992 988 978 994 996 993 993 992 980 992 995 992 984 989 991
610 508 716 633 608 724 778 729 734 680 761 770 783 751 863 843 807 701 801 658 873 820 851 770 851 833 881 844 855 890 894 930 920 920 915 927 918 886 938 928 896 924 917 900 930 952 941 955 959 957 933 941 939 963 942 956 963 973 976 977 971 979 986 978 989 986 988 986 973 990 976 979 960 988 993 990 974 981 991 989 991 990 990 986 990 988 991 980 992 992 992 989 991 993 992 987 988 990 993 990
631 620 598 643 594 743 764 714 668 624 701 748 744 733 804 843 796 756 760 776 860 809 880 823 814 826 893 898 848 875 840 919 826 880 901 907 835 932 929 942 881 924 937 926 965 971 944 965 927 920 967 962 980 961 970 956 969 918 985 948 986 958 989 985 968 972 969 986 985 984 970 982 985 991 986 994 985 989 988 988 981 994 982 986 992 987 992 990 994 989 991 993 986 994 986 987 987 988 982 991
666 513 643 650 624 671 768 778 695 723 744 718 768 769 716 731 731 712 772 761 825 807 864 749 905 837 881 882 876 830 882 918 889 878 879 909 893 917 902 894 897 943 900 938 907 937 963 936 946 904 897 959 960 986 965 961 939 948 956 954 942 958 961 990 984 968 988 979 974 975 980 976 985 987 983 982 980 978 970 983 991 988 967 976 990 988 993 982 986 989 992 992 987 992 989 989 985 986 985 988
619 671 683 690 684 671 628 660 676 743 729 665 716 746 751 714 806 782 856 811 778 807 823 777 902 786 885 944 769 815 852 882 920 864 921 838 883 852 912 925 945 922 933 910 924 932 920 945 946 972 942 935 911 956 975 978 960 922 948 906 965 964 956 939 983 953 964 975 982 984 970 992 966 971 977 991 982 980 983 972 986 990 969 991 990 988 987 990 987 985 990 986 985 985 986 991 988 988 990 989
641 674 559 662 654 662 754 645 698 721 659 794 758 666 729 718 796 720 767 781 822 789 784 788 870 894 803 771 865 777 854 898 897 906 898 855 901 874 889 889 904 888 913 928 933 961 976 914 914 981 958 972 971 906 944 927 924 962 913 967 963 940 975 962 979 976 976 979 986 954 973 959 966 968 987 969 970 989 985 992 986 981 974 989 989 972 988 987 986 990 989 991 988 984 978 991 988 989 976 978
511 636 688 577 592 641 628 735 613 623 651 716 626 764 740 728 690 728 770 676 781 741 823 775 766 867 835 855 902 872 819 855 905 904 840 841 783 886 882 880 918 932 901 913 965 919 972 946 928 931 912 908 931 962 939 922 954 969 941 948 955 963 963 975 971 952 964 984 931 989 989 962 969 962 991 986 984 990 991 989 982 985 990 982 976 993 985 989 990 992 981 991 985 965 991 980 969 987 989 984
536 527 559 621 594 630 660 666 734 663 681 716 685 671 746 801 719 780 722 696 857 806 787 816 752 782 825 837 850 853 806 892 856 874 851 818 921 853 825 825 900 921 889 926 943 894 925 940 924 947 936 881 959 958 924 947 972 919 985 930 945 968 985 977 943 969 960 965 984 974 987 981 982 970 974 979 990 991 986 977 982 971 977 977 974 990 986 981 993 986 985 971 985 988 990 984 988 981 985 987
606 583 641 573 611 650 595 622 694 656 609 748 749 699 685 746 713 709 697 686 723 785 789 729 789 807 849 751 807 836 894 849 914 845 828 906 893 851 891 864 856 909 921 900 863 886 929 948 939 963 969 919 939 944 966 942 978 928 952 926 965 948 955 988 960 967 971 970 990 979 977 982 974 968 977 985 979 989 979 986 991 985 990 991 987 981 988 991 986 979 986 986 989 987 987 987 980 986 990 981
455 623 534 627 662 544 664 670 681 704 667 612 727 677 696 751 756 787 628 755 732 700 786 746 804 741 839 845 851 817 775 908 877 894 813 842 875 837 943 839 930 865 897 910 911 898 874 934 883 937 954 916 922 977 943 930 933 939 967 939 977 959 946 954 968 969 971 984 966 954 984 971 980 940 962 988 968 962 985 992 963 976 963 983 968 982 988 990 981 982 978 992 983 990 988 987 978 987 988 989
564 637 528 571 638 607 576 573 627 660 586 724 652 659 691 721 736 744 680 739 692 756 724 805 797 810 731 771 810 889 874 815 818 813 831 869 910 845 919 863 881 912 887 863 884 922 953 938 908 960 904 912 936 939 944 956 973 961 959 936 943 957 928 967 970 960 973 963 974 951 952 983 981 987 980 983 973 989 972 985 982 988 965 985 986 982 983 984 988 991 959 987 990 966 987 986 977 986 985 987
526 504 543 616 586 519 590 614 575 605 589 634 672 622 724 701 652 686 717 783 745 781 747 765 711 718 708 793 836 823 798 807 787 876 841 859 859 874 887 893 873 858 856 890 826 931 917 884 919 920 937 941 960 953 943 957 958 987 963 957 954 913 961 928 941 950 984 979 943 947 986 971 975 947 985 976 977 982 980 948 965 983 985 986 983 978 988 986 976 988 985 981 974 987 974 983 989 979 989 974
507 515 554 611 646 630 525 586 546 605 669 673 543 667 675 654 741 620 690 744 649 720 804 806 782 759 798 714 746 765 799 784 767 830 788 891 779 872 788 830 907 876 882 865 880 880 858 922 888 922 907 932 965 938 918 946 882 953 910 911 948 912 962 928 981 963 966 961 980 969 989 952 978 961 940 980 987 966 990 985 954 978 979 983 987 972 978 985 990 980 986 981 991 988 986 980 975 980 982 990
552 475 558 534 587 575 575 619 634 572 591 596 702 596 683 599 664 632 754 656 683 754 773 689 813 755 772 795 731 835 795 846 852 776 795 797 822 852 822 877 879 873 887 903 946 859 869 929 908 916 927 913 887 937 937 956 936 928 937 950 904 931 965 964 979 963 970 985 978 941 979 973 983 984 968 987 975 973 982 981 976 975 975 984 990 975 980 980 977 966 981 982 981 991 982 981 987 962 969 983
440 527 494 589 500 543 495 552 572 538 593 547 632 566 743 645 615 678 664 673 686 728 711 795 706 831 758 754 767 755 769 853 881 773 842 840 834 868 863 875 814 856 864 874 906 849 929 884 918 941 952 921 942 874 940 947 909 937 897 933 894 970 939 930 971 959 949 909 967 971 979 936 980 950 960 954 967 932 980 978 974 990 975 984 969 978 981 984 985 976 983 983 981 988 966 975 978 984 985 983
467 567 434 434 567 585 511 531 570 583 582 520 627 667 612 452 685 601 676 696 721 653 779 732 697 704 760 740 829 743 686 894 684 804 811 738 840 833 746 884 878 859 900 933 870 847 939 938 942 923 893 908 945 943 908 930 923 901 937 879 963 911 959 960 957 945 936 957 909 976 967 973 973 971 968 968 973 966 987 986 982 974 973 973 984 992 970 989 986 976 982 976 990 960 985 974 975 982 983 987
411 426 476 355 500 433 515 546 570 547 636 622 510 707 661 682 674 667 696 675 661 623 801 804 708 775 763 758 823 756 724 704 908 805 819 756 875 850 848 854 921 838 884 909 890 875 921 888 857 851 940 974 921 923 910 962 913 937 931 858 916 925 949 960 971 926 943 965 980 967 974 975 955 982 961 971 973 963 971 981 967 963 989 969 977 959 993 951 976 990 987 964 985 976 979 986 985 984 972 975
458 485 527 576 480 570 425 544 561 526 458 538 596 552 625 652 688 627 671 612 656 731 721 677 748 808 681 697 802 750 814 781 732 770 828 806 832 896 793 873 872 856 851 880 895 881 864 929 882 952 801 909 876 919 921 956 919 879 951 966 935 914 944 947 975 912 936 975 966 948 969 972 960 969 950 972 978 965 964 948 975 978 977 969 971 981 979 978 970 979 976 983 984 985 970 970 982 979 972 968
510 486 501 546 400 456 567 493 564 504 556 684 598 534 544 625 606 619 684 614 682 709 714 734 640 682 685 748 704 746 748 810 787 733 802 722 762 822 810 819 854 848 809 891 870 844 856 859 912 906 893 901 925 908 918 950 896 930 907 877 948 877 865 936 941 943 948 949 939 970 917 970 969 966 908 976 980 978 978 966 962 964 971 978 985 976 984 982 979 976 980 974 972 985 983 975 971 962 977 971
491 459 411 434 455 554 465 582 554 607 629 606 560 630 672 644 564 648 589 647 570 661 709 622 717 751 759 682 734 795 730 780 758 729 777 739 764 832 761 792 794 810 868 827 811 917 883 885 851 874 888 943 849 939 889 869 874 925 939 954 945 865 953 948 926 965 979 923 969 940 950 971 951 968 965 973 983 941 967 955 973 968 975 980 976 975 986 983 983 979 978 984 977 975 976 980 975 985 951 958
463 501 438 518 459 465 490 534 586 599 556 554 486 615 611 558 620 607 628 691 584 702 714 603 651 692 659 749 668 735 810 751 764 751 769 774 816 751 759 787 814 862 820 817 854 785 865 872 917 867 892 930 887 839 853 895 857 921 911 926 943 880 918 946 960 934 966 960 912 935 930 951 979 945 945 922 979 954 946 958 949 969 970 982 954 957 953 981 985 976 971 976 984 979 964 971 952 972 972 968
392 385 495 505 453 472 498 599 513 503 559 490 523 480 564 568 577 600 594 630 613 622 630 609 712 622 718 630 726 731 741 767 751 759 723 842 735 888 815 848 797 802 892 843 861 849 879 828 889 853 802 886 848 959 871 911 866 903 874 863 885 870 919 899 915 919 917 957 971 934 946 961 914 945 926 969 967 963 968 956 975 982 981 965 969 979 955 978 976 975 977 968 959 964 974 970 957 958 969 968
457 428 419 510 474 428 499 458 495 458 537 523 408 529 597 622 538 517 628 639 661 584 660 695 675 723 672 773 761 725 624 797 703 749 731 761 755 905 814 849 733 802 819 868 852 808 861 867 835 794 898 877 830 856 861 949 868 895 891 926 941 947 901 935 888 929 953 913 951 957 976 985 931 965 939 966 978 955 951 966 960 956 967 957 955 978 957 966 966 976 963 968 973 982 979 954 969 978 970 950
400 422 449 449 388 479 484 467 478 563 466 511 549 526 641 492 595 614 497 570 645 630 694 679 673 691 653 748 702 746 701 785 759 707 748 758 714 732 785 772 831 821 788 810 820 860 868 887 849 926 900 827 874 877 930 865 920 888 895 883 841 884 946 815 864 936 911 979 899 915 955 951 939 950 968 965 945 968 956 948 930 950 973 970 954 971 974 949 960 940 971 973 973 965 960 978 978 953 964 969
366 400 432 515 427 519 409 396 551 471 512 487 496 548 534 544 496 548 579 637 631 567 651 682 588 628 663 693 752 611 666 646 806 710 661 771 751 766 826 749 678 818 796 836 821 789 816 794 801 834 868 818 916 849 868 869 914 868 862 888 920 889 933 874 922 914 906 921 919 937 936 932 963 957 903 977 910 975 955 963 948 968 957 967 950 964 969 967 968 954 975 980 971 972 945 963 973 971 927 962
387 403 414 359 404 457 396 455 475 420 512 453 489 507 592 579 642 530 634 581 539 590 578 665 654 565 709 654 752 687 683 753 698 632 719 779 767 836 873 757 778 811 811 786 818 770 782 841 836 748 867 869 841 838 875 813 849 864 927 911 938 849 926 932 949 854 938 912 907 929 954 927 890 953 922 924 958 943 966 956 954 940 931 968 957 942 942 955 927 969 966 968 977 963 955 946 956 969 932 949
327 345 391 419 437 410 439 469 448 479 493 476 459 473 511 541 437 618 550 474 532 670 605 666 583 624 654 569 659 643 736 690 662 733 713 737 669 799 703 771 815 742 783 827 852 807 848 884 863 760 851 869 763 848 888 880 886 897 909 887 867 893 898 892 911 862 923 918 962 943 920 897 904 925 939 939 956 937 922 903 945 931 946 956 960 943 945 952 944 952 956 892 950 968 963 930 950 959 959 962
370 336 313 442 411 379 368 465 384 448 416 483 456 495 499 482 518 528 530 548 561 578 664 591 558 616 648 673 619 662 657 720 690 658 748 673 751 760 749 710 712 726 814 794 677 781 785 792 826 848 811 861 822 908 829 852 866 860 886 897 869 896 943 896 873 886 922 908 917 933 938 909 932 927 897 922 925 888 919 949 951 925 895 909 946 923 945 923 950 954 934 937 952 949 950 946 950 943 942 940
