4.564633300117679204e-02
4.880936004266759470e-02
5.184747262406284168e-02
5.453947926521533762e-02
5.698548744352256029e-02
5.931084313544016801e-02
6.160921791813291776e-02
6.361189253760625439e-02
6.549750037693166660e-02
6.729579576384076001e-02
6.892246722500675049e-02
7.045689878762695368e-02
7.197371669033431063e-02
7.332694799688831144e-02
7.456534187368737965e-02
7.576176099263426389e-02
7.683804515557074444e-02
7.791669401582841659e-02
7.891529915613401669e-02
7.991855533039951553e-02
8.087501250435463751e-02
8.175410637691273019e-02
8.263641651511967334e-02
8.344284703778642731e-02
8.424935856387234800e-02
8.500695674157808523e-02
8.571792109789537484e-02
8.637510235196307895e-02
8.702663738746864441e-02
8.763805692896152466e-02
8.819433264948424445e-02
8.875053212716536855e-02
8.927268483025542489e-02
8.977513480631058029e-02
9.023397876720994082e-02
9.067410201798190017e-02
9.110889029174934484e-02
9.151359211894181944e-02
9.190986021842074971e-02
9.226233504488551285e-02
9.262341190174738781e-02
9.294036477799832996e-02
9.325570196519397670e-02
9.354303599893995513e-02
9.381849352940464792e-02
9.409038836051644705e-02
9.434520471655144513e-02
9.459777722168910552e-02
9.482636101393435157e-02
9.503252255963991202e-02
9.523000894008763761e-02
9.541374154059162338e-02
9.559401478886199455e-02
9.576913374002214707e-02
9.591917546429980235e-02
9.606614634488312710e-02
9.621030101266474233e-02
9.634582759775338345e-02
9.647305649464264776e-02
9.658833071935378489e-02
9.669649632946843154e-02
9.679849645760431331e-02
9.689410178472901425e-02
9.697795349339877191e-02
9.704973858512463969e-02
9.712195066259635134e-02
9.719393583864764652e-02
9.724795509260562854e-02
9.729946726409018087e-02
9.734278217590901228e-02
9.738730255429181581e-02
9.742214433668239248e-02
9.745062870366968943e-02
9.748014788391178020e-02
9.750305726626953828e-02
9.751597452490233520e-02
9.753124477348064369e-02
9.753815309411306700e-02
9.754244109426339626e-02
9.754157685630471253e-02
9.753543157343122494e-02
9.752109003178834057e-02
9.750208647713573540e-02
9.747956361922126278e-02
9.746071205140344196e-02
9.744163576529359105e-02
9.741515943412369649e-02
9.738350449131825959e-02
9.735101937237734815e-02
9.731477147624961743e-02
9.727375088124774749e-02
9.722867951206475012e-02
9.718409790291730743e-02
9.713323132842502372e-02
9.708224548856703162e-02
9.702974910395008312e-02
9.697392751649309972e-02
9.691748849447030800e-02
9.686063112952797427e-02
9.680064935400757575e-02
9.673966960972853191e-02
9.667851206345773329e-02
9.661763435418385670e-02
9.655191788723525848e-02
9.648712903538443630e-02
9.641574333982987077e-02
9.634370623783433674e-02
9.627114007530045148e-02
9.619887112404185148e-02
9.612744180860484378e-02
9.605336051779955753e-02
9.597801023153175459e-02
9.590559911606050258e-02
9.582881568726053789e-02
9.575177133387592632e-02
9.566959501031124802e-02
9.558613239024206509e-02
9.550422621171483772e-02
9.542436815868356181e-02
9.534149776155502465e-02
9.525604031503340230e-02
9.516795838569928889e-02
9.508075979461104443e-02
9.498838271730054850e-02
9.489693947926296225e-02
9.480520206923959137e-02
9.470791926214522372e-02
9.461057551450377523e-02
9.451168284874697512e-02
9.441513202356205392e-02
9.431529924243045593e-02
9.421671608219711613e-02
9.412092487159880172e-02
9.401965867110792519e-02
9.391744656897817178e-02
9.381138531823712823e-02
9.370657323630045277e-02
9.360265163178485559e-02
9.349856937266595724e-02
9.339560341921526732e-02
9.329251561095601442e-02
9.318986911775142823e-02
9.308510740076687828e-02
9.297925193068629079e-02
9.287231146399016479e-02
9.276623278368571757e-02
9.265880736546014407e-02
9.255357504253000633e-02
9.245210449974761158e-02
9.234564445944636046e-02
9.223663431336528995e-02
9.212833303438794363e-02
9.202360803500023168e-02
9.191234312960883113e-02
9.180247240564437528e-02
9.169300251432148385e-02
9.158099910070834071e-02
9.147055176519308661e-02
9.136006519117674529e-02
9.125025558464765207e-02
9.113925262437348740e-02
9.103185915071269896e-02
9.092390517750409407e-02
9.081252061024654154e-02
9.070173850780592628e-02
9.059476946281337650e-02
9.048246915529958856e-02
9.037246012380979743e-02
9.025917355603045589e-02
9.014659246614101229e-02
9.003725287182844095e-02
8.992665719585722639e-02
8.981404868919824758e-02
8.970295600087366261e-02
8.959396945387018696e-02
8.948099500388373428e-02
8.937118149115452770e-02
8.925745567119829083e-02
8.914316098867730576e-02
8.902728778195244386e-02
8.891442709534194688e-02
8.879901067970924489e-02
8.868793248652062644e-02
8.857262239399579795e-02
8.845807996251506267e-02
8.834595802464367820e-02
8.823260480611180845e-02
8.811921690850441080e-02
8.800666310224052047e-02
8.789053967367738140e-02
8.777944684824776078e-02
8.766566366701261659e-02
8.755202786498825218e-02
8.743962440816850645e-02
8.732684744706124824e-02
8.721426038887479526e-02
8.710696860185535018e-02
8.699808283575245771e-02
8.688719060908932368e-02
8.677559049848408701e-02
8.666524621692252295e-02
8.655543772183378615e-02
8.644576526136525663e-02
8.633562901782440568e-02
8.622757412474117700e-02
8.611995526776290710e-02
8.601082936218994168e-02
8.590159053778702314e-02
8.579235225176974622e-02
8.568786048456247806e-02
8.558039850572983498e-02
8.547531569470409596e-02
8.536798753359212122e-02
8.525964843335318011e-02
8.515142316771935616e-02
8.504428566850467941e-02
8.493753887601399044e-02
8.482980929204267384e-02
8.472204821636510064e-02
8.461398190164913513e-02
8.450857387825275180e-02
8.440206704444550012e-02
8.429485387009708064e-02
8.418923450470669478e-02
8.407836911012299408e-02
8.396868693207652778e-02
8.385815954110797943e-02
8.374970212147955784e-02
8.364354204197947673e-02
8.353907275224811690e-02
8.343206642207620649e-02
8.332589920597262279e-02
8.321769620657512578e-02
8.310982460376521719e-02
8.300260969270679967e-02
8.289544945076622595e-02
8.279078356941903249e-02
8.268699207215821079e-02
8.258115107372730745e-02
8.247764830261500313e-02
8.237118358375924987e-02
8.226437329365257622e-02
8.215859951343044976e-02
8.205447902292403728e-02
8.194974771276346270e-02
8.184471512356696066e-02
8.174094674789803006e-02
8.163675895066539734e-02
8.153355448583647636e-02
8.143272792303067609e-02
8.132868382518131101e-02
8.122296037897049070e-02
8.111790531744189625e-02
8.101341278463614071e-02
8.091278809747125267e-02
8.080921829872876605e-02
8.070641119708257816e-02
8.060382713935233812e-02
8.050133698339748123e-02
8.040075748939255751e-02
8.029687026787112047e-02
8.019484021356111658e-02
8.009707239505793608e-02
7.999466246644472422e-02
7.989192548157579565e-02
7.979031746520365287e-02
7.968849576935731205e-02
7.958613973410315345e-02
7.948542336068081804e-02
7.938515842046864335e-02
7.928544535481953093e-02
7.918429617739719539e-02
7.908276456629258211e-02
7.898444004536410434e-02
7.888538383172032098e-02
7.878519999630188841e-02
7.868403262861066449e-02
7.858462185501080555e-02
7.848610838626904340e-02
7.838801075259325957e-02
7.828957702970075483e-02
7.818972155811525215e-02
7.808998585677975890e-02
7.799289119244533219e-02
7.789735148375971641e-02
7.779831753185674492e-02
7.770375330729500929e-02
7.760386476864698790e-02
7.750754266260440062e-02
7.741213515771790121e-02
7.731746002412615004e-02
7.722357570339029309e-02
7.712682322825617498e-02
7.703173694551936068e-02
7.693581448963858482e-02
7.684006213246355466e-02
7.674416419798543720e-02
7.664799371283113893e-02
7.655261780605876476e-02
7.646078183987768673e-02
7.636477866515833934e-02
7.626988478840225627e-02
7.617471310633332215e-02
7.607953778432953451e-02
7.598462490283283688e-02
7.588994004769512858e-02
7.579733972948152210e-02
7.570282483220296121e-02
7.561008678748745715e-02
7.551516628417549726e-02
7.542033649257576244e-02
7.532559750282090405e-02
7.523061385176008087e-02
7.513748769689493345e-02
7.504371738123728763e-02
7.495048404440569911e-02
7.485682550302985572e-02
7.476472438039862001e-02
7.467196963726227543e-02
7.457984592304631177e-02
7.448738730833896760e-02
7.439667954653227111e-02
7.430447372794628247e-02
7.421155977200639964e-02
7.412390991739570278e-02
7.403253657423687628e-02
7.394135186298261830e-02
7.385210722022743368e-02
7.376174904273805066e-02
7.367244114160459434e-02
7.358302859993003098e-02
7.349346104940103486e-02
7.340511557629757211e-02
7.331634212547111229e-02
7.323092122064757403e-02
7.314386553347614062e-02
7.305669487950088026e-02
7.296913920238415341e-02
7.288297018477460365e-02
7.279791654551907853e-02
7.271281246363101025e-02
7.262643086535687520e-02
7.253915282670961306e-02
7.245392311837166310e-02
7.236810148127895137e-02
7.228212468554659487e-02
7.219526794778843848e-02
7.211069088301919061e-02
7.202773619011904049e-02
7.194390595032212898e-02
7.185831395523313569e-02
7.177663113220417168e-02
7.169226864142461131e-02
7.160838773008550151e-02
7.152581774927523062e-02
7.144285586549554978e-02
7.135766792333617103e-02
7.127580352814219533e-02
7.119257527021501109e-02
7.110897170428027991e-02
7.102582990676226116e-02
7.094263688716302696e-02
7.085805722751151170e-02
7.077512739788754947e-02
7.069250545441216338e-02
7.061026874676774867e-02
7.052831337858489480e-02
7.044601513983493601e-02
7.036639352706124118e-02
7.028360526140403630e-02
7.020045022793329481e-02
7.011958118939634610e-02
7.004183827851248600e-02
6.996090188078460392e-02
6.988057535081142191e-02
6.979939913277127816e-02
6.971795063089523958e-02
6.963888971257135851e-02
6.955878805907250717e-02
6.948001989974797454e-02
6.940031905292270986e-02
6.932100876605840067e-02
6.924225661930938358e-02
6.916235872603768153e-02
6.908383579064811264e-02
6.900515811688553991e-02
6.892613524993566887e-02
6.884704934962178335e-02
6.877005255559172359e-02
6.869062575479817356e-02
6.861194024540537284e-02
6.853220444057654681e-02
6.845487370358858958e-02
6.837531760005559345e-02
6.829753960061753226e-02
6.822156542147721214e-02
6.814391695605501176e-02
6.806567235660641868e-02
6.798875461141318244e-02
6.791434734659375361e-02
6.783776131303025092e-02
6.775980025017050434e-02
6.768308728100261296e-02
6.760897927837103416e-02
6.753314505586784089e-02
6.745822128578782273e-02
6.738434624938366424e-02
6.731023847834298468e-02
6.723530574122840719e-02
6.716125419239098171e-02
6.708760490784308750e-02
6.701160625034607854e-02
6.693698190216307298e-02
6.686178228398563517e-02
6.678755408840150731e-02
6.671235680750828290e-02
6.663897455204743914e-02
6.656630938056912195e-02
6.649095968577797833e-02
6.641655932082214664e-02
6.634175804376099550e-02
6.626846702313124449e-02
6.619491919405043334e-02
6.612062915967810428e-02
6.604637819856901126e-02
6.597441561244064834e-02
6.590191330327051233e-02
6.583123370627870508e-02
6.575952656575489996e-02
6.568660181613204807e-02
6.561412231193732014e-02
6.554292870085781653e-02
6.547177048235418295e-02
6.539989142180462067e-02
6.532743111803265834e-02
6.525620573501780819e-02
6.518788155936741657e-02
6.511891825802261502e-02
6.504860946892777884e-02
6.497664536310572558e-02
6.490642494530173001e-02
6.483586494973407610e-02
6.476500698610830609e-02
6.469536624382579704e-02
6.462510346964661645e-02
6.455532566783159232e-02
6.448640521218433619e-02
6.441777466679743380e-02
6.434852434735989501e-02
6.428108325639059206e-02
6.421123381293716847e-02
6.414445946018322575e-02
6.407446398301132329e-02
6.400559226204864671e-02
6.393731091741546024e-02
6.386804682764524177e-02
6.379796936944708008e-02
6.372842311250549729e-02
6.366266045851634581e-02
6.359476784152953699e-02
6.352689555528252818e-02
6.345959431953511476e-02
6.339235031095617756e-02
6.332573410467484676e-02
6.325773979434301530e-02
6.319235661971278617e-02
6.312403161692423104e-02
6.305740431675653512e-02
6.299041968154245330e-02
6.292448328684221992e-02
6.286087743470897271e-02
6.279455781001191950e-02
6.272930738815123142e-02
6.266315345155763772e-02
6.259779558233531660e-02
6.253119825846301105e-02
6.246616205533258442e-02
6.240040737210757887e-02
6.233708760727145470e-02
6.227233539324706496e-02
6.220694617954686256e-02
6.214181918252895814e-02
6.207782708900579788e-02
6.201239371245387266e-02
6.194789698716147291e-02
6.188261145719393952e-02
6.181763373494919556e-02
6.175256170395414940e-02
6.168874521839468050e-02
6.162589290848842494e-02
6.156188988556743347e-02
6.150032069311388294e-02
6.143704043621198846e-02
6.137349235632220956e-02
6.131059624074591818e-02
6.124856116892758023e-02
6.118595580776872711e-02
6.112235684602839586e-02
6.105945214867247034e-02
6.099700768638346288e-02
6.093527306611786626e-02
6.087263301357781486e-02
6.080939413798135129e-02
6.074644350028909207e-02
6.068390229542327402e-02
6.062243505497585949e-02
6.056112591324937233e-02
6.050021043485273586e-02
6.043865415078088915e-02
6.037669538456837820e-02
6.031510068850336193e-02
6.025421841724934446e-02
6.019280603039737360e-02
6.013174407563284807e-02
6.007217854254456868e-02
6.001204632230641711e-02
5.995263858793171974e-02
5.989231526169352948e-02
5.983201289664340922e-02
5.977190545510970010e-02
5.971202614144489884e-02
5.965131200023776614e-02
5.959183525225994482e-02
5.953222457918794924e-02
5.947251821934149835e-02
5.941196490049485690e-02
5.935137591309371657e-02
5.929018936816968927e-02
5.923079798089773279e-02
5.917000531886129622e-02
5.911040536586172067e-02
5.905095487010670469e-02
5.899154684292337580e-02
5.893220166676500782e-02
5.887363335515700957e-02
5.881399084794333709e-02
5.875537532319533712e-02
5.869620041276506217e-02
5.863898659640340294e-02
5.858173455724944440e-02
5.852278047350487067e-02
5.846636409147386998e-02
5.840778172216886527e-02
5.835162843587460985e-02
5.829407214793286274e-02
5.823617991327360854e-02
5.817800255644724888e-02
5.812241631602931696e-02
5.806416623293245843e-02
5.800597567810918814e-02
5.794828069976044188e-02
5.789096030944527321e-02
5.783154838322313723e-02
5.777394355233664985e-02
5.771589469669339417e-02
5.765744946939528603e-02
5.760120222171773163e-02
5.754257617290965687e-02
5.748481251289064287e-02
5.742759790127219960e-02
5.737086309125962597e-02
5.731621536700203662e-02
5.725980038017316337e-02
5.720396262564540063e-02
5.714719524010486440e-02
5.709078757880399480e-02
5.703544018873381999e-02
5.698084532797954155e-02
5.692388742899927301e-02
5.686822252799469957e-02
5.681420142377512777e-02
5.675850616582521491e-02
5.670481931744744686e-02
5.664903260805977808e-02
5.659341093747765478e-02
5.653743882361052936e-02
5.648281934808082466e-02
5.642948370567011512e-02
5.637456244669156874e-02
5.631855505064578549e-02
5.626398209917323617e-02
5.620915934809193881e-02
5.615578551362213067e-02
5.610161670476285917e-02
5.604691438506174961e-02
5.599201695410572360e-02
5.593738124920461657e-02
5.588256079790906994e-02
5.582800711937346144e-02
5.577411450635996054e-02
5.571967032738504161e-02
5.566691314860860301e-02
5.561296246668009924e-02
5.555886680711370762e-02
5.550449370701621837e-02
5.545116606306498691e-02
5.539748998042435396e-02
5.534422606151716273e-02
5.529163267812488985e-02
5.523705700119731915e-02
5.518473315103355342e-02
5.513152026189564042e-02
5.507893635891994433e-02
5.502675247822494398e-02
5.497498421323635670e-02
5.492259140626989250e-02
5.487009956213343559e-02
5.481725694523746639e-02
5.476621646011279460e-02
5.471405881200094856e-02
5.466200016100268566e-02
5.460991973023613527e-02
5.455827301833175713e-02
5.450707888454386224e-02
5.445606914443416879e-02
5.440415526488942555e-02
5.435124208608490409e-02
5.429943616907283860e-02
5.424748215315775002e-02
5.419556690271749161e-02
5.414530671464489603e-02
5.409409866758422419e-02
5.404347875616703767e-02
5.399130348128031165e-02
5.394048108926734891e-02
5.388960296936948918e-02
5.383954698719870674e-02
5.378883715387450942e-02
5.373944477570916783e-02
5.368866134757752789e-02
5.363862851870729309e-02
5.358735368451864739e-02
5.353698228156691247e-02
5.348696514166181165e-02
5.343621785744412378e-02
5.338659083706299296e-02
5.333907421323828835e-02
5.329148161152558877e-02
5.324114899545364515e-02
5.319136594947879160e-02
5.314243522171981787e-02
5.309325536319924044e-02
5.304502634728160138e-02
5.299653979244574320e-02
5.294761577779787121e-02
5.289863618842071541e-02
5.284872457951903663e-02
5.279894925157103264e-02
5.275005988794494172e-02
5.270181776533258006e-02
5.265261901339961248e-02
5.260480968230164811e-02
5.255751463543858332e-02
5.250951780293995619e-02
5.246181414184153402e-02
5.241471210103039458e-02
5.236750704885423380e-02
5.231876795350712955e-02
5.227042902045384021e-02
5.222205504518594860e-02
5.217444310127174883e-02
5.212715856263491765e-02
5.207813191375956774e-02
5.203051834849906077e-02
5.198262691124314050e-02
5.193482684856633863e-02
5.188742061200084243e-02
5.184099073940075242e-02
5.179246494233320786e-02
5.174469537870108465e-02
5.169705374285664401e-02
5.164890189440637935e-02
5.160236460803997033e-02
5.155447570822820069e-02
5.150878815806100852e-02
5.146378071563428164e-02
5.141774329708250629e-02
5.137148602550255932e-02
5.132549959828363456e-02
5.127889809488325040e-02
5.123187798467226245e-02
5.118565936561833563e-02
5.113837892257062923e-02
5.109268578828633778e-02
5.104667434769253470e-02
5.100077775856069057e-02
5.095591155281890133e-02
5.091042064316378402e-02
5.086452091081079124e-02
5.081882908471938021e-02
5.077413361544112769e-02
5.072889284484156242e-02
5.068369520511113030e-02
5.063805520055963960e-02
5.059220173151521283e-02
5.054697694650243933e-02
5.050225093508745045e-02
5.045714703145819102e-02
5.041274711847215650e-02
5.036801654743679191e-02
5.032418409542058213e-02
5.027899147170820926e-02
5.023507771971719160e-02
5.019080187828180162e-02
5.014829119677165908e-02
5.010582326023694383e-02
5.006260875598617793e-02
5.001889757148193089e-02
4.997559946379436652e-02
4.993022882547976798e-02
4.988575165369044800e-02
4.984141536496188712e-02
4.979829842325201456e-02
4.975320709292198329e-02
4.970898772526317899e-02
4.966604904117531000e-02
4.962184665362842639e-02
4.957938145670071767e-02
4.953600905810244537e-02
4.949259946272945715e-02
4.944824228594845578e-02
4.940560066074568824e-02
4.936365605916425564e-02
4.932077183173102369e-02
4.927686976955685666e-02
4.923334316568150903e-02
4.918985057581742870e-02
4.914577573568743724e-02
4.910271171673832175e-02
4.905947290035632402e-02
4.901690768327177095e-02
4.897533155763730134e-02
4.893205059273573326e-02
4.888876828259998419e-02
4.884694702367988611e-02
4.880488725809178918e-02
4.876256375532362491e-02
4.872002364076552516e-02
4.867837678112836575e-02
4.863621931825849731e-02
4.859348398672045516e-02
4.855239113361727032e-02
4.850936877523740615e-02
4.846908909930627146e-02
4.842689971361649470e-02
4.838424388408866378e-02
4.834257706962559464e-02
4.830226198114968839e-02
4.826021478946636301e-02
4.821798964869911108e-02
4.817752095049551014e-02
4.813579609131934944e-02
4.809398746302285393e-02
4.805242667001748125e-02
4.801163982666717400e-02
4.797015754890612826e-02
4.792901112782590317e-02
4.788829016063961275e-02
4.784745618502204284e-02
4.780614666738110252e-02
4.776622302344889909e-02
4.772554635841265436e-02
4.768344870333032781e-02
4.764220408376371174e-02
4.760222947045739117e-02
4.756338830319094962e-02
4.752360301388644515e-02
4.748230598676596997e-02
4.744121713840382393e-02
4.740148986567509215e-02
4.736087028997391229e-02
4.731974334383440978e-02
4.727895022595188929e-02
4.723865481629156704e-02
4.719768660094479651e-02
4.715699400431416083e-02
4.711593319328211821e-02
4.707542446985640838e-02
4.703638508744404506e-02
4.699597152364927422e-02
4.695657083332740317e-02
4.691711040438853453e-02
4.687689658554160949e-02
4.683735817582348332e-02
4.679776177279459243e-02
4.675921095998612081e-02
4.671953664278587909e-02
4.668007200589627259e-02
4.664067241590050955e-02
4.660159433254234401e-02
4.656275936106315377e-02
4.652372329314508753e-02
4.648513472828522120e-02
4.644553224053800389e-02
4.640713839623128445e-02
4.636772013780457447e-02
4.632812808966690205e-02
4.628866955517663834e-02
4.624995901948435878e-02
4.621077840464212633e-02
4.617153225903124908e-02
4.613396436326980266e-02
4.609426772559647306e-02
4.605606861373827410e-02
4.601720942802902531e-02
4.597936249541120096e-02
4.594110021673665500e-02
4.590433477323096340e-02
4.586540517298658137e-02
4.582677706342903889e-02
4.578949535496418255e-02
4.575034814449439879e-02
4.571280091453124028e-02
4.567612924309696204e-02
4.563828709397590999e-02
4.559954401819901054e-02
4.556136228365614826e-02
4.552413776537047457e-02
4.548590311211551246e-02
4.544891061038103253e-02
4.541167554381485283e-02
4.537399823553827510e-02
4.533536941984715046e-02
4.529740345723639455e-02
4.525894182501968149e-02
4.522075854322653299e-02
4.518279685034897603e-02
4.514567869022211022e-02
4.510892431985270845e-02
4.507182733901433230e-02
4.503499960595637452e-02
4.499792952233493126e-02
4.496033205194502336e-02
4.492334718561135504e-02
4.488641040064686449e-02
4.485031880964886891e-02
4.481333582711222868e-02
4.477601602650667367e-02
4.473862799178508765e-02
4.470174509537818558e-02
4.466552488232487100e-02
4.462800505402926554e-02
4.459218652547865258e-02
4.455514104340341924e-02
4.451815821164168546e-02
4.448184156982130932e-02
4.444508322555616037e-02
4.440901234525443386e-02
4.437238247444826034e-02
4.433671875799826551e-02
4.430124950043775461e-02
4.426635687328163427e-02
4.423093311914045450e-02
4.419498160214895693e-02
4.415935108062731679e-02
4.412418735338805020e-02
4.408793485914411225e-02
4.405248732521779842e-02
4.401731968378407717e-02
4.398121280391443372e-02
4.394615789634484515e-02
4.391025931456118969e-02
4.387430624005879409e-02
4.383908531318679580e-02
4.380399714888701113e-02
4.376873659067821720e-02
4.373356670715015937e-02
4.369942552212412873e-02
4.366374549222418883e-02
4.362958380698236244e-02
4.359497884205342649e-02
4.355963636478819151e-02
4.352435493687166479e-02
4.348878269902505672e-02
4.345373029864840753e-02
4.341924558081186603e-02
4.338454075154293127e-02
4.334963046646125168e-02
4.331525964369573739e-02
4.328042795022412487e-02
4.324582663498348356e-02
4.321041892089202974e-02
4.317536297066119910e-02
4.314003005549475050e-02
4.310474597184346668e-02
4.306971898199558890e-02
4.303507952148441507e-02
4.300145321183004160e-02
4.296750994172099380e-02
4.293287844524422414e-02
4.289860471310477652e-02
4.286490430346736463e-02
4.283080176881542273e-02
4.279660024265494189e-02
4.276232998892287585e-02
4.272804862739319753e-02
4.269512742711052689e-02
4.266118505913141928e-02
4.262791619040078028e-02
4.259541581431067897e-02
4.256145567847507971e-02
4.252759817238502965e-02
4.249330705663978414e-02
4.246008891098008303e-02
4.242709200884860199e-02
4.239324829023691926e-02
4.235999242089756589e-02
4.232708501621376684e-02
4.229375375075369176e-02
4.226032794828273736e-02
4.222735290514526008e-02
4.219349113421518721e-02
4.216096575207104596e-02
4.212799715479659951e-02
4.209578483880935251e-02
4.206210764116320722e-02
4.202926584594507409e-02
4.199693233940596238e-02
4.196439207421595596e-02
4.193220100010450896e-02
4.190096092153103302e-02
4.186876190333508468e-02
4.183727176941989118e-02
4.180490457621556522e-02
4.177245565775890290e-02
4.173958500938030475e-02
4.170758022139718635e-02
4.167473633246666920e-02
4.164164532136198360e-02
4.160914886067873519e-02
4.157707262579376367e-02
4.154483452126865595e-02
4.151308461718777876e-02
4.148089892255334837e-02
4.144945592853128274e-02
4.141765755294764262e-02
