1.000000000000000000e+00
9.505000000000016769e-01
9.154916817906854076e-01
8.894365619096455955e-01
8.691142327026766257e-01
8.524620506881274151e-01
8.386743424027516269e-01
8.272191016262828711e-01
8.176268455963368043e-01
8.086072666362359440e-01
8.004441070730460295e-01
7.931405107576087188e-01
7.865139409416630478e-01
7.801750859666793936e-01
7.744683018068186930e-01
7.689220513837418114e-01
7.636070804819314883e-01
7.585038380289779170e-01
7.540213771263872822e-01
7.495226766529738960e-01
7.453742028595415903e-01
7.411063342718322566e-01
7.370400492439480589e-01
7.333011209996210811e-01
7.297226181829210567e-01
7.262163368689570353e-01
7.226342304362279867e-01
7.189322249776214369e-01
7.154065859859994880e-01
7.120781955804076357e-01
7.087742063106259316e-01
7.055729855235992609e-01
7.025043357200364547e-01
6.995458777362051350e-01
6.966359556990860957e-01
6.937725695732898101e-01
6.907641351311388789e-01
6.880372043533856674e-01
6.852553010513995346e-01
6.825487976224801079e-01
6.799691946379603502e-01
6.773864862123503139e-01
6.748829942643410629e-01
6.723753870301095725e-01
6.699057537248443994e-01
6.673612043332791677e-01
6.649759790903015944e-01
6.625272930318066855e-01
6.603093540111046877e-01
6.580311113703015691e-01
6.557382601697667734e-01
6.535345221953405837e-01
6.514061452230904825e-01
6.492820979266261672e-01
6.472568959336786332e-01
6.451879723276683354e-01
6.432036107904534061e-01
6.412261085898641744e-01
6.391750622555547601e-01
6.371724611650629866e-01
6.352224444297024375e-01
6.332863870409056739e-01
6.314226600589040173e-01
6.295951604749453479e-01
6.277763799445843507e-01
6.259954775649533287e-01
6.247426898869390399e-01
6.235011533877070633e-01
6.226223109366899600e-01
6.220288829012937670e-01
6.214978598118502395e-01
6.208578394462543892e-01
6.205716966266147105e-01
6.203424594597314323e-01
6.201522800679601932e-01
6.201234720441484161e-01
6.201413155482022876e-01
6.201039650911494006e-01
6.202621505455017115e-01
6.205102727988009992e-01
6.207583952308319830e-01
6.211328663498308922e-01
6.214435243152431898e-01
6.218177514942859752e-01
6.221178832797888969e-01
6.224347380390492512e-01
6.228278240118733100e-01
6.231619595798251199e-01
6.235689000705700868e-01
6.239233460231258244e-01
6.243105144581734267e-01
6.247317399727078113e-01
6.251949545037281952e-01
6.256321227164394205e-01
6.260964737674384883e-01
6.266125607875612236e-01
6.270861330282053725e-01
6.275851126005910219e-01
6.280793935471983280e-01
6.286190275239694758e-01
6.291613370415377604e-01
6.296791217712160993e-01
6.302181329076099736e-01
6.307438860389446011e-01
6.313198195430154147e-01
6.318507287195705979e-01
6.324319509902109893e-01
6.329935818516057022e-01
6.335818523207301656e-01
6.341644431826707340e-01
6.347290426325643553e-01
6.353032490350076777e-01
6.358609069215199749e-01
6.364398783019896699e-01
6.370401957119791181e-01
6.376345400015941411e-01
6.382362552197854422e-01
6.388219228249671922e-01
6.393998344920578392e-01
6.400076184198026930e-01
6.406031250804073984e-01
6.411841820484264209e-01
6.417657406667798270e-01
6.423464226662314314e-01
6.429349743828822739e-01
6.435223764074377018e-01
6.441077494663152159e-01
6.446904579689054504e-01
6.452825147945107087e-01
6.458845769072831811e-01
6.464709047911781914e-01
6.470438883567999344e-01
6.476400891966092033e-01
6.482267335454696688e-01
6.488176275539949689e-01
6.493919675518116108e-01
6.499755348688044387e-01
6.505602607054444819e-01
6.511292392474683499e-01
6.517016068897717451e-01
6.522833842340370891e-01
6.528488620220656014e-01
6.534202071605642592e-01
6.539843739109035825e-01
6.545495470834370444e-01
6.551162390019612536e-01
6.556928863483966197e-01
6.562659093587649428e-01
6.568368019787079737e-01
6.573887809986217468e-01
6.579349858549286001e-01
6.584897930517300546e-01
6.590469924316344486e-01
6.595988277516972031e-01
6.601454518725828891e-01
6.606950441576749933e-01
6.612441729474588525e-01
6.617886294781795131e-01
6.623330636746544986e-01
6.628713059606525793e-01
6.634074207161094749e-01
6.639424266732326663e-01
6.644762072447126799e-01
6.650003427839956682e-01
6.655256836189066272e-01
6.660489236769621124e-01
6.665660193426589109e-01
6.670766055427188590e-01
6.675877470271429637e-01
6.680941149229175924e-01
6.686105968590468906e-01
6.691204144559438349e-01
6.696249393441743303e-01
6.701226680448283402e-01
6.706167122392746593e-01
6.711122297632430289e-01
6.716045182638816780e-01
6.720894150661763655e-01
6.725761562477045041e-01
6.730592078261357081e-01
6.735446991043312348e-01
6.740306386302851172e-01
6.745066342577432650e-01
6.749772774593709723e-01
6.754495343461367485e-01
6.759214892511314909e-01
6.763919189716047775e-01
6.768598762780905220e-01
6.773315879578535315e-01
6.777984229690823259e-01
6.782637088302810868e-01
6.787353868337423490e-01
6.792019855902370340e-01
6.796655223768892640e-01
6.801214135704040098e-01
6.805801199089652753e-01
6.810321061424892131e-01
6.814806526339097781e-01
6.819355325328860795e-01
6.823844250477739681e-01
6.828360704380233015e-01
6.832821439587272172e-01
6.837270015803430523e-01
6.841665461157890871e-01
6.846037839712886264e-01
6.850402596319394855e-01
6.854711372954376269e-01
6.859033285404515512e-01
6.863335865810004099e-01
6.867625220479653958e-01
6.871877337177580980e-01
6.876124876613246562e-01
6.880314020346347537e-01
6.884459825870921090e-01
6.888643407691317222e-01
6.892823678840537260e-01
6.896982189308237254e-01
6.901094141690089501e-01
6.905259751074374064e-01
6.909359232940527340e-01
6.913451909194194833e-01
6.917543391520162288e-01
6.921600195477989326e-01
6.925643457274870407e-01
6.929655474516716041e-01
6.933677738645642741e-01
6.937610905241732295e-01
6.941556562813916420e-01
6.945508146953638384e-01
6.949421361699458233e-01
6.953304564107302133e-01
6.957208442905011836e-01
6.961065433695821092e-01
6.964939001883615477e-01
6.968801137163924686e-01
6.972607683117858501e-01
6.976400393547658174e-01
6.980198432626087968e-01
6.983966337953760872e-01
6.987684164121997776e-01
6.991461215840333310e-01
6.995150564351788613e-01
6.998901451381105421e-01
7.002637707065827444e-01
7.006406147060950662e-01
7.010111954567277426e-01
7.013811387876078829e-01
7.017451080348274806e-01
7.021130822090674295e-01
7.024782362422878901e-01
7.028390414473913994e-01
7.032001094126146823e-01
7.035599284427975775e-01
7.039185705973861618e-01
7.042784423119592407e-01
7.046289732829297270e-01
7.049842950736185943e-01
7.053386099563482281e-01
7.056902084630177763e-01
7.060386054674799849e-01
7.063865204856979441e-01
7.067252173546204608e-01
7.070627537460419942e-01
7.074059579156702915e-01
7.077476942126820214e-01
7.080835686632144244e-01
7.084191477923124092e-01
7.087532793491618799e-01
7.090876054043830923e-01
7.094170031505516727e-01
7.097460086207223462e-01
7.100754599314821336e-01
7.104039804575734696e-01
7.107304435150031408e-01
7.110497653525962303e-01
7.113699595477810389e-01
7.116883697792285579e-01
7.120068928100852235e-01
7.123267422553190009e-01
7.126447749176653135e-01
7.129624090075621368e-01
7.132767587050402591e-01
7.135918309789519576e-01
7.139053452722555759e-01
7.142197653145058167e-01
7.145287793153758393e-01
7.148389466775638690e-01
7.151493767926387912e-01
7.154545891979998684e-01
7.157668978069076093e-01
7.160772622316465830e-01
7.163870673428776037e-01
7.166951081569563620e-01
7.169967936574676015e-01
7.172981801374491706e-01
7.176016784254430902e-01
7.179024755521181689e-01
7.182057242212076531e-01
7.185043706846165890e-01
7.188039938764798631e-01
7.191032308587846922e-01
7.193969330506032600e-01
7.196868379686505168e-01
7.199801052961373182e-01
7.202711389612502790e-01
7.205643917958687306e-01
7.208573641163755763e-01
7.211475626971541875e-01
7.214342224709191509e-01
7.217221438328397243e-01
7.220108832929951204e-01
7.222960136442130308e-01
7.225791777415860873e-01
7.228600598166207147e-01
7.231380724566873752e-01
7.234190222415111116e-01
7.237029832132192420e-01
7.239841070043550042e-01
7.242632011493941313e-01
7.245381488678657167e-01
7.248152768413089753e-01
7.250908149977237649e-01
7.253638154674344474e-01
7.256373826565859497e-01
7.259077762557828439e-01
7.261823790289814173e-01
7.264509850684507386e-01
7.267158135957828557e-01
7.269853231579698205e-01
7.272547234309876263e-01
7.275183182959574779e-01
7.277845852793606296e-01
7.280541322879535704e-01
7.283181978125238265e-01
7.285802087078424583e-01
7.288432281497181364e-01
7.291056095043346730e-01
7.293684543200957826e-01
7.296268308409291636e-01
7.298865017461436677e-01
7.301474146535220644e-01
7.304088760669230629e-01
7.306644218687968761e-01
7.309218242275705713e-01
7.311779339900432717e-01
7.314316430170046957e-01
7.316882649239672132e-01
7.319442498310848588e-01
7.321963458531677293e-01
7.324469636484084445e-01
7.326989562316502669e-01
7.329447951685813534e-01
7.331967329431495761e-01
7.334424390735542199e-01
7.336872626389405738e-01
7.339316249033176476e-01
7.341758829962781174e-01
7.344224633346346787e-01
7.346655414303323584e-01
7.349088435442748812e-01
7.351530272733888260e-01
7.353952279546187576e-01
7.356348649768199577e-01
7.358748780877207851e-01
7.361093525845131547e-01
7.363497749234264589e-01
7.365878962038705513e-01
7.368278422730486499e-01
7.370641749878005244e-01
7.372996266060171111e-01
7.375376413512781948e-01
7.377697878715538948e-01
7.380062528220421303e-01
7.382389429324088814e-01
7.384734813140414467e-01
7.387062870858419616e-01
7.389389893647820839e-01
7.391712135826432606e-01
7.394015098918548246e-01
7.396323792940099340e-01
7.398621436106348481e-01
7.400924916168901690e-01
7.403195370335505787e-01
7.405485580718966787e-01
7.407748039779762372e-01
7.410008688797685705e-01
7.412236870136575950e-01
7.414487992474596556e-01
7.416737820103973533e-01
7.418903777481350437e-01
7.421119067919431656e-01
7.423340788712674554e-01
7.425537472440144615e-01
7.427740671666920313e-01
7.429925076904083658e-01
7.432101858986674969e-01
7.434269292618069791e-01
7.436428463914553921e-01
7.438581569721816056e-01
7.440688199743431541e-01
7.442802946648626738e-01
7.444924629445819342e-01
7.447060892285383149e-01
7.449160113209045697e-01
7.451254328091126977e-01
7.453340615193885244e-01
7.455427808455981076e-01
7.457525260637173359e-01
7.459595959043515689e-01
7.461668351272243704e-01
7.463732613886275846e-01
7.465817695810994525e-01
7.467863784104438185e-01
7.469882495340649520e-01
7.471932585109339886e-01
7.473980264130577478e-01
7.475982661844523536e-01
7.478006392385987411e-01
7.480018733608149173e-01
7.482003060067463629e-01
7.484002242329061971e-01
7.486012459196496049e-01
7.487993317920665914e-01
7.489975460439793897e-01
7.491967212561762013e-01
7.493963512264896210e-01
7.495948444950267797e-01
7.497944606896983499e-01
7.499895310543240878e-01
7.501864273190573806e-01
7.503831577196322655e-01
7.505786796899037716e-01
7.507737240213485652e-01
7.509646529381001079e-01
7.511594540829937827e-01
7.513542425848978024e-01
7.515450065627602427e-01
7.517328189936924865e-01
7.519230959458113039e-01
7.521127386553523309e-01
7.523044654914867735e-01
7.524950284008435908e-01
7.526814449590113476e-01
7.528709734861450675e-01
7.530568565839034223e-01
7.532439596357149991e-01
7.534295148333158831e-01
7.536163552272066024e-01
7.538028340077160827e-01
7.539876634891755636e-01
7.541710787260589299e-01
7.543556189256220845e-01
7.545411467007929751e-01
7.547233464466939212e-01
7.549063054429712150e-01
7.550895148249265887e-01
7.552725846646748398e-01
7.554516285751645688e-01
7.556345301291294003e-01
7.558159324514113209e-01
7.559928508120922208e-01
7.561727262740143285e-01
7.563532063018562068e-01
7.565299369141074148e-01
7.567054891417421825e-01
7.568831363584933580e-01
7.570607037373265902e-01
7.572376934801424708e-01
7.574103534048566289e-01
7.575857814334320262e-01
7.577599706831924520e-01
7.579315883530070019e-01
7.581046119574132991e-01
7.582766620468122110e-01
7.584470862418963844e-01
7.586187875081670251e-01
7.587914877650890899e-01
7.589620089810638071e-01
7.591349734995239684e-01
7.593039831941525986e-01
7.594752731269213131e-01
7.596438723615669408e-01
7.598119942108916280e-01
7.599833529277881805e-01
7.601532135327454531e-01
7.603225850367394401e-01
7.604909606801085742e-01
7.606593974146933501e-01
7.608269717797183640e-01
7.609941794922140401e-01
7.611587248577780240e-01
7.613246032718017364e-01
7.614878385823827811e-01
7.616525651762391380e-01
7.618179814065371147e-01
7.619815431375657200e-01
7.621437367239108918e-01
7.623076292928349096e-01
7.624707867954483298e-01
7.626344013273710365e-01
7.627965608930888930e-01
7.629536861471118980e-01
7.631110342019320480e-01
7.632719031698309564e-01
7.634343795297227064e-01
7.635943523803087052e-01
7.637540786148396821e-01
7.639138978698133409e-01
7.640732411927048107e-01
7.642318954918033702e-01
7.643900789433608622e-01
7.645468956142515982e-01
7.647023855014967175e-01
7.648586009209864534e-01
7.650127254481294825e-01
7.651702649929907896e-01
7.653239832451858016e-01
7.654809837917300186e-01
7.656368191350588770e-01
7.657915048397069269e-01
7.659462864397815762e-01
7.661020562464654349e-01
7.662570326804077903e-01
7.664074232382814822e-01
7.665595918433203426e-01
7.667107770045062942e-01
7.668616493685541657e-01
7.670115993799511145e-01
7.671625817011011872e-01
7.673144088045080746e-01
7.674615832311036945e-01
7.676138323762099480e-01
7.677632404559346924e-01
7.679133261683469547e-01
7.680617148456869714e-01
7.682070379332063270e-01
7.683553261192205275e-01
7.685025153804846409e-01
7.686505049921743549e-01
7.687978020284395031e-01
7.689452321956522507e-01
7.690914252752898417e-01
7.692387484648101070e-01
7.693816055604786319e-01
7.695271347914054427e-01
7.696725962342285676e-01
7.698183337454769237e-01
7.699606226572541789e-01
7.701065951810438515e-01
7.702512917393278258e-01
7.703957685294219315e-01
7.705392018866794590e-01
7.706835566715006802e-01
7.708250846203539286e-01
7.709650634792971635e-01
7.711070118059097922e-01
7.712458799742332172e-01
7.713856975381209180e-01
7.715281055952043499e-01
7.716671092416812483e-01
7.718057507764579661e-01
7.719446335468357345e-01
7.720854418117655271e-01
7.722243287833739922e-01
7.723627327186248781e-01
7.724988474865646104e-01
7.726384050127476089e-01
7.727776724851372903e-01
7.729165940123139400e-01
7.730551853490154057e-01
7.731915795512095402e-01
7.733279534855477255e-01
7.734624253163456808e-01
7.735984933784143536e-01
7.737345135581458200e-01
7.738711030219447284e-01
7.740066055436579662e-01
7.741420829309981766e-01
7.742771636683226655e-01
7.744104596331823354e-01
7.745439771677153917e-01
7.746769155352047909e-01
7.748087569321141510e-01
7.749418666843436165e-01
7.750742960726003661e-01
7.752067883657082215e-01
7.753408489345881005e-01
7.754737176442335622e-01
7.756058204421359958e-01
7.757372239766953115e-01
7.758709101130253361e-01
7.760052360512667002e-01
7.761387097051217765e-01
7.762680584403551798e-01
7.764001828960886975e-01
7.765307167476298567e-01
7.766617892638953968e-01
7.767917129744461580e-01
7.769203158308282120e-01
7.770487926096777409e-01
7.771786163914902179e-01
7.773063051889222974e-01
7.774359468152647334e-01
7.775613508447795086e-01
7.776859043953960882e-01
7.778149294354891330e-01
7.779399760360747873e-01
7.780686365442734953e-01
7.781929900363312447e-01
7.783182120276712634e-01
7.784443666420599595e-01
7.785713075071519773e-01
7.786966086915484420e-01
7.788240548599277835e-01
7.789501715600281040e-01
7.790768959315130804e-01
7.792030029863749041e-01
7.793311717259121529e-01
7.794563239912934982e-01
7.795807058967122449e-01
7.797074787324151934e-01
7.798309896662732887e-01
7.799571850915811844e-01
7.800834537111068778e-01
7.802069406409307684e-01
7.803310830148503241e-01
7.804519549152361124e-01
7.805733621603349048e-01
7.806947061670735932e-01
7.808186505066349037e-01
7.809415139879832823e-01
7.810640156154755598e-01
7.811846961022655966e-01
7.813079218913867585e-01
7.814307223785488254e-01
7.815479415245237815e-01
7.816683361638493421e-01
7.817883329360292288e-01
7.819086151440481913e-01
7.820290074933113900e-01
7.821504453640915067e-01
7.822697944414653826e-01
7.823886901955157125e-01
7.825081230072515881e-01
7.826285772318858358e-01
7.827457374844485338e-01
7.828643782975265308e-01
7.829792236244371706e-01
7.830971889863679314e-01
7.832159613925319119e-01
7.833334466880682578e-01
7.834520310722559167e-01
7.835709300912815367e-01
7.836894276799928338e-01
7.838055394488344652e-01
7.839223629215649192e-01
7.840379127390216807e-01
7.841548099294274321e-01
7.842723079235667250e-01
7.843896872833532319e-01
7.845048921705632949e-01
7.846215446274845684e-01
7.847365476488558089e-01
7.848513595868038539e-01
7.849680946126710301e-01
7.850831217847858978e-01
7.851975368747899919e-01
7.853102129787992158e-01
7.854242677813129125e-01
7.855385237907656082e-01
7.856523637986587705e-01
7.857653143280109997e-01
7.858786302080816855e-01
7.859914099208128446e-01
7.861024719756798396e-01
7.862151476148164786e-01
7.863286090898301550e-01
7.864397289234881239e-01
7.865508510341786552e-01
7.866630338532525357e-01
7.867754980050045699e-01
7.868873629723018848e-01
7.869978887999529160e-01
7.871102115596991800e-01
7.872216818250979964e-01
7.873315872618011912e-01
7.874420400034395362e-01
7.875510691130503949e-01
7.876623007653457131e-01
7.877731333166528849e-01
7.878829758988140641e-01
7.879910455320326967e-01
7.880993083460383630e-01
7.882056580107379418e-01
7.883140076069666824e-01
7.884232002612918677e-01
7.885315997241485464e-01
7.886397358135281976e-01
7.887463447900189273e-01
7.888539688569874420e-01
7.889612179502752953e-01
7.890659365579518747e-01
7.891713122396895042e-01
7.892777131669209689e-01
7.893843781993544750e-01
7.894900437233038915e-01
7.895966843631181398e-01
7.897032939578327859e-01
7.898074708746765094e-01
7.899132640923407500e-01
7.900200904442895578e-01
7.901263812871630599e-01
7.902330567702909869e-01
7.903383616592073446e-01
7.904414885545135716e-01
7.905453189072333409e-01
7.906468580782278766e-01
7.907502091266165323e-01
7.908536448810810082e-01
7.909576792059838102e-01
7.910590947552000873e-01
7.911622036576002603e-01
7.912658069113329695e-01
7.913693850878711356e-01
7.914734801543866771e-01
7.915758082939332585e-01
7.916771870072558670e-01
7.917816228072507290e-01
7.918836641411856059e-01
7.919862610048881146e-01
7.920884106347158005e-01
7.921906348324029290e-01
7.922927661999220605e-01
7.923955528480689514e-01
7.924972713303246596e-01
7.925983916957732855e-01
7.927010516669672491e-01
7.927995163457626226e-01
7.929014230787860829e-01
7.929992075755852854e-01
7.930967000007927981e-01
7.931964597257084026e-01
7.932948356419166069e-01
7.933929810367733593e-01
7.934921256466951345e-01
7.935919271942075692e-01
7.936910049186077787e-01
7.937918814502069598e-01
7.938902670302511178e-01
7.939879099399321793e-01
7.940857872359680103e-01
7.941831141095410107e-01
7.942822928644625025e-01
7.943801912317104419e-01
7.944775103432868413e-01
7.945752054588899327e-01
7.946724379839573693e-01
7.947700900385149536e-01
7.948672407176864407e-01
7.949649040735373706e-01
7.950621278226478461e-01
7.951579504325807513e-01
7.952537033886173390e-01
7.953476454716690291e-01
7.954437495593541518e-01
7.955397420721999069e-01
7.956348472348889755e-01
7.957295579784799955e-01
7.958249575913203255e-01
7.959181821719353289e-01
7.960101766804865697e-01
7.961053531730253319e-01
7.961993093908360519e-01
7.962912110647516473e-01
7.963862284510544454e-01
7.964818583882190550e-01
7.965761775648028120e-01
7.966699084902760797e-01
7.967650796703062976e-01
7.968591578905100947e-01
7.969526151689453330e-01
7.970456678576161025e-01
7.971380775079633940e-01
7.972296810962490321e-01
7.973220353156156293e-01
7.974160738720981190e-01
7.975084315706277849e-01
7.975984907537398971e-01
7.976914376530863660e-01
7.977846659518132988e-01
7.978769412713638820e-01
7.979688188912347213e-01
7.980618992544747936e-01
7.981542164064228118e-01
7.982456128281989471e-01
7.983362028163735191e-01
7.984270558723609579e-01
7.985189747523719905e-01
7.986110030952074945e-01
7.987011487410109467e-01
7.987913916602219500e-01
7.988806138908447485e-01
7.989715799635840332e-01
7.990611885778008405e-01
7.991503780670946577e-01
7.992406799249320848e-01
7.993291286760388914e-01
7.994199409802702494e-01
7.995069401342935755e-01
7.995957362665337964e-01
7.996862021613734273e-01
7.997748682540607446e-01
7.998619027435007744e-01
7.999520441020164796e-01
8.000415289493367776e-01
8.001287537462289379e-01
8.002160739131031209e-01
8.003044919255403178e-01
8.003919232951655083e-01
8.004792368032015437e-01
8.005668563441148411e-01
8.006547586341700162e-01
8.007422740549732243e-01
8.008292986340593833e-01
8.009163865086812439e-01
8.010016123638465935e-01
8.010883318896072636e-01
8.011764310071999295e-01
8.012645361890835538e-01
8.013494743751905514e-01
8.014329390131723629e-01
8.015175592007746097e-01
8.016041509914613172e-01
8.016904010315615281e-01
8.017747331044254855e-01
8.018606661226703736e-01
8.019466592167107111e-01
8.020329419870957377e-01
8.021177271320607538e-01
8.022034773133889241e-01
8.022893377071530496e-01
8.023749918991955887e-01
8.024602153982328678e-01
8.025432630120752364e-01
8.026283410859500478e-01
8.027118814293318083e-01
8.027963281945689200e-01
8.028808222877157341e-01
8.029658659945618782e-01
8.030493123320745497e-01
8.031321439561357467e-01
8.032136473315257819e-01
8.032976126668743833e-01
8.033803038976543576e-01
8.034625721939993026e-01
8.035444852791330250e-01
8.036264767312681911e-01
8.037078789100722265e-01
8.037907465236858728e-01
8.038728923258253722e-01
8.039547416203670638e-01
8.040381877988523884e-01
8.041201135441475856e-01
8.042014093748484083e-01
8.042826957319099135e-01
8.043652122872727572e-01
8.044450873574963135e-01
8.045271037285740556e-01
8.046088529606538753e-01
8.046906390860657510e-01
8.047701864803356031e-01
8.048503960133346347e-01
8.049298407207972073e-01
8.050110839328806778e-01
8.050933225130869619e-01
8.051726678082481437e-01
8.052545962635242471e-01
8.053342815400759136e-01
8.054138916947579663e-01
8.054932993036167943e-01
8.055738663904274954e-01
8.056536665435257705e-01
8.057334759511003419e-01
8.058146633643927803e-01
8.058926219579265471e-01
8.059713642849505311e-01
8.060509807338139820e-01
8.061305832854034348e-01
8.062097612713511330e-01
8.062898643490227224e-01
8.063682117904588109e-01
8.064478307234314025e-01
8.065267391147143972e-01
8.066032603567723225e-01
8.066818903768315785e-01
8.067593733296537506e-01
8.068377171298601880e-01
8.069153707808146558e-01
8.069928255590775867e-01
8.070698560556430756e-01
8.071472566371946655e-01
8.072247701757889748e-01
8.073030469902132689e-01
8.073799588472270194e-01
8.074577076157939404e-01
8.075342552894112513e-01
8.076118835990787614e-01
8.076874052719279495e-01
8.077652526984864245e-01
8.078420759322653133e-01
8.079185501197564401e-01
8.079947272366994060e-01
8.080712075826123053e-01
8.081471199466855326e-01
8.082230580861221592e-01
8.082980788509875891e-01
8.083721821903246951e-01
8.084463335439009413e-01
8.085218030401675193e-01
8.085972995008599007e-01
8.086713113281568388e-01
8.087464018377200636e-01
8.088215725471562534e-01
8.088956114878930181e-01
8.089699169434828585e-01
8.090438733112642611e-01
8.091185899876565113e-01
8.091938881287397134e-01
8.092680746318940965e-01
8.093423850305450085e-01
8.094147679442029730e-01
8.094886219017589646e-01
8.095615720087129263e-01
8.096362769941291004e-01
8.097086902945876963e-01
8.097828896155290224e-01
8.098577351332795216e-01
8.099317651272164298e-01
8.100059416060158002e-01
8.100794341579110602e-01
8.101515589021421881e-01
8.102245469874241879e-01
8.102977021986306205e-01
8.103705768305172752e-01
8.104439907808140831e-01
8.105158593392296495e-01
8.105897374569296376e-01
8.106628959139960955e-01
8.107362400521612722e-01
8.108096463547106447e-01
8.108829279219339492e-01
8.109551641855980986e-01
8.110263979795666600e-01
8.110977619036120467e-01
8.111706634891830969e-01
8.112421739928437070e-01
8.113142917412455857e-01
8.113858242511774455e-01
8.114579150093013116e-01
8.115288183055768823e-01
8.115999163099212321e-01
8.116702116957992263e-01
8.117408385978908125e-01
8.118112592716083542e-01
8.118814551930195744e-01
8.119517791492582015e-01
8.120221111225193189e-01
8.120929397268309424e-01
8.121636364157877042e-01
8.122338842322726071e-01
8.123055782341762621e-01
8.123759225763208525e-01
8.124464806165195840e-01
8.125174145946953974e-01
8.125880453763956179e-01
8.126575449659348971e-01
8.127284070665886651e-01
8.127976732583248598e-01
8.128663324646059340e-01
8.129347287287497226e-01
8.130049692320312493e-01
8.130738547677119898e-01
8.131425663773009793e-01
8.132111626743788735e-01
8.132787315590231936e-01
8.133464475647609326e-01
8.134141008287243402e-01
8.134814792436654285e-01
8.135503752633378438e-01
8.136181889904186004e-01
8.136857772701777680e-01
8.137538139595829056e-01
8.138221830511485066e-01
8.138905365872328712e-01
8.139584312118661735e-01
8.140258321845847966e-01
8.140924596123991774e-01
8.141605093713616403e-01
8.142287082691487266e-01
8.142949963295303961e-01
8.143613617711491504e-01
