0.000000000000000000e+00
4.949999999999832312e-02
8.450831820931459237e-02
1.105634380903544045e-01
1.308857672973233743e-01
1.475379493118725849e-01
1.613256575972483731e-01
1.727808983737171289e-01
1.823731544036631957e-01
1.913927333637640560e-01
1.995558929269539705e-01
2.068594892423912812e-01
2.134860590583369522e-01
2.198249140333206064e-01
2.255316981931813070e-01
2.310779486162581886e-01
2.363929195180685117e-01
2.414961619710220830e-01
2.459786228736127178e-01
2.504773233470261040e-01
2.546257971404584097e-01
2.588936657281677434e-01
2.629599507560519411e-01
2.666988790003789189e-01
2.702773818170789433e-01
2.737836631310429647e-01
2.773657695637720133e-01
2.810677750223785631e-01
2.845934140140005120e-01
2.879218044195923643e-01
2.912257936893740684e-01
2.944270144764007391e-01
2.974956642799635453e-01
3.004541222637948650e-01
3.033640443009139043e-01
3.062274304267101899e-01
3.092358648688611211e-01
3.119627956466143326e-01
3.147446989486004654e-01
3.174512023775198921e-01
3.200308053620396498e-01
3.226135137876496861e-01
3.251170057356589371e-01
3.276246129698904275e-01
3.300942462751556006e-01
3.326387956667208323e-01
3.350240209096984056e-01
3.374727069681933145e-01
3.396906459888953123e-01
3.419688886296984309e-01
3.442617398302332266e-01
3.464654778046594163e-01
3.485938547769095175e-01
3.507179020733738328e-01
3.527431040663213668e-01
3.548120276723316646e-01
3.567963892095465939e-01
3.587738914101358256e-01
3.608249377444452399e-01
3.628275388349370134e-01
3.647775555702975625e-01
3.667136129590943261e-01
3.685773399410959827e-01
3.704048395250546521e-01
3.722236200554156493e-01
2.805219509031817715e-01
2.734492636200831495e-01
2.667065619992083914e-01
2.604699686598183073e-01
2.546110838951701205e-01
2.490289122217202444e-01
2.436375549104382310e-01
2.386319478435046104e-01
2.338629752819882668e-01
2.292816218899916270e-01
2.249518583597046317e-01
2.208087569269220896e-01
2.167888165503908948e-01
2.129838203729939039e-01
2.093584412986405352e-01
2.058559843754924068e-01
2.025260697238734364e-01
1.992793593792275830e-01
1.961613634476228329e-01
1.931196240101446804e-01
1.901824600392526543e-01
1.873623746771954646e-01
1.846050392782001004e-01
1.819581212309288598e-01
1.793723774549700334e-01
1.768741695214581799e-01
1.744605956945478598e-01
1.721288689403472627e-01
1.698544787141372803e-01
1.676517229062108316e-01
1.655270914792034698e-01
1.634480149047238817e-01
1.614325215042898831e-01
1.594692451176490666e-01
1.575703515220611139e-01
1.557190152226940738e-01
1.539083089635268353e-01
1.521490807994966832e-01
1.504297918158822855e-01
1.487669616502635406e-01
1.471306321696643771e-01
1.455480007719307523e-01
1.439965514594555573e-01
1.424887009098834978e-01
1.410147128175028297e-01
1.395684061900546169e-01
1.381578511514264807e-01
1.367740546790365552e-01
1.354270507480442309e-01
1.341135540689306072e-01
1.328276456839664332e-01
1.315698855546275359e-01
1.303355697125002655e-01
1.291252293395654949e-01
1.279460451708318014e-01
1.267875021432294802e-01
1.256498866370522327e-01
1.245352278647910566e-01
1.234424902230806947e-01
1.223723951486404976e-01
1.213225323942009187e-01
1.202924834481954447e-01
1.192814915935262454e-01
1.182912790559043081e-01
1.173214477678712064e-01
1.163657840225468532e-01
1.154253688920749005e-01
1.145068977086379919e-01
1.136031273376034573e-01
1.127164824594374254e-01
1.118419064216989445e-01
1.109847109457132441e-01
1.101421542122149599e-01
1.093112752376365765e-01
1.084952176310919336e-01
1.076951759011313264e-01
1.069050271179922823e-01
1.061293719379523548e-01
1.053650617178830545e-01
1.046134982687091097e-01
1.038745583249897075e-01
1.031488126213937068e-01
1.024341158068095003e-01
1.017302993421723561e-01
1.010341477396118348e-01
1.003477646307839449e-01
9.967377007090770513e-02
9.901021889830248501e-02
9.835589351135308467e-02
9.771066586270890642e-02
9.707568035214912683e-02
9.645002625546129915e-02
9.583247684641467423e-02
9.522407523431131171e-02
9.462362467733723137e-02
9.403152628960441406e-02
9.344757363687698770e-02
9.287188002966580147e-02
9.230267921433371603e-02
9.174170426668747103e-02
9.118826842265460864e-02
9.064139657745412526e-02
9.010110406576682385e-02
8.956834076824256308e-02
8.904202707274271045e-02
8.852429600613016814e-02
8.801244146159051263e-02
8.750668341029115005e-02
8.700650949448945903e-02
8.651235676552972154e-02
8.602483940530886164e-02
8.554322170555216098e-02
8.506652659668925698e-02
8.459630553788938245e-02
8.413155379041163673e-02
8.367302087241657027e-02
8.322022322391396665e-02
8.277164111511112199e-02
8.232793337902709341e-02
8.188993116188510168e-02
8.145722064621374603e-02
8.102956624040109912e-02
8.060676185284755546e-02
8.018950314010696301e-02
7.977663078373260774e-02
7.936849170799961661e-02
7.896592819032724475e-02
7.856737687270284876e-02
7.817313612648854604e-02
7.778236339108751674e-02
7.739652186035758663e-02
7.701420653790161386e-02
7.663576091822900394e-02
7.626249849054472785e-02
7.589261678090129803e-02
7.552737156494276904e-02
7.516538660782375036e-02
7.480727299506165218e-02
7.445240235524208661e-02
7.410111968700641705e-02
7.375350043753971241e-02
7.340896283113912402e-02
7.306839571470151451e-02
7.273123841197512429e-02
7.239755143585849262e-02
7.206687154810763329e-02
7.173966397755318636e-02
7.141520697252648486e-02
7.109358188772146869e-02
7.077572882746423211e-02
7.046111112147063205e-02
7.014945096106961486e-02
6.984039222482746334e-02
6.953513090263335750e-02
6.923216744204141460e-02
6.893220503341625227e-02
6.863527371040283043e-02
6.834087615048181630e-02
6.804926554636865632e-02
6.776019236147350078e-02
6.747409836485619705e-02
6.718971922780402062e-02
6.690823178739449539e-02
6.662952008438539908e-02
6.635310534595827148e-02
6.607897510961334431e-02
6.580773474926668309e-02
6.553850767307577152e-02
6.527203053543610689e-02
6.500796315759019284e-02
6.474570784453463623e-02
6.448576126251910623e-02
6.422828810025256463e-02
6.397283965735822697e-02
6.371920590487450964e-02
6.346860681721022690e-02
6.321930339104475660e-02
6.297289933135223616e-02
6.272859199543842634e-02
6.248684225816610038e-02
6.224660290266814666e-02
6.200844370908417669e-02
6.177179106637009642e-02
6.153763612653748161e-02
6.130521887388717950e-02
6.107436390211287702e-02
6.084555692734294752e-02
6.061863628451702457e-02
6.039355366393865665e-02
6.017054555919584824e-02
5.994842235720523882e-02
5.972877550982749750e-02
5.951088755051081591e-02
5.929456528074321386e-02
5.907975493431484593e-02
5.886670959181970753e-02
5.865448713042886730e-02
5.844390232789460626e-02
5.823562934550292891e-02
5.802890450203522510e-02
5.782331431944771893e-02
5.761939197196593032e-02
5.741700242499854501e-02
5.721629457088320270e-02
5.701669666515800372e-02
5.681869889794287365e-02
5.662234589091484638e-02
5.642749098173234501e-02
5.623399470120797605e-02
5.604132243430892668e-02
5.585021083475420756e-02
5.566048586372152052e-02
5.547226213209424661e-02
5.528564717385145433e-02
5.510025719058679605e-02
5.491629266885141025e-02
5.473343123088658668e-02
5.455206441583587695e-02
5.437188594789753304e-02
5.419320767070891220e-02
5.401540595980905413e-02
5.383903277166054990e-02
5.366406402213652616e-02
5.348992632784840828e-02
5.331770520933394597e-02
5.314657815382724249e-02
5.297668778398642586e-02
5.280791512594615322e-02
5.263976055104706286e-02
5.247289847973646282e-02
5.230745435363615137e-02
5.214293604646740021e-02
5.197983363614097629e-02
5.181747394573048282e-02
5.165644821785482510e-02
5.149653162295829423e-02
5.133726835382897147e-02
5.117883828311731165e-02
5.102178111176937370e-02
5.086564941069290913e-02
5.071081709048400055e-02
5.055708376894560430e-02
5.040416928735376445e-02
5.025202393970984449e-02
5.010105019195705556e-02
4.995117080484721972e-02
4.980205043446531143e-02
4.965377843883740649e-02
4.950636284537864029e-02
4.935972327907621471e-02
4.921429937153722067e-02
4.907010641748672797e-02
4.892668272489111847e-02
4.878404796338292604e-02
4.864201614910422522e-02
4.850113646180835569e-02
4.836107625118965525e-02
4.822169846156813822e-02
4.808332866863973543e-02
4.794564264446669888e-02
4.780917672326433221e-02
4.767310531147071762e-02
4.753764103388492812e-02
4.740343355767910605e-02
4.727010920313796938e-02
4.713714176330863204e-02
4.700528809771616079e-02
4.687453480072008294e-02
4.674423446574491048e-02
4.661456534447397382e-02
4.648587274193939634e-02
4.635787373916669396e-02
4.623076059755652778e-02
4.610414177136697156e-02
4.597836273129289608e-02
4.585351565036917265e-02
4.572947427095526429e-02
4.560574508888221024e-02
4.548293744717160636e-02
4.536081128708720211e-02
4.523922061290154562e-02
4.511861325676326528e-02
4.499870049261392446e-02
4.487924431882302223e-02
4.476042708427853400e-02
4.464239428800680087e-02
4.452464686159510188e-02
4.440804909726032979e-02
4.429169682728364976e-02
4.417599571961904059e-02
4.406094295708321007e-02
4.394658368516603242e-02
4.383309741713775631e-02
4.372005504591251757e-02
4.360765408940063537e-02
4.349597942841501585e-02
4.338482187833608839e-02
4.327411630245388274e-02
4.316411326391123016e-02
4.305439330581169177e-02
4.294569734205277989e-02
4.283745379088983729e-02
4.272999351967969595e-02
4.262286252264659014e-02
4.251628091762008066e-02
4.241053594524317460e-02
4.230499295613085464e-02
4.220034802990117739e-02
4.209603738612821555e-02
4.199243659998090628e-02
4.188930059058881827e-02
4.178674461671895435e-02
4.168470938488752497e-02
4.158312389639945428e-02
4.148217157987342529e-02
4.138170570167871987e-02
4.128183330651594152e-02
4.118227871415112984e-02
4.108342448760257670e-02
4.098493110003467721e-02
4.088695737944815500e-02
4.078931313239321510e-02
4.069236991867559994e-02
4.059593892978875795e-02
4.049947308005841240e-02
4.040385893448585064e-02
4.030880994212485136e-02
4.021412567584854714e-02
4.011997290745403233e-02
4.002623317870504516e-02
3.993293236565771676e-02
3.984006579523961811e-02
3.974764782412450181e-02
3.965566239710840990e-02
3.956386645112623668e-02
3.947262270385316907e-02
3.938191592295299526e-02
3.929176591566174714e-02
3.920186377945619749e-02
3.911239029353484609e-02
3.902334653914238394e-02
3.893475018323845627e-02
3.884667467134811369e-02
3.875889761676175327e-02
3.867159002825751313e-02
3.858468992742736248e-02
3.849836150762314668e-02
3.841222432717367186e-02
3.832636243384685004e-02
3.824114653262586372e-02
3.815632800709529981e-02
3.807169981747693388e-02
3.798759752397437572e-02
3.790385062024410889e-02
3.782033619967757609e-02
3.773738134194985772e-02
3.765487634718620025e-02
3.757265966640577215e-02
3.749080927990348922e-02
3.740943507399367707e-02
3.732851135753786909e-02
3.724789162263882070e-02
3.716774687046109360e-02
3.708772470656612752e-02
3.700818852162671146e-02
3.692905461442559656e-02
3.685021885469783043e-02
3.677174485752078559e-02
3.669340852590526059e-02
3.661568554724164981e-02
3.653833929910259293e-02
3.646112713297061658e-02
3.638412632495166554e-02
3.630763420826646493e-02
3.623147586491183569e-02
3.615579434460644559e-02
3.608042554853112260e-02
3.600517189049116940e-02
3.593045527177715637e-02
3.585586986791033937e-02
3.578170726295509807e-02
3.570782790822385477e-02
3.563436993578519840e-02
3.556122118465007698e-02
3.548832477031926835e-02
3.541571151294561903e-02
3.534347719466336690e-02
3.527164417074481195e-02
3.519994469530961234e-02
3.512862210536929486e-02
3.505765137028418743e-02
3.498698370136150981e-02
3.491642564332410326e-02
3.484639708412524961e-02
3.477660102276904086e-02
3.470689355058474701e-02
3.463765194004606029e-02
3.456876204095273020e-02
3.449996791227447068e-02
3.443144342300720473e-02
3.436333766043232762e-02
3.429552388681189612e-02
3.422799705542012294e-02
3.416053209888317288e-02
3.409351525813715533e-02
3.402673668409242347e-02
3.396012666498068877e-02
3.389387416006102438e-02
3.382786428776227150e-02
3.376205519923967946e-02
3.369662746834474476e-02
3.363152712214753648e-02
3.356660019340337864e-02
3.350207669547940192e-02
3.343761314841978138e-02
3.337357098464904803e-02
3.330968088559847773e-02
3.324604095218891553e-02
3.318282341509523614e-02
3.311980048107131258e-02
3.305702963574583264e-02
3.299446830337962600e-02
3.293219020014315213e-02
3.287012047292413308e-02
3.280830479827398505e-02
3.274663630649667090e-02
3.268527836519778684e-02
3.262404691018054581e-02
3.256316565025552112e-02
3.250257133153931777e-02
3.244212601368014204e-02
3.238188466617814010e-02
3.232197554254991056e-02
3.226228043289337821e-02
3.220284982204654756e-02
3.214360162661120124e-02
3.208435469813167296e-02
3.202535350305384110e-02
3.196678764209069656e-02
3.190853923487162180e-02
3.185041434907033564e-02
3.179251231563227920e-02
3.173485095753954266e-02
3.167739704249303290e-02
3.162015550543484377e-02
3.156311813687859291e-02
3.150624883061713122e-02
3.144955347591327222e-02
3.139311172660490257e-02
3.133680995320731189e-02
3.128090759085508377e-02
3.122503695614518848e-02
3.116955238636888448e-02
3.111423312236406835e-02
3.105908166482994337e-02
3.100415655346452914e-02
3.094949180867377636e-02
3.089501380283961318e-02
3.084053548386439525e-02
3.078635404888080407e-02
3.073233703066387268e-02
3.067852148798323741e-02
3.062487181691107840e-02
3.057150011416559510e-02
3.051836522335016344e-02
3.046522543896537649e-02
3.041253470306010120e-02
3.035991099721445374e-02
3.030754048775571863e-02
3.025528346045669448e-02
3.020309194464154690e-02
3.015124001525371078e-02
3.009953004878436478e-02
3.004805812685711064e-02
2.999675526224442057e-02
2.994565883329336486e-02
2.989471370937036437e-02
2.984400294640746770e-02
2.979327333432298108e-02
2.974287783867157059e-02
2.969266391675229322e-02
2.964266320163146812e-02
2.959268397974410686e-02
2.954306925185487542e-02
2.949360212417128507e-02
2.944429510559472274e-02
2.939513713205063605e-02
2.934619404714994967e-02
2.929731069041982550e-02
2.924854853652213149e-02
2.920004370585310705e-02
2.915158026664256552e-02
2.910334804041047468e-02
2.905541380243280292e-02
2.900749504279595548e-02
2.895974532747765812e-02
2.891219002325187692e-02
2.886488765908349491e-02
2.881767469000343779e-02
2.877061538962050885e-02
2.872364368097083537e-02
2.867699382466773472e-02
2.863048868207380970e-02
2.858414369813853245e-02
2.853795786541652585e-02
2.849184213408939570e-02
2.844589498989248677e-02
2.840001823506618783e-02
2.835438945140656558e-02
2.830891824437221233e-02
2.826364119913778172e-02
2.821848787200123554e-02
2.817348525841988777e-02
2.812863239616514299e-02
2.808386976843571525e-02
2.803927416927731731e-02
2.799480957504306422e-02
2.795044211425756764e-02
2.790630257412785725e-02
2.786229154465895419e-02
2.781842632199975351e-02
2.777479820235034813e-02
2.773127434573213757e-02
2.768786643503200889e-02
2.764458602134899773e-02
2.760155654089005428e-02
2.755870512438932801e-02
2.751597087368098243e-02
2.747320446064393379e-02
2.743070030023700423e-02
2.738829560243229155e-02
2.734604883764587407e-02
2.730389932114965501e-02
2.726185169309784662e-02
2.721992467794336068e-02
2.717821123463920463e-02
2.713654407436773969e-02
2.709510646516426202e-02
2.705364582402144946e-02
2.701227499173657759e-02
2.697125886274334694e-02
2.693019244656689321e-02
2.688943846242162344e-02
2.684863975530420860e-02
2.680800124353552305e-02
2.676754558690684627e-02
2.672726010311830130e-02
2.668705250707659876e-02
2.664707020210459881e-02
2.660715044572146276e-02
2.656739829195608332e-02
2.652775349422974854e-02
2.648832703559691332e-02
2.644890706999277613e-02
2.640959827668237087e-02
2.637051278528125542e-02
2.633143489467261456e-02
2.629258840230232208e-02
2.625387228148243213e-02
2.621517203883002439e-02
2.617663012765662073e-02
2.613808205773338750e-02
2.609967180225281763e-02
2.606140069302111811e-02
2.602335426824262110e-02
2.598538870713780480e-02
2.594754225884497029e-02
2.590974209834483871e-02
2.587217097174031311e-02
2.583470348042760101e-02
2.579712888038249857e-02
2.575981521291724474e-02
2.572260595724892851e-02
2.568551767546495973e-02
2.564856193607798623e-02
2.561176421566566802e-02
2.557500198922588869e-02
2.553835182502411233e-02
2.550183962865117809e-02
2.546547341983634860e-02
2.542909943191874050e-02
2.539289311071861455e-02
2.535665523009644762e-02
2.532066032935100658e-02
2.528481741985737219e-02
2.524903734881935730e-02
2.521341443580831648e-02
2.517791989522141782e-02
2.514252075115536861e-02
2.510713809634666088e-02
2.507189797975408613e-02
2.503672082265984838e-02
2.500170127496353922e-02
2.496682259801312476e-02
2.493204665008768445e-02
2.489730228690893027e-02
2.486271464381738933e-02
2.482817389432505351e-02
2.479373901482413017e-02
2.475947479806665102e-02
2.472524897234224667e-02
2.469110575122534373e-02
2.465701304658690640e-02
2.462307164939783743e-02
2.458924804073083642e-02
2.455551229264749807e-02
2.452184783868695955e-02
2.448829897506867026e-02
2.445483955783538804e-02
2.442140470283263309e-02
2.438813835801260932e-02
2.435500868641079369e-02
2.432188216695306548e-02
2.428887445135078510e-02
2.425599819880396024e-02
2.422323014319990864e-02
2.419053268995256106e-02
2.415788811391581664e-02
2.412541165896003870e-02
2.409300766019361467e-02
2.406064120775695120e-02
2.402838583891094698e-02
2.399618139454680332e-02
2.396415226602291448e-02
2.393221138592475233e-02
2.390032781886505114e-02
2.386848971505036582e-02
2.383673541175695271e-02
2.380500602295883977e-02
2.377344075368256066e-02
2.374200886838420677e-02
2.371064087847312568e-02
2.367935170894547997e-02
2.364809557008974022e-02
2.361697277431501485e-02
2.358592529191557569e-02
2.355489191513744640e-02
2.352397092524010497e-02
2.349316821590172882e-02
2.346246564732409889e-02
2.343181829836627622e-02
2.340129852207227523e-02
2.337086620299673456e-02
2.334043636285422496e-02
2.331014870893412250e-02
2.327998972401180283e-02
2.324989447585992103e-02
2.321990264821318511e-02
2.318995474767816811e-02
2.316001143044910809e-02
2.313017389927500556e-02
2.310034336019993473e-02
2.307067167871721530e-02
2.304108530840516533e-02
2.301160609212613006e-02
2.298211779827048773e-02
2.295277757058505896e-02
2.292353932999057625e-02
2.289437359213061796e-02
2.286531451655677422e-02
2.283627141087499895e-02
2.280728371839085833e-02
2.277848054774953002e-02
2.274968098097507330e-02
2.272097824018975976e-02
2.269234181319852023e-02
2.266378932282876735e-02
2.263531624708876866e-02
2.260694199603736909e-02
2.257861732601328802e-02
2.255034421830946767e-02
2.252220531078252819e-02
2.249400346912824172e-02
2.246599712852191677e-02
2.243792851303566538e-02
2.240992724552596377e-02
2.238208316330209807e-02
2.235426997425191825e-02
2.232651961836069204e-02
2.229888110247219696e-02
2.227134881396265059e-02
2.224386752277160428e-02
2.221651991344865407e-02
2.218916707786534881e-02
2.216185501494432469e-02
2.213464469211267466e-02
2.210748242408652059e-02
2.208045122497878654e-02
2.205345000760668833e-02
2.202650601761926841e-02
2.199965302306937376e-02
2.197285391195970966e-02
2.194614209860711734e-02
2.191948721532879785e-02
2.189292008786047905e-02
2.186641149821823282e-02
2.183993009341547720e-02
2.181351738289234732e-02
2.178711625457382950e-02
2.176085509677185004e-02
2.173466437463580925e-02
2.170851937814179122e-02
2.168243411269873966e-02
2.165643316710820498e-02
2.163043627083128390e-02
2.160445661146428303e-02
2.157866354069819942e-02
2.155288877884947024e-02
2.152711299327384614e-02
2.150150790120133187e-02
2.147599863091375488e-02
2.145050807776991558e-02
2.142506771121687609e-02
2.139974322518124750e-02
2.137446049555095928e-02
2.134921668810179501e-02
2.132402948047223967e-02
2.129888474055396247e-02
2.127377342708443309e-02
2.124875985165870090e-02
2.122386267431592560e-02
2.119898601205201516e-02
2.117409070308743507e-02
2.114935556231051922e-02
2.112469080265217541e-02
2.110006318322998897e-02
2.107548806814613096e-02
2.105101421785148669e-02
2.102657805977823507e-02
2.100217821409382235e-02
2.097781727429842702e-02
2.095352352882213359e-02
2.092932952465838964e-02
2.090519947708270598e-02
2.088107664874800512e-02
2.085701400196254829e-02
2.083297937726787813e-02
2.080906673520713235e-02
2.078517345683368600e-02
2.076132270434048743e-02
2.073757200659886307e-02
2.071382337065293122e-02
2.069020574928700368e-02
2.066652924015755649e-02
2.064297168616124889e-02
2.061952458089882229e-02
2.059608140898090689e-02
2.057264020549466610e-02
2.054936321781396236e-02
2.052612374877324508e-02
2.050287664884923450e-02
2.047968635890606848e-02
2.045659286756017908e-02
2.043352815957923119e-02
2.041051372501503924e-02
2.038756426106164144e-02
2.036468221071378176e-02
2.034184511021161490e-02
2.031904957509974435e-02
2.029631138174108063e-02
2.027358280843217370e-02
2.025095170051334492e-02
2.022841544385339807e-02
2.020593747924528949e-02
2.018341880482180106e-02
2.016091707766521496e-02
2.013850157007135433e-02
2.011619875132459462e-02
2.009394142326226262e-02
2.007168556610257337e-02
2.004952892012675653e-02
2.002742759480743290e-02
2.000539144275084030e-02
1.998335895478710322e-02
1.996141308579817142e-02
1.993952327683832376e-02
1.991768187509723037e-02
1.989588218397983499e-02
1.987407286647512733e-02
1.985237307278180097e-02
1.983067940073882790e-02
1.980906913306823558e-02
1.978751010373264868e-02
1.976601868216657648e-02
1.974453103453480823e-02
1.972308618841480538e-02
1.970164640617039914e-02
1.968033636163929456e-02
1.965903762904393920e-02
1.963777958262736406e-02
1.961655780299179780e-02
1.959538935034989965e-02
1.957425431165543683e-02
1.955321243449124891e-02
1.953220137974959192e-02
1.951122860332094033e-02
1.949035677158523355e-02
1.946949342845987613e-02
1.944865910476995668e-02
1.942787234160240489e-02
1.940716962735345580e-02
1.938643954625196564e-02
1.936582202070771114e-02
1.934525197923815665e-02
1.932472342921016245e-02
1.930418219821442710e-02
1.928370933493302186e-02
1.926326055566058432e-02
1.924291117796457506e-02
1.922263989530741124e-02
1.920233159060197314e-02
1.918214672739108895e-02
1.916193983753784746e-02
1.914178515946394349e-02
1.912167015055377117e-02
1.910163161212664190e-02
1.908161664447280415e-02
1.906165569940285881e-02
1.904177753116145094e-02
1.902185290254765349e-02
1.900199725959871022e-02
1.898221589596685993e-02
1.896247691170668132e-02
1.894276726916156034e-02
1.892313206151178401e-02
1.890348909552679035e-02
1.888393012073103644e-02
1.886439986318712292e-02
1.884484190693878902e-02
1.882538818044506707e-02
1.880594838201850305e-02
1.878657865265488669e-02
1.876723129249180388e-02
1.874792304146367244e-02
1.872864766918858059e-02
1.870943388817492697e-02
1.869026454945737353e-02
1.867115652372287882e-02
1.865205097978099580e-02
1.863301424459169048e-02
1.861399099542970087e-02
1.859503720800316506e-02
1.857606644955246689e-02
1.855720687074776526e-02
1.853835873561070907e-02
1.851954748943009099e-02
1.850076644297567879e-02
1.848203789920421780e-02
1.846333800617545873e-02
1.844467959660456985e-02
1.842604010383092766e-02
1.840741124635482395e-02
1.838882936311241750e-02
1.837032457330187857e-02
1.835186493365102006e-02
1.833340400881722232e-02
1.831500872194435914e-02
1.829666587697653668e-02
1.827832515547245934e-02
1.826003456846788525e-02
1.824177575139598884e-02
1.822357654504189184e-02
1.820543429482816833e-02
1.818729994096775215e-02
1.816921577594569903e-02
1.815110795893119799e-02
1.813308676339091263e-02
1.811508068780726816e-02
1.809715972184097049e-02
1.807922128224912633e-02
1.806136948020029692e-02
1.804357132704053485e-02
1.802578845875706104e-02
1.800804958807184636e-02
1.799033137685315809e-02
1.797262001812838239e-02
1.795496894658649839e-02
1.793735433622271197e-02
1.791977533307331089e-02
1.790224655589498642e-02
1.788471365958259340e-02
1.786727472743745992e-02
1.784985309145330212e-02
1.783247464632602836e-02
1.781513414508070769e-02
1.779782920023935400e-02
1.778053455221276224e-02
1.776325193681891484e-02
1.774600523680205932e-02
1.772883987320607313e-02
1.771167785575816778e-02
1.769456471754424914e-02
1.767747244898788123e-02
1.766043386408189253e-02
1.764339580501775306e-02
1.762640249436354944e-02
1.760942744250700021e-02
1.759249054930297346e-02
1.757559077540078729e-02
1.755872121214645948e-02
1.754188843289750110e-02
1.752508787144698571e-02
1.750833675547780466e-02
1.749162109822079841e-02
1.747493171373430687e-02
1.745831120099235884e-02
1.744169091090390367e-02
1.742511453567766044e-02
1.740857972455654018e-02
1.739207216002015138e-02
1.737557044633247783e-02
1.735913686549873242e-02
1.734270044362370283e-02
1.732627683833447979e-02
1.730988512733877549e-02
1.729357204363472789e-02
1.727725854292577745e-02
1.726098041753226786e-02
1.724472627217923937e-02
1.722848149757687936e-02
1.721227303413719323e-02
1.719609839363705345e-02
1.717995072988007937e-02
1.716387685041730060e-02
1.714781010455580790e-02
1.713176754524672191e-02
1.711577080841068799e-02
1.709981385345586691e-02
1.708389093842575812e-02
1.706799271082745650e-02
1.705210977424346380e-02
1.703624061362944697e-02
1.702044039888794824e-02
1.700467562366290292e-02
1.698889361338145471e-02
1.697314757836011767e-02
