4.783623853068814241e-02
5.299868645031021591e-02
5.794481198902165509e-02
6.236824113827636740e-02
6.637454576001358686e-02
7.016238483098935497e-02
7.389538772517448284e-02
7.718446299227442464e-02
8.029706488134863429e-02
8.327030227820744757e-02
8.600220237114018784e-02
8.859302873724868299e-02
9.113350166812538011e-02
9.342708108461604544e-02
9.556594402887108597e-02
9.762385940104133242e-02
9.950301877072492696e-02
1.013604222897008383e-01
1.031055859019572030e-01
1.048439373796669349e-01
1.065077894173434431e-01
1.080556949340185091e-01
1.095965846268551064e-01
1.110301316607146122e-01
1.124549179580318081e-01
1.138083592787902665e-01
1.150897432348489402e-01
1.163010742039614631e-01
1.174867611819546964e-01
1.186137463973891415e-01
1.196660150837510761e-01
1.207153199399053772e-01
1.217096810648636979e-01
1.226762265288420112e-01
1.235766421867594833e-01
1.244455457177862517e-01
1.253036789735077206e-01
1.261191941739515376e-01
1.269164619267523497e-01
1.276508837618355319e-01
1.283952272090176372e-01
1.290796834598599285e-01
1.297541647237447637e-01
1.303864107704463815e-01
1.310023504704218023e-01
1.316121628168645807e-01
1.321936950970143965e-01
1.327672611777543643e-01
1.333067099360317476e-01
1.338137276594503489e-01
1.343078053743518019e-01
1.347801176849953986e-01
1.352484926736705617e-01
1.357058024283545328e-01
1.361271609450657172e-01
1.365432264314799804e-01
1.369556303018565901e-01
1.373532038706757330e-01
1.377380306160452261e-01
1.381042997491234436e-01
1.384585948688929480e-01
1.388012706278850261e-01
1.391339486528392899e-01
1.394482526561862112e-01
1.397442367397209728e-01
1.400413605236786041e-01
1.403368069124775186e-01
1.406050580021471763e-01
1.408706718528366930e-01
1.411231078106585934e-01
1.413788234721976289e-01
1.416176098487999246e-01
1.418469563786708687e-01
1.420793376309832934e-01
1.423001182128667830e-01
1.425054653399292492e-01
1.427148660864614726e-01
1.429122678073703190e-01
1.431081232769499667e-01
1.432953777915491334e-01
1.434737710996178139e-01
1.436372109984213330e-01
1.437978883572898214e-01
1.439533350598984074e-01
1.441163592103629765e-01
1.442756137489938639e-01
1.444212774432385438e-01
1.445592841787448068e-01
1.446942593645723640e-01
1.448291107884585871e-01
1.449555246089281324e-01
1.450771212850150982e-01
1.451947957724885052e-01
1.453096297626091660e-01
1.454228238734431577e-01
1.455313038903360279e-01
1.456360721733972463e-01
1.457344242311512106e-01
1.458363468721426415e-01
1.459319627603983260e-01
1.460231382906547470e-01
1.461140720164292306e-01
1.462046560373304604e-01
1.462919943173792148e-01
1.463767289689552609e-01
1.464493637949930704e-01
1.465234378446313157e-01
1.465972371702340682e-01
1.466719513366403493e-01
1.467434891865907753e-01
1.468095703136485519e-01
1.468742497990344065e-01
1.469384592210738749e-01
1.469987225271455755e-01
1.470574670495767289e-01
1.471126850129409469e-01
1.471630057555588511e-01
1.472174984154307753e-01
1.472704210029183725e-01
1.473190367304231252e-01
1.473652497876213607e-01
1.474105564022948345e-01
1.474526020744508781e-01
1.474905261847389570e-01
1.475280067679221041e-01
1.475625973924797052e-01
1.475907657137851825e-01
1.476200620225563420e-01
1.476496586478752149e-01
1.476810910149464195e-01
1.477080589882466821e-01
1.477369712374120569e-01
1.477626615762624163e-01
1.477823103054612675e-01
1.478055116023465621e-01
1.478251726787968012e-01
1.478458961971485797e-01
1.478630737928104399e-01
1.478824821563028691e-01
1.478994929224896893e-01
1.479137243195647877e-01
1.479300307556718208e-01
1.479431683440800560e-01
1.479559230763381750e-01
1.479676150521859468e-01
1.479791619504485511e-01
1.479890409956620134e-01
1.479998159503087551e-01
1.480083310254388107e-01
1.480142859439576852e-01
1.480198866811103520e-01
1.480239970737187161e-01
1.480265855711633549e-01
1.480265508603204050e-01
1.480294368582614761e-01
1.480296015328427806e-01
1.480293880368726001e-01
1.480285525365261645e-01
1.480263235349675577e-01
1.480240046022072431e-01
1.480188751462060415e-01
1.480173310973100509e-01
1.480122067537097685e-01
1.480071446100042210e-01
1.480030199762899790e-01
1.479957990168430659e-01
1.479889518049325448e-01
1.479824888335323219e-01
1.479748957201718895e-01
1.479653306598763263e-01
1.479562709718510727e-01
1.479475421868578500e-01
1.479378199479403910e-01
1.479275705463920232e-01
1.479184082290555258e-01
1.479042765948727078e-01
1.478944586826218544e-01
1.478794998593389309e-01
1.478644763093015235e-01
1.478452552537863895e-01
1.478277745452621639e-01
1.478114068235986955e-01
1.477951684122817966e-01
1.477766592703992909e-01
1.477584649213098678e-01
1.477406366258520454e-01
1.477217288539305617e-01
1.477022183641809872e-01
1.476812126364346611e-01
1.476604724551675296e-01
1.476431575116172734e-01
1.476212657495412917e-01
1.475984746281527038e-01
1.475756018480705034e-01
1.475547921511439209e-01
1.475325095336075532e-01
1.475133269130953217e-01
1.474952610903109418e-01
1.474712221297374559e-01
1.474478107867986665e-01
1.474278708004153338e-01
1.474060225138878744e-01
1.473839529644743185e-01
1.473604710069092993e-01
1.473387260595491466e-01
1.473153372135718731e-01
1.472913648154130783e-01
1.472669380229071623e-01
1.472432095320191370e-01
1.472210517285323650e-01
1.471994311117349186e-01
1.471758286623458256e-01
1.471528575242284087e-01
1.471279621374763646e-01
1.471035447240285343e-01
1.470770126550817736e-01
1.470522711880591638e-01
1.470262953131694916e-01
1.470007205634817904e-01
1.469730451131361360e-01
1.469472408465623547e-01
1.469199535063300810e-01
1.468917053151276020e-01
1.468662499694450285e-01
1.468370278736354506e-01
1.468074726824496468e-01
1.467780853320279910e-01
1.467472745956179270e-01
1.467199037495058589e-01
1.466898486305662497e-01
1.466588007988445519e-01
1.466286891954418081e-01
1.465967459360762448e-01
1.465683307658877110e-01
1.465369482129585121e-01
1.465047880674907876e-01
1.464750150261487360e-01
1.464473316760739607e-01
1.464169625183660006e-01
1.463855633254418087e-01
1.463536075298880190e-01
1.463211788210262432e-01
1.462896685020615983e-01
1.462592745664469673e-01
1.462270582624397575e-01
1.461932307785906993e-01
1.461609891734236277e-01
1.461302848689111089e-01
1.461000228521641686e-01
1.460694763412057340e-01
1.460379945617703568e-01
1.460039499903235394e-01
1.459713049533119811e-01
1.459393381025868019e-01
1.459070468855588054e-01
1.458743683981539030e-01
1.458416975540040017e-01
1.458106589316450763e-01
1.457779516913768336e-01
1.457458236103578997e-01
1.457115739798831300e-01
1.456810694065174272e-01
1.456494729752742801e-01
1.456165808179063492e-01
1.455832418842986087e-01
1.455542224755302372e-01
1.455216308535658976e-01
1.454851931772231932e-01
1.454521443610504450e-01
1.454200675272149246e-01
1.453854537535229363e-01
1.453522205791014377e-01
1.453180205160551075e-01
1.452845873423397605e-01
1.452497516908431152e-01
1.452138696998068745e-01
1.451776170335110083e-01
1.451452111873101081e-01
1.451091299389887790e-01
1.450732439702762666e-01
1.450395593403930039e-01
1.450034002611542694e-01
1.449670638195214578e-01
1.449315186355639162e-01
1.448952577835533051e-01
1.448603319484861873e-01
1.448268046625285355e-01
1.447913531909431062e-01
1.447583214365577298e-01
1.447246064837224844e-01
1.446899721154729923e-01
1.446539576151655571e-01
1.446176160199713900e-01
1.445826665782357634e-01
1.445476878766858986e-01
1.445109311657326034e-01
1.444757859690597168e-01
1.444430250078950206e-01
1.444083908423092200e-01
1.443754722697974668e-01
1.443397490693624219e-01
1.443047652168373551e-01
1.442674511009383320e-01
1.442334247052233509e-01
1.441994675735299714e-01
1.441618826557835020e-01
1.441278794428337284e-01
1.440905743158537311e-01
1.440549328939754459e-01
1.440189158018021498e-01
1.439840758309934576e-01
1.439486685156780577e-01
1.439134631807091336e-01
1.438778785148507877e-01
1.438417317448793531e-01
1.438056666432807329e-01
1.437688495735640337e-01
1.437334598718996714e-01
1.436960478032384692e-01
1.436604189989427738e-01
1.436247864324443069e-01
1.435903203074169188e-01
1.435543571059184620e-01
1.435187192878074891e-01
1.434862392544108411e-01
1.434516976993341075e-01
1.434157593236250750e-01
1.433800198599095577e-01
1.433442108831158857e-01
1.433088179892819947e-01
1.432738531357447553e-01
1.432395438935523679e-01
1.432043902081225339e-01
1.431698385052388722e-01
1.431363923538830352e-01
1.431032170978080165e-01
1.430689262529641903e-01
1.430330056534157845e-01
1.429991547148646291e-01
1.429642603518333777e-01
1.429297794778380815e-01
1.428960381058065610e-01
1.428616464382249374e-01
1.428275833605150147e-01
1.427934733632391651e-01
1.427599239983984580e-01
1.427246009634889623e-01
1.426907063793633190e-01
1.426576518419691575e-01
1.426216890061180187e-01
1.425873316246138167e-01
1.425534028658665409e-01
1.425194945960022719e-01
1.424858882888554723e-01
1.424535400443008304e-01
1.424195385596483954e-01
1.423862098098280238e-01
1.423522050133854411e-01
1.423190694059021100e-01
1.422848719655498417e-01
1.422493075092102488e-01
1.422146269951713726e-01
1.421797352123290448e-01
1.421476168412222352e-01
1.421128787049037445e-01
1.420775189191743892e-01
1.420427880768135032e-01
1.420085159812957132e-01
1.419755450089333904e-01
1.419412551083605312e-01
1.419069678880663099e-01
1.418742851148727946e-01
1.418412164028433620e-01
1.418083679651376272e-01
1.417752101289244115e-01
1.417403410311355028e-01
1.417065954197300470e-01
1.416744934379261245e-01
1.416397831830052689e-01
1.416072536484382638e-01
1.415740140484071929e-01
1.415416484924018614e-01
1.415070182176988156e-01
1.414735860815961588e-01
1.414401759498570554e-01
1.414080516441099111e-01
1.413747686297788797e-01
1.413401597788404296e-01
1.413066563024047428e-01
1.412744466968613166e-01
1.412408935593838510e-01
1.412082271933871036e-01
1.411770720779227384e-01
1.411437551866897566e-01
1.411099269252021060e-01
1.410786902158458200e-01
1.410457048298845995e-01
1.410123593005846443e-01
1.409813405622049320e-01
1.409487200886568592e-01
1.409157646680440634e-01
1.408839721256910094e-01
1.408512221834347933e-01
1.408201352178891641e-01
1.407875582525629776e-01
1.407550713469273018e-01
1.407239387326286451e-01
1.406912754041826918e-01
1.406601679241971103e-01
1.406296043664729545e-01
1.405969801156451426e-01
1.405653788624172951e-01
1.405344089233697413e-01
1.405011675210109945e-01
1.404708495690261127e-01
1.404387990809213560e-01
1.404074722007871423e-01
1.403756554563503345e-01
1.403428639713386050e-01
1.403104266653610877e-01
1.402786272837537318e-01
1.402461039933805553e-01
1.402134931911130644e-01
1.401822785876793986e-01
1.401511375109429636e-01
1.401202232232846567e-01
1.400882050597299644e-01
1.400568808011579680e-01
1.400247426077504409e-01
1.399928454457915195e-01
1.399622085368168178e-01
1.399314499090531516e-01
1.398986246822609969e-01
1.398670413498536713e-01
1.398353177325497576e-01
1.398036317452820976e-01
1.397740775953890124e-01
1.397446940369914958e-01
1.397126997191505682e-01
1.396804358722999462e-01
1.396488083253192292e-01
1.396175441197939626e-01
1.395862441865388104e-01
1.395539955209763594e-01
1.395228455331151696e-01
1.394914772519289525e-01
1.394604503429469344e-01
1.394302863557925765e-01
1.393997630050487491e-01
1.393693813422726135e-01
1.393375936032169582e-01
1.393065203384857842e-01
1.392749998388897736e-01
1.392433554805284079e-01
1.392121025780476695e-01
1.391815101791086529e-01
1.391504825754137087e-01
1.391195304042470993e-01
1.390893808193377768e-01
1.390592862662693163e-01
1.390299904095473049e-01
1.390002348239274821e-01
1.389711784921816295e-01
1.389401840800583710e-01
1.389094861777987466e-01
1.388808347102181429e-01
1.388496013038057197e-01
1.388194442300943188e-01
1.387887136623548734e-01
1.387585184070141142e-01
1.387289926874431534e-01
1.386988760555138422e-01
1.386686471825797629e-01
1.386382834294108968e-01
1.386076471269807597e-01
1.385779107125913734e-01
1.385476989600072095e-01
1.385168412166748464e-01
1.384880334979269323e-01
1.384576519766759217e-01
1.384277936694722766e-01
1.383971838703626500e-01
1.383688662739959163e-01
1.383379418546474005e-01
1.383072091493394162e-01
1.382773249077894062e-01
1.382480272463207094e-01
1.382176875773952207e-01
1.381888594708315654e-01
1.381604950756922801e-01
1.381310546026696673e-01
1.381022190660103344e-01
1.380739139852566189e-01
1.380429882460406377e-01
1.380147994747768780e-01
1.379859427271367955e-01
1.379572206221436614e-01
1.379273136831225821e-01
1.378985443779500997e-01
1.378696442053711502e-01
1.378422357663466880e-01
1.378119681490068416e-01
1.377824446948075487e-01
1.377528187892584355e-01
1.377229544901447944e-01
1.376941432597252046e-01
1.376650256113104154e-01
1.376373460137353955e-01
1.376084630193981917e-01
1.375798728129135895e-01
1.375501550904141279e-01
1.375206881670914538e-01
1.374916257801845620e-01
1.374624598598793435e-01
1.374334920558373807e-01
1.374047023407008739e-01
1.373756363018204252e-01
1.373484856919347519e-01
1.373198178448851170e-01
1.372915069276309796e-01
1.372627591708471262e-01
1.372330408628237852e-01
1.372031727577743554e-01
1.371740885436440460e-01
1.371456717826141924e-01
1.371155684455897528e-01
1.370846829112502552e-01
1.370551300530275518e-01
1.370279391181031536e-01
1.369991114848130020e-01
1.369705822840761311e-01
1.369412070283520244e-01
1.369128408614808112e-01
1.368856308093089336e-01
1.368576493572218888e-01
1.368291815259272404e-01
1.368017754135146258e-01
1.367727463068059424e-01
1.367460167347956390e-01
1.367200860556178899e-01
1.366910312282626494e-01
1.366634674258844495e-01
1.366341432711360160e-01
1.366067417724899369e-01
1.365797145808603508e-01
1.365519078577595857e-01
1.365234298332824725e-01
1.364939224853456423e-01
1.364647087050351593e-01
1.364367023161412451e-01
1.364074250767703944e-01
1.363782832099500741e-01
1.363489528552677965e-01
1.363208253863770758e-01
1.362938011299119900e-01
1.362645590129082651e-01
1.362363732173363651e-01
1.362076503332068367e-01
1.361778614945200472e-01
1.361502894189670076e-01
1.361214237662334292e-01
1.360937476600284635e-01
1.360671656572391142e-01
1.360399305142598880e-01
1.360107999850176108e-01
1.359823097260749181e-01
1.359530019369456499e-01
1.359247164714100231e-01
1.358960197078736554e-01
1.358663516130288740e-01
1.358407281713185921e-01
1.358133424574081982e-01
1.357842417892743958e-01
1.357568345724270709e-01
1.357290196331329690e-01
1.357003515966322960e-01
1.356723842212279041e-01
1.356434742737900601e-01
1.356154749174056651e-01
1.355873942976320301e-01
1.355611809844594895e-01
1.355335692436629158e-01
1.355083356318442511e-01
1.354805339795182029e-01
1.354523068025489663e-01
1.354254990090066613e-01
1.353971732427311503e-01
1.353685892155879755e-01
1.353400444494783361e-01
1.353132079484589134e-01
1.352860687712959531e-01
1.352584532897098679e-01
1.352305263289289294e-01
1.352020026713064427e-01
1.351737723595428653e-01
1.351466394794627879e-01
1.351182507482736883e-01
1.350910523953019748e-01
1.350632687202471260e-01
1.350353735880649997e-01
1.350068960918383021e-01
1.349798371120890239e-01
1.349538376156939334e-01
1.349259080910643060e-01
1.348972439552671987e-01
1.348695325024238389e-01
1.348427382711686051e-01
1.348158138716121779e-01
1.347875340612389727e-01
1.347620645094865788e-01
1.347347138661682264e-01
1.347064624935229160e-01
1.346801158912270535e-01
1.346531956299266974e-01
1.346248988035093352e-01
1.345971165869060959e-01
1.345708622516606501e-01
1.345447869170584287e-01
1.345168946281830313e-01
1.344897436119908973e-01
1.344624648157969615e-01
1.344354754900652926e-01
1.344092707362357642e-01
1.343822434873510607e-01
1.343541742081550139e-01
1.343270933129513955e-01
1.343009177657182307e-01
1.342751190883301748e-01
1.342498911905940506e-01
1.342238902917732291e-01
1.341961623516166324e-01
1.341704057128596805e-01
1.341439301959594099e-01
1.341185944982295208e-01
1.340928405112534194e-01
1.340662659207461360e-01
1.340400973136723906e-01
1.340132352235448021e-01
1.339879696217236571e-01
1.339617902038426345e-01
1.339357027566100145e-01
1.339087617516103446e-01
1.338808134918888781e-01
1.338555529700235225e-01
1.338289714209272563e-01
1.338012836432779240e-01
1.337749996574579825e-01
1.337480913299247953e-01
1.337216237051695455e-01
1.336966822497047402e-01
1.336718881800920411e-01
1.336479888792705406e-01
1.336216045592276691e-01
1.335957520075738703e-01
1.335689005600485257e-01
1.335440753454990304e-01
1.335175117229604469e-01
1.334918858051693247e-01
1.334658122995444063e-01
1.334391502838706001e-01
1.334134771939199937e-01
1.333883707117183570e-01
1.333617647312401733e-01
1.333361365293402601e-01
1.333101338436789851e-01
1.332844207035193407e-01
1.332581552327674612e-01
1.332309268135884184e-01
1.332050402135604716e-01
1.331794159649609677e-01
1.331542103430606028e-01
1.331278411278438434e-01
1.331041155770691653e-01
1.330781040844637997e-01
1.330540757533180407e-01
1.330295920380469565e-01
1.330037138139069930e-01
1.329794083583289155e-01
1.329549997465823141e-01
1.329300951559494182e-01
1.329048460071575177e-01
1.328794681930022814e-01
1.328532197137737569e-01
1.328278801035971957e-01
1.328035606974309613e-01
1.327787903133586245e-01
1.327534919135535674e-01
1.327268352673949270e-01
1.327018378498720785e-01
1.326771545543745101e-01
1.326510079025995659e-01
1.326258152592413586e-01
1.326000726577667987e-01
1.325752168664251218e-01
1.325499741070869375e-01
1.325244837326314817e-01
1.324998685389163211e-01
1.324756321970321227e-01
1.324524911552849848e-01
1.324273787964372062e-01
1.324014094577437017e-01
1.323776419152610240e-01
1.323529301891040733e-01
1.323278073632896679e-01
1.323030903604617281e-01
1.322795434478122034e-01
1.322533745302902908e-01
1.322289042588325469e-01
1.322060764781801401e-01
1.321820348222644548e-01
1.321563913271767421e-01
1.321318989924653853e-01
1.321067253752550297e-01
1.320819700115904716e-01
1.320573938886757670e-01
1.320321191017775619e-01
1.320084560082832315e-01
1.319836562947819258e-01
1.319605364185640894e-01
1.319366053699962127e-01
1.319118211676374997e-01
1.318869817565745117e-01
1.318637624840084122e-01
1.318384349528720911e-01
1.318137734759776691e-01
1.317896523797246200e-01
1.317658424648017190e-01
1.317413107919862825e-01
1.317164938170606314e-01
1.316927360573509065e-01
1.316690722260562829e-01
1.316440890411796072e-01
1.316196451302338866e-01
1.315950291451098153e-01
1.315708275865611621e-01
1.315467070797237126e-01
1.315238429765637485e-01
1.314993296604433093e-01
1.314752611842371077e-01
1.314520799103063575e-01
1.314282640817485970e-01
1.314046568196909071e-01
1.313804844952053408e-01
1.313574415262425965e-01
1.313343923336884600e-01
1.313100293736390867e-01
1.312864732673327539e-01
1.312631950698548711e-01
1.312383778907031950e-01
1.312143576531908662e-01
1.311908486544263175e-01
1.311684436366714612e-01
1.311449277438766492e-01
1.311221218752377793e-01
1.310986096451162430e-01
1.310754218459173892e-01
1.310515480272902988e-01
1.310275906741755481e-01
1.310041956058188295e-01
1.309811554421965729e-01
1.309585818042723337e-01
1.309351700514667372e-01
1.309117048456163446e-01
1.308873222479074450e-01
1.308648773495302564e-01
1.308427556059714725e-01
1.308203362152675908e-01
1.307973442704481182e-01
1.307744404067723853e-01
1.307520914637968490e-01
1.307289346672289576e-01
1.307061698446474463e-01
1.306827163442015327e-01
1.306602590968605759e-01
1.306374229998681080e-01
1.306141450116944658e-01
1.305913930324250627e-01
1.305684779479308888e-01
1.305462790340055912e-01
1.305233143176188770e-01
1.305008683366019606e-01
1.304774922679743099e-01
1.304547710230100077e-01
1.304307571474480620e-01
1.304083948605960497e-01
1.303855588954633271e-01
1.303651696195179399e-01
1.303419789655900496e-01
1.303199860574011937e-01
1.302980538908309893e-01
1.302761975568120234e-01
1.302544106252368217e-01
1.302327320499871155e-01
1.302105088012848744e-01
1.301877678981937514e-01
1.301663096385074214e-01
1.301433273398954760e-01
1.301217234722159000e-01
1.300999725008972763e-01
1.300786535218455553e-01
1.300560858263425379e-01
1.300345087329819183e-01
1.300128065251217602e-01
1.299898264463696940e-01
1.299674280566950613e-01
1.299462688260387688e-01
1.299247944349956885e-01
1.299025639503112450e-01
1.298805997161681658e-01
1.298572605281765879e-01
1.298355052461857007e-01
1.298129088645902651e-01
1.297909777078549987e-01
1.297681939026811282e-01
1.297467434518535245e-01
1.297249579792468521e-01
1.297033545283452771e-01
1.296807305841263247e-01
1.296576559923302563e-01
1.296366145291447669e-01
1.296149629116359059e-01
1.295928051346808829e-01
1.295715703830427334e-01
1.295500680022509121e-01
1.295280617644458121e-01
1.295075405707878657e-01
1.294854423054885850e-01
1.294631823318763697e-01
1.294429734164361800e-01
1.294208941037090221e-01
1.293996786823713718e-01
1.293777746951499941e-01
1.293570658747485169e-01
1.293359042138473858e-01
1.293150858745214793e-01
1.292929906649815386e-01
1.292716294476414229e-01
1.292497804595571786e-01
1.292293621812068971e-01
1.292075330442361836e-01
1.291862288328341768e-01
1.291650741388888080e-01
1.291443417530409310e-01
1.291223993873623910e-01
1.291014071204822922e-01
1.290800608209921596e-01
1.290594230947687548e-01
1.290377421729290430e-01
1.290171595726907483e-01
1.289955435592750055e-01
1.289746315447437286e-01
1.289540496900388467e-01
1.289339039738461867e-01
1.289128907843816452e-01
1.288914844848617625e-01
1.288710973096378887e-01
1.288506545811914650e-01
1.288292742506494115e-01
1.288087436728504453e-01
1.287888356841348225e-01
1.287681930409949049e-01
1.287475741527404072e-01
1.287263713363733242e-01
1.287055401139513555e-01
1.286844020446222814e-01
1.286653875061876118e-01
1.286447246276999634e-01
1.286239217813556768e-01
1.286028177918057402e-01
1.285825046161808149e-01
1.285607620622172542e-01
1.285390571748917521e-01
1.285180914771548444e-01
1.284972261068872967e-01
1.284765041665873742e-01
1.284565754989175634e-01
1.284359433144463825e-01
1.284153129986854158e-01
1.283943881927136765e-01
1.283733347130668057e-01
1.283536003662042735e-01
1.283325688947408727e-01
1.283118880238894033e-01
1.282912552460179489e-01
1.282704735283651809e-01
1.282495238958311079e-01
1.282292217407047241e-01
1.282088968717843835e-01
1.281887229178649001e-01
1.281676181923666058e-01
1.281475434382933487e-01
1.281262392377428005e-01
1.281059015310192506e-01
1.280850508839618540e-01
1.280654559004824888e-01
1.280456325683220209e-01
1.280252334345832466e-01
1.280054857936747947e-01
1.279852337625900782e-01
1.279644077805232871e-01
1.279448767393692177e-01
1.279252028336486657e-01
1.279054164610514688e-01
1.278846535750114144e-01
1.278640920451444840e-01
1.278428622745944598e-01
1.278223940918776780e-01
1.278013198315889887e-01
1.277802519299943707e-01
1.277595545153014933e-01
1.277395316825873650e-01
1.277189649336974153e-01
1.276986605459803914e-01
1.276793935422629866e-01
1.276596013051021494e-01
1.276393510831708156e-01
1.276196208434171586e-01
1.275995208657607904e-01
1.275797189792259312e-01
1.275605859432954181e-01
1.275403184795708411e-01
1.275210388743035217e-01
1.275012982570346010e-01
1.274808433100292904e-01
1.274615452472666888e-01
1.274428701751952053e-01
1.274228350106092200e-01
1.274032667629289572e-01
1.273839271529793871e-01
1.273644272166276348e-01
1.273449854153779759e-01
1.273264652527027196e-01
1.273059656125626327e-01
1.272857171846350222e-01
1.272666541285568664e-01
1.272478330975430894e-01
