17 19 24 27 26 24 26 31 23 30 34 22 34 26 27 32 30 33 44 33 32 33 39 33 32 36 43 45 29 46 43 40 47 47 44 47 48 51 54 47 47 45 51 50 44 50 47 44 45 48 47 49 48 47 46 45 52 49 44 45 46 45 48 42 50 40 44 42 44 52 33 29 32 37 42 10 33 29 24 14 31 30 17 24 13 12 13 25 17 11 7 13 10 4 6 7 8 6 6 4
24 23 24 25 20 28 31 23 21 29 27 29 33 35 28 30 34 35 37 38 44 42 41 47 45 44 49 47 38 47 46 45 38 43 50 43 47 50 50 44 49 45 45 51 44 50 48 51 49 48 50 45 47 50 53 45 52 47 45 47 45 46 44 49 47 51 45 41 49 44 38 36 37 41 40 25 24 24 23 30 18 22 21 24 14 12 13 12 23 9 8 7 6 7 8 6 7 4 4 4
21 26 21 26 27 16 27 22 28 21 23 33 26 32 31 34 34 37 28 38 41 32 36 46 36 41 38 46 41 37 42 39 48 37 45 50 46 45 46 46 44 48 47 46 47 51 47 50 46 49 50 44 44 53 47 46 48 47 48 47 51 38 46 38 47 44 48 40 41 37 53 43 43 39 27 25 23 28 18 14 28 19 17 10 16 33 8 6 22 7 8 14 8 4 6 8 5 11 6 6
24 29 22 25 22 29 24 24 29 29 31 26 29 34 34 28 38 23 32 42 42 36 30 35 42 40 40 35 47 48 48 46 43 46 48 43 42 46 47 44 48 48 47 50 49 49 47 44 46 45 48 46 45 52 49 47 48 53 46 48 48 43 46 47 48 39 51 51 43 32 35 36 31 31 55 31 21 37 42 20 16 31 24 17 6 18 10 7 15 10 16 12 7 4 13 6 6 6 4 2
20 26 21 30 24 22 24 27 29 42 35 25 32 36 41 30 41 38 34 35 31 36 36 35 41 42 36 39 49 44 41 44 50 47 43 44 49 45 44 47 42 43 50 52 48 47 44 42 49 50 51 46 50 47 44 50 50 44 50 39 49 45 49 45 50 43 48 45 40 47 50 34 28 34 28 32 30 28 29 30 16 17 16 18 20 9 13 5 8 21 8 10 5 10 8 5 5 7 6 7
19 23 19 26 26 38 23 18 38 21 21 33 26 32 28 34 41 31 32 32 34 45 46 33 42 43 43 37 39 38 42 45 46 45 42 47 44 43 52 42 44 46 42 49 45 45 47 48 52 50 44 48 44 47 47 46 48 45 52 53 42 48 51 50 51 46 45 48 37 48 36 29 37 37 24 25 24 29 22 25 15 10 20 33 7 10 12 6 12 4 18 9 6 5 5 5 4 7 9 4
21 23 21 24 16 26 30 28 29 22 21 34 34 33 29 30 43 44 36 33 35 46 37 40 41 38 33 32 40 44 44 40 47 48 44 44 48 46 47 46 49 42 50 46 43 50 49 46 49 50 50 44 42 48 49 47 50 44 48 45 48 44 45 48 39 39 43 40 48 36 29 45 38 35 34 28 40 24 38 46 22 18 11 5 15 17 12 9 12 16 16 10 6 6 10 4 4 7 4 3
19 22 23 24 19 20 17 25 22 27 26 34 27 30 30 33 25 37 40 34 36 35 38 41 42 43 38 40 42 44 45 40 39 45 46 46 46 49 41 55 44 49 43 48 49 48 46 47 50 49 46 50 51 46 44 52 45 50 44 45 48 46 50 45 44 51 47 47 49 30 40 38 37 37 26 18 18 52 26 28 23 32 14 23 28 24 9 11 17 3 5 9 14 7 8 6 3 5 4 5
25 19 21 18 20 24 28 30 27 31 26 27 26 39 31 44 32 41 34 31 31 44 40 44 42 49 34 41 44 45 47 47 47 36 40 50 45 46 47 51 48 47 48 48 48 46 48 50 48 48 48 48 44 48 48 47 49 45 47 50 48 50 52 35 50 47 48 41 31 35 37 42 31 31 19 31 27 24 18 20 23 15 23 30 14 13 18 14 10 13 7 10 6 7 5 5 8 10 5 5
17 19 31 22 16 25 31 22 26 27 26 33 15 31 34 39 31 31 39 36 36 44 42 38 42 38 44 38 46 45 43 33 43 47 50 44 44 42 46 50 44 48 45 47 43 50 48 49 46 50 48 49 44 49 53 50 47 51 49 46 48 48 48 41 36 47 53 38 46 43 46 32 39 35 35 38 32 34 31 10 29 27 16 22 16 22 5 21 16 17 11 7 6 7 6 11 4 4 5 6
27 17 30 19 25 21 29 27 26 26 21 29 28 32 34 34 33 36 25 42 30 44 47 38 32 38 37 40 44 48 41 41 39 49 52 44 43 44 48 48 49 51 50 47 46 43 43 53 46 51 46 50 50 41 49 48 51 47 46 46 48 41 53 45 45 48 43 48 44 37 38 24 35 32 38 27 32 35 35 21 13 21 17 21 25 16 10 15 14 20 15 5 4 6 5 6 5 7 4 6
13 23 29 29 28 25 25 22 22 24 23 31 43 29 33 33 41 32 37 34 44 40 36 40 40 41 40 37 44 50 41 42 45 42 51 54 48 46 46 51 48 47 50 47 40 48 48 43 49 50 48 43 49 44 43 51 50 49 49 49 48 45 41 41 51 48 44 47 51 42 40 24 42 31 43 36 24 24 9 23 23 15 13 24 20 17 6 7 13 5 8 7 9 5 15 6 5 5 5 5
22 26 22 23 24 24 25 26 22 27 25 26 39 39 36 36 35 28 35 36 36 33 37 37 44 41 47 42 38 37 46 39 43 41 39 48 51 48 45 48 49 46 45 50 53 48 46 47 41 51 51 47 47 45 48 48 46 50 49 51 49 46 47 44 48 43 41 37 33 43 38 45 23 32 53 28 29 25 36 34 17 31 14 10 18 23 7 8 13 20 9 6 6 6 7 9 7 6 5 6
15 25 25 22 20 28 35 22 20 31 34 28 41 31 34 33 33 28 29 36 34 47 34 47 37 45 38 46 46 45 37 45 42 43 41 47 49 46 45 50 50 43 44 46 51 49 49 49 47 50 50 52 50 47 47 50 48 50 50 49 50 46 49 45 43 45 45 36 40 42 34 48 37 33 38 26 34 30 27 34 29 16 16 10 18 6 19 7 14 13 8 5 5 11 10 4 9 10 3 5
13 26 13 20 21 22 17 29 22 34 23 28 32 33 36 32 29 40 34 31 46 44 37 34 51 46 44 37 42 45 39 42 47 51 40 50 45 48 46 47 44 46 49 47 43 50 48 51 49 49 47 45 45 45 49 47 48 46 47 48 54 41 47 39 45 43 38 47 40 45 34 43 38 37 33 31 28 22 42 16 28 14 24 15 10 16 13 19 14 12 12 10 4 5 6 8 7 3 3 6
16 18 14 16 22 22 23 23 20 34 33 26 32 17 26 33 36 42 42 35 41 50 43 30 41 43 40 46 43 37 34 50 41 40 46 42 50 44 48 48 48 50 48 47 48 45 48 45 47 46 48 51 47 47 48 49 44 48 49 45 48 48 49 49 45 52 48 48 46 36 37 23 40 36 38 33 34 37 34 22 31 18 19 10 20 21 7 12 23 7 14 4 5 6 12 3 5 6 6 4
13 22 30 28 20 14 31 14 30 30 34 29 21 21 38 30 29 29 31 40 43 33 43 37 40 44 45 44 40 51 41 48 44 49 46 50 39 41 45 46 38 47 45 47 47 47 49 44 48 46 45 50 47 48 48 45 43 49 45 44 47 50 49 49 46 39 46 43 44 45 45 25 36 31 35 23 27 23 18 18 20 14 26 18 18 10 16 12 10 3 11 7 5 5 4 7 9 6 4 6
23 26 19 14 27 22 25 28 22 29 22 28 35 29 39 41 41 34 33 33 35 39 32 36 39 36 40 42 40 38 37 42 45 46 44 47 46 46 48 46 47 45 50 47 48 48 49 46 48 47 47 48 48 43 47 45 47 49 46 46 51 47 46 46 46 42 54 40 36 50 45 34 42 28 35 35 33 23 19 21 32 23 24 23 30 18 13 12 12 12 12 5 9 3 3 4 4 7 4 4
20 16 15 19 29 28 21 29 19 14 26 27 24 19 45 42 38 44 36 41 44 37 38 40 36 41 43 43 36 49 52 45 45 43 51 49 45 47 43 47 50 48 45 45 51 43 45 49 45 48 47 46 46 47 45 47 49 48 49 51 48 49 47 41 43 43 42 35 48 44 47 44 41 35 43 25 29 24 24 23 20 15 26 27 27 21 13 14 10 6 6 4 13 16 6 4 6 5 5 5
24 21 14 19 31 30 26 29 30 24 28 19 18 24 28 34 31 34 42 32 36 40 35 49 39 40 45 48 45 40 43 43 38 40 36 46 46 41 41 51 46 47 48 47 49 45 48 51 48 47 49 46 50 52 47 48 51 48 42 48 51 48 44 44 51 47 38 43 38 47 36 37 34 27 34 26 33 31 23 31 26 22 17 28 15 20 15 18 13 12 4 9 5 11 3 8 9 5 2 5
24 22 28 17 28 19 29 18 27 32 32 34 29 27 33 31 39 29 40 43 39 34 43 42 43 41 36 44 41 40 39 49 42 41 44 40 48 47 51 47 44 45 44 43 47 53 47 46 44 48 51 50 46 47 50 45 52 46 44 42 44 52 46 44 45 46 50 42 45 30 46 28 34 26 44 36 31 16 22 24 18 24 11 10 14 12 7 16 10 8 7 15 7 5 10 12 5 5 4 4
10 20 27 17 21 21 17 32 23 26 23 23 19 18 31 30 30 38 40 33 29 40 37 44 41 42 43 37 45 46 45 34 51 44 37 45 47 44 42 49 51 47 47 53 47 45 44 42 46 47 45 50 48 51 42 46 46 45 48 48 45 47 43 50 39 50 47 45 50 52 31 33 29 38 31 33 28 36 35 35 21 10 26 21 20 29 3 19 13 9 10 3 9 5 3 4 5 6 5 4
18 18 22 19 23 21 35 29 25 15 33 23 23 21 33 29 31 32 33 28 43 37 35 28 33 40 42 39 42 43 42 40 43 48 45 47 48 49 41 48 50 51 45 50 47 47 50 46 46 47 51 42 53 50 50 43 47 48 39 52 49 40 51 48 49 51 35 49 50 46 36 44 38 29 25 21 29 16 32 17 21 15 23 19 6 17 6 11 8 4 3 9 10 6 3 7 4 6 6 8
18 22 12 19 18 26 36 14 21 30 20 23 26 43 34 36 17 38 39 26 44 29 38 42 42 41 38 42 43 39 28 50 38 43 45 49 46 45 50 46 39 51 44 50 40 46 46 47 52 44 49 50 48 48 44 41 43 47 41 53 45 48 48 44 51 46 45 38 32 43 34 34 31 39 22 13 15 33 35 19 18 25 14 19 17 22 20 6 12 14 4 7 5 4 9 6 9 7 6 6
20 20 22 18 24 22 23 23 32 21 27 28 27 31 27 29 27 34 36 42 33 43 31 44 39 48 48 38 40 41 43 45 44 46 43 45 48 45 47 47 43 43 46 46 48 47 48 45 54 49 46 47 46 51 49 53 50 49 51 47 49 46 41 49 48 45 42 45 48 39 44 29 36 25 31 23 38 44 16 19 22 15 22 17 13 18 7 3 16 8 21 9 10 6 6 6 6 5 5 8
22 17 22 25 23 26 22 20 25 22 30 35 30 25 35 34 28 35 44 42 39 42 39 36 30 40 33 38 48 44 43 48 44 49 50 46 46 48 44 51 46 52 51 49 49 47 48 42 46 47 52 45 45 48 51 38 49 52 47 50 50 47 45 50 43 48 42 43 46 34 44 26 35 25 26 25 20 35 37 25 20 30 10 16 16 14 14 8 12 12 10 9 9 10 11 5 12 6 5 6
18 32 19 23 20 16 29 24 25 29 25 27 33 14 28 37 26 31 29 39 29 42 35 35 36 40 38 33 40 43 43 45 33 43 45 42 44 41 44 41 42 51 37 46 51 46 48 45 47 44 48 47 48 46 50 45 44 48 50 42 42 49 47 47 38 44 37 41 44 35 41 32 35 28 29 18 35 22 23 31 26 27 18 13 33 12 11 6 9 7 11 6 6 6 5 6 8 11 7 5
15 27 21 13 23 27 22 20 19 29 22 24 31 27 22 25 32 36 29 36 36 41 30 37 40 45 38 35 44 43 43 40 45 43 41 47 49 44 44 44 42 48 48 46 47 43 49 46 52 50 41 48 51 45 45 48 50 47 44 46 48 39 48 36 41 48 47 42 48 38 32 37 35 33 34 24 26 21 34 23 22 16 15 14 26 10 12 10 8 15 7 4 9 10 3 7 6 5 5 4
22 19 15 37 25 31 24 25 25 22 29 27 32 40 25 20 28 35 42 38 38 31 34 35 34 34 40 30 42 38 40 45 44 45 46 48 50 43 50 49 50 49 48 48 40 45 48 46 53 49 47 48 47 47 45 47 42 54 51 48 51 46 44 50 40 44 46 38 37 46 44 37 44 36 46 21 42 16 27 10 14 9 33 14 5 22 17 8 15 10 7 7 7 15 10 4 11 6 5 4
16 18 22 17 20 17 18 18 26 29 29 28 28 22 34 25 37 23 43 37 42 39 43 35 40 26 38 38 53 46 44 44 41 49 40 46 42 46 46 47 46 53 45 51 48 46 47 53 50 47 45 46 49 48 48 56 48 49 43 46 49 46 38 48 42 46 44 43 41 39 51 40 32 32 28 34 34 27 24 31 12 22 29 15 22 11 17 19 14 7 8 5 6 7 4 10 6 5 8 5
13 24 20 22 20 28 29 31 26 22 27 29 18 28 29 37 33 29 33 35 35 34 30 32 37 28 44 45 40 37 39 38 46 43 46 47 41 43 47 51 44 49 48 48 48 52 45 49 50 50 49 48 47 46 50 44 51 46 46 49 44 46 49 46 43 37 29 42 48 40 35 36 39 26 39 37 26 31 23 26 21 17 15 27 23 14 14 4 11 4 10 4 5 7 6 6 5 7 5 11
17 24 19 15 29 21 26 19 19 21 29 28 36 36 23 35 26 40 38 32 34 39 34 43 40 42 38 36 49 40 43 42 49 45 42 48 47 39 50 41 50 44 48 45 47 47 46 50 43 49 50 46 47 43 46 49 42 47 47 49 45 48 45 50 44 40 41 36 46 39 41 39 29 24 32 26 43 21 15 27 12 15 18 13 6 26 19 10 14 9 5 12 6 6 4 6 9 5 5 6
24 15 17 19 23 21 23 24 24 23 36 35 26 34 23 26 35 43 31 37 31 37 34 27 42 42 31 36 38 40 45 48 43 36 46 36 40 41 46 45 39 44 41 42 47 48 49 50 46 47 49 48 45 50 52 48 46 44 51 48 48 51 45 39 48 49 40 47 42 49 40 46 41 32 30 15 32 26 16 24 17 35 31 20 15 8 19 20 7 12 5 5 7 11 5 8 5 4 7 2
14 21 18 17 39 24 27 25 23 22 16 29 32 28 22 23 31 27 34 37 45 34 34 42 34 45 50 37 44 41 49 41 42 47 41 47 51 42 46 46 43 47 48 46 48 50 53 49 44 48 48 50 48 47 47 47 47 46 47 43 51 41 48 43 46 52 42 39 38 38 46 33 35 34 19 33 20 23 24 19 31 24 25 9 15 16 13 15 23 11 13 6 5 14 8 10 8 5 4 4
21 15 22 27 33 26 23 26 24 30 26 33 29 35 34 28 24 25 32 36 43 34 38 39 39 37 29 36 45 49 43 45 50 40 37 50 48 38 42 42 47 49 44 40 49 45 47 44 49 45 49 48 45 49 45 46 52 46 49 51 43 52 49 50 40 48 52 42 41 37 35 33 30 32 36 25 34 26 29 29 28 17 19 26 22 15 15 11 8 10 19 10 7 4 8 5 6 4 6 7
20 17 15 17 19 18 19 23 26 22 35 28 23 37 27 32 30 33 32 40 41 36 35 41 37 45 47 37 47 45 38 43 46 45 47 34 51 45 46 46 42 46 49 46 42 45 44 47 47 48 46 49 47 51 43 43 46 50 50 47 50 44 53 42 49 46 45 30 47 48 42 45 25 34 31 34 25 24 23 22 21 31 18 10 19 6 15 12 15 15 11 8 8 6 5 11 6 4 6 5
26 21 18 22 17 28 23 18 26 28 25 27 16 38 33 26 34 33 39 37 39 36 39 38 34 36 33 41 49 37 42 43 42 44 48 48 44 46 47 50 46 51 47 46 48 50 42 46 49 50 49 48 45 47 45 49 45 49 47 49 47 49 46 48 48 39 45 47 41 48 29 34 38 28 32 35 19 32 26 29 18 25 18 7 16 8 14 25 10 6 9 8 11 3 7 5 6 6 6 4
13 17 20 15 18 19 28 18 41 27 23 37 34 27 28 34 25 40 41 27 33 41 43 40 45 36 47 43 42 39 42 42 37 48 45 40 45 48 48 48 46 47 45 47 48 49 49 43 51 45 47 49 46 47 47 46 46 43 43 42 41 51 48 49 41 46 35 40 41 39 43 36 48 38 26 40 26 16 40 30 24 19 18 12 13 9 24 10 21 9 7 11 4 6 4 8 5 5 8 6
21 18 17 13 25 30 17 22 22 21 35 39 28 34 37 36 26 41 33 29 33 37 35 38 42 36 38 32 46 42 43 48 44 49 38 42 44 47 35 46 46 41 45 44 51 44 46 42 52 48 47 53 50 49 46 48 48 46 54 48 48 50 38 50 41 37 50 48 43 25 38 33 30 27 24 31 26 19 17 20 14 19 13 18 18 14 10 12 9 5 6 5 14 7 5 4 5 10 5 5
18 26 24 19 23 27 38 21 34 20 23 42 24 20 32 37 35 35 41 28 32 36 37 30 39 46 31 44 40 41 44 42 41 44 41 43 45 48 47 49 49 49 45 44 43 44 44 49 47 45 45 44 46 49 49 48 45 50 45 53 49 42 45 44 44 43 37 36 36 36 47 31 39 39 33 32 32 32 14 9 19 9 15 10 4 20 6 5 9 8 8 4 14 6 5 10 6 5 7 4
15 14 23 18 24 21 31 20 21 16 30 29 27 26 27 35 35 30 32 29 30 35 40 36 40 33 41 40 46 30 41 42 47 36 43 43 44 47 43 47 46 42 49 43 41 47 45 48 53 51 47 46 50 49 45 49 45 49 48 47 49 49 51 48 49 45 31 48 46 30 39 20 39 33 33 32 21 21 11 20 38 16 10 18 14 11 3 10 6 5 5 7 9 7 6 7 6 8 5 5
22 23 21 21 18 26 20 15 31 20 16 23 36 35 33 26 37 32 31 41 39 48 35 28 44 36 43 37 38 47 39 46 45 43 48 47 46 47 52 43 45 47 49 46 43 44 45 47 50 50 45 43 50 45 49 44 46 46 47 42 41 49 48 44 32 42 47 44 45 38 41 36 29 38 17 38 33 17 34 16 32 31 17 8 8 11 23 10 7 5 3 10 14 3 6 7 6 7 8 6
16 23 16 28 19 21 25 26 14 26 20 27 34 24 30 29 29 40 34 29 36 44 36 36 40 34 47 39 33 46 38 40 41 47 43 53 45 45 44 47 40 43 50 48 40 44 51 49 44 51 50 46 46 49 44 47 49 49 47 46 43 46 45 38 47 47 45 37 41 39 51 37 34 36 38 29 22 36 31 16 22 16 8 21 7 13 9 10 19 11 6 10 11 5 9 9 17 3 6 7
15 21 15 22 25 29 20 30 23 22 23 26 30 22 27 30 41 29 32 30 36 27 32 27 34 42 43 45 45 41 43 40 42 45 45 48 46 43 49 44 48 48 49 44 50 43 46 47 47 49 43 45 48 46 45 45 46 52 50 46 49 50 49 42 41 52 44 32 52 37 34 30 43 33 35 29 31 41 26 40 25 31 12 16 9 13 10 8 15 6 7 9 5 5 4 6 5 7 8 4
21 30 23 15 20 21 21 20 25 30 25 29 28 26 26 33 30 31 38 31 45 47 33 35 37 30 45 35 39 46 41 53 50 47 44 40 44 46 50 44 43 50 49 46 47 50 47 45 47 42 44 51 47 47 46 46 45 45 50 45 46 44 53 44 47 52 41 49 42 39 51 26 33 26 20 19 28 25 20 27 17 30 14 18 20 13 10 11 8 8 6 8 7 6 6 5 5 6 6 4
24 22 15 26 22 22 23 24 16 23 33 23 28 30 26 26 19 40 44 35 34 40 39 34 44 42 41 40 41 42 43 48 46 46 52 43 47 39 43 39 45 45 41 47 48 43 47 44 47 46 48 43 44 50 43 48 46 48 47 42 44 51 44 50 42 42 41 43 45 39 45 44 36 27 31 23 29 18 19 13 19 31 12 18 26 14 10 9 12 13 8 7 11 6 8 9 10 6 6 4
23 22 17 21 16 28 24 21 24 23 21 20 38 34 24 31 29 33 34 35 43 27 44 42 41 37 42 44 43 40 43 41 39 42 47 48 48 45 50 49 38 39 48 47 45 51 44 47 46 47 51 48 50 50 48 44 50 51 46 46 46 48 46 40 47 46 43 49 43 34 37 41 23 41 25 35 23 17 20 37 14 19 15 21 11 19 14 6 5 6 13 6 7 6 5 6 7 5 7 6
24 25 23 25 20 26 29 30 22 23 24 24 30 32 34 39 36 35 25 29 26 39 40 36 44 38 39 37 41 41 38 36 49 41 47 42 46 43 40 44 50 47 39 46 46 44 45 46 50 45 47 44 48 46 48 49 44 45 44 48 40 44 41 50 47 49 44 41 39 41 38 30 24 28 39 34 33 23 22 22 28 14 21 8 23 20 6 11 8 9 12 5 5 12 5 11 5 6 7 6
25 21 25 17 20 20 23 21 13 29 22 23 26 28 25 35 28 19 29 35 35 34 33 35 41 37 37 37 40 38 38 43 45 48 38 45 41 45 42 46 47 48 46 46 46 46 46 47 48 48 48 44 47 46 46 48 40 42 47 44 48 40 45 47 42 42 31 44 39 33 37 40 34 43 37 19 33 28 22 21 28 25 10 10 20 9 13 23 16 8 5 10 11 12 13 7 9 5 3 5
20 20 18 19 19 32 22 24 22 27 30 31 20 33 32 30 31 35 35 29 40 36 31 37 42 36 36 55 36 40 34 47 41 47 44 42 44 50 45 50 44 46 47 49 47 46 44 46 49 47 48 47 44 46 49 49 42 51 45 39 50 43 46 50 46 41 41 40 44 40 41 25 35 22 28 24 27 35 32 15 14 16 24 15 14 13 6 17 8 6 12 5 7 7 10 11 4 3 4 6
16 19 21 23 27 16 23 22 37 23 30 18 25 29 35 23 27 31 34 24 33 35 46 39 44 35 39 53 37 42 44 41 47 48 41 41 43 48 49 46 49 50 44 47 45 44 48 49 49 46 46 52 46 48 46 48 41 50 44 46 44 42 45 40 49 41 42 42 42 43 49 33 35 32 26 16 25 28 14 4 13 11 18 19 18 6 10 13 9 8 15 8 10 7 10 6 5 11 6 6
21 17 24 14 27 25 20 25 31 21 19 45 20 40 28 35 31 26 38 40 44 35 41 25 35 34 36 40 38 38 34 40 51 43 45 38 48 45 48 44 48 44 45 49 44 47 52 45 48 48 47 49 45 47 47 47 49 48 46 49 50 43 49 40 50 38 44 47 41 34 34 37 23 34 23 29 28 11 25 19 15 11 18 29 11 13 4 12 15 9 9 8 11 4 5 4 4 6 6 6
16 17 23 16 18 36 22 29 28 19 36 32 26 28 32 33 39 29 32 38 42 36 37 35 35 35 30 47 39 44 41 50 38 46 44 46 43 41 43 50 42 48 46 46 46 45 48 48 49 44 50 45 44 46 52 51 48 44 51 50 47 45 42 49 46 44 33 46 46 40 28 42 37 19 24 25 24 20 17 19 15 19 19 15 10 13 13 16 13 11 6 5 9 6 3 8 8 4 6 7
22 27 22 17 15 20 19 14 18 21 14 33 36 29 23 32 33 26 42 22 29 44 25 38 40 37 32 38 39 47 47 40 39 39 47 45 44 46 38 37 54 44 49 46 49 49 45 47 43 45 39 45 50 48 47 43 49 44 41 45 48 46 46 44 48 48 46 38 42 40 35 33 32 41 24 41 21 28 17 33 29 19 14 23 9 10 23 12 12 14 5 4 5 5 9 7 6 5 9 5
17 14 12 17 17 29 27 14 34 23 18 24 32 26 32 21 33 29 39 37 19 30 38 39 37 42 38 41 44 49 45 45 47 45 40 43 42 47 44 44 38 54 51 42 46 47 50 46 51 46 51 48 48 47 48 47 45 49 51 34 45 48 41 44 47 45 41 39 49 33 25 32 21 35 35 30 27 15 15 21 29 27 22 25 13 9 19 12 7 12 4 17 4 6 6 4 6 6 4 6
10 29 15 16 15 18 33 24 19 30 28 28 29 25 24 26 34 15 29 32 40 43 42 35 39 40 39 34 38 40 46 38 43 47 36 41 40 51 37 50 49 47 46 44 48 45 46 44 49 53 41 48 50 46 45 41 46 43 48 46 49 44 47 49 42 37 28 44 44 42 35 30 17 20 24 24 24 21 13 19 19 16 13 9 12 14 6 10 14 9 15 4 7 9 6 7 9 3 8 4
22 17 19 24 25 20 20 33 29 28 24 31 26 35 16 27 26 28 26 39 34 35 27 43 29 34 42 38 29 42 39 44 35 37 45 47 42 48 51 50 45 51 45 43 51 45 42 48 49 46 45 46 45 41 43 48 45 48 49 46 44 46 43 39 46 42 33 48 35 34 44 39 47 31 18 38 22 26 28 18 18 14 15 16 12 8 10 10 11 5 15 5 11 7 4 5 5 5 6 5
22 21 26 21 19 25 27 11 11 23 24 32 19 24 27 35 27 25 34 32 35 26 34 31 38 39 34 39 40 40 37 44 46 35 35 45 47 36 45 45 46 44 40 43 50 45 46 45 47 46 51 51 49 50 51 45 43 44 45 39 47 46 45 50 42 44 37 44 47 37 43 41 29 31 24 30 36 28 25 12 17 28 25 17 9 5 23 9 9 14 5 7 5 6 7 4 6 5 8 5
23 22 20 19 25 21 23 20 22 27 28 23 28 32 31 20 27 27 28 33 38 31 42 34 44 37 45 38 42 41 34 41 44 45 47 39 48 50 40 46 46 37 48 50 44 44 52 46 51 46 48 47 43 48 45 53 47 44 46 45 50 48 48 45 42 37 41 39 41 51 35 27 35 40 27 38 24 18 31 24 9 15 9 21 13 16 8 22 21 3 4 5 3 6 7 7 9 12 4 3
24 19 13 20 21 27 15 22 17 40 28 34 31 28 31 31 28 35 34 33 44 34 38 38 32 41 31 42 35 41 45 49 42 44 50 43 41 47 43 44 45 36 42 48 42 46 49 40 48 44 49 43 46 50 45 41 47 47 49 53 47 44 37 49 47 44 36 47 50 34 40 42 26 28 27 27 18 12 15 33 18 28 4 13 10 17 14 9 5 4 12 7 4 7 8 7 7 10 7 3
21 16 29 17 25 16 19 24 26 21 25 24 22 31 31 33 23 36 28 35 36 44 34 47 39 31 29 43 39 41 37 45 38 41 44 45 45 41 43 46 43 44 46 47 45 51 53 40 48 52 47 48 46 44 49 48 51 48 45 48 47 45 51 46 41 45 49 47 41 38 49 52 34 29 39 36 23 26 23 32 39 9 18 17 10 13 6 10 5 5 9 11 5 9 6 5 10 3 11 5
16 26 17 21 26 13 18 25 28 27 26 22 32 24 33 37 32 36 35 28 23 32 43 37 32 35 40 41 41 45 46 41 40 44 50 49 40 48 45 45 47 48 50 44 46 43 40 48 46 42 51 37 44 48 50 47 43 43 40 45 48 43 45 48 46 45 48 41 35 40 29 24 40 31 24 20 25 19 24 21 28 20 14 24 9 11 6 10 10 11 10 8 9 5 5 10 10 8 7 8
18 22 17 15 22 21 18 25 30 26 16 23 27 37 25 26 29 32 31 28 36 34 42 44 42 48 47 39 34 34 28 41 45 41 43 44 43 51 48 50 41 47 43 43 48 49 49 46 47 48 50 45 47 45 50 48 42 50 45 50 50 41 50 50 41 41 43 34 31 40 48 42 40 36 28 45 21 17 32 17 17 14 15 13 7 25 12 4 14 5 9 4 4 6 10 10 7 8 6 9
15 15 22 21 23 26 21 18 14 26 28 26 24 27 24 18 29 29 32 21 37 26 31 35 38 34 33 38 37 39 40 43 49 46 45 43 42 54 48 48 44 42 47 49 45 46 43 44 46 48 46 48 46 44 42 44 46 51 48 47 45 46 40 48 46 45 44 37 43 33 24 38 29 41 32 36 33 23 28 31 31 17 26 14 8 13 14 11 4 9 10 10 5 8 5 12 5 5 9 5
14 19 24 17 18 20 27 22 22 27 21 29 28 28 26 25 22 30 23 33 42 36 39 36 36 45 45 36 45 40 40 47 39 44 39 44 44 39 45 48 43 45 40 46 43 49 45 47 47 49 46 47 43 48 49 51 49 45 49 46 49 47 40 50 42 38 34 47 35 29 31 34 28 32 33 28 22 14 19 24 27 23 4 13 11 6 16 8 12 12 16 6 7 12 6 10 7 6 4 5
18 22 21 18 20 24 20 20 16 26 17 23 17 31 25 28 26 27 32 29 30 34 29 41 36 41 33 40 47 49 41 40 36 46 45 45 47 49 49 44 46 47 47 45 47 48 45 49 49 50 43 49 52 42 45 50 46 44 48 49 44 43 48 47 41 40 42 40 34 46 26 37 30 39 29 30 26 22 25 17 26 16 14 3 17 22 12 15 18 7 5 11 14 6 3 4 4 10 5 7
22 25 27 20 17 19 16 21 25 29 25 18 31 37 38 25 31 23 49 33 30 32 40 34 36 33 42 41 46 33 40 40 38 39 46 38 45 45 38 46 45 45 45 48 48 46 42 49 43 45 48 47 46 44 47 42 46 48 42 46 53 40 43 45 51 42 34 44 39 45 37 23 37 33 35 35 13 34 30 24 22 18 14 18 16 12 15 11 15 14 4 10 6 4 6 6 5 8 3 4
18 22 20 20 32 25 19 30 24 24 25 32 29 23 25 36 30 27 20 33 31 39 38 34 38 44 42 40 32 38 33 37 43 33 50 42 41 49 51 49 39 43 49 52 49 42 44 47 44 49 45 52 46 46 52 49 48 43 46 47 49 46 44 43 38 47 44 45 40 52 36 35 39 31 32 28 28 29 28 24 15 9 28 18 15 6 13 5 7 12 13 7 7 9 4 6 11 7 5 7
17 15 22 19 21 18 17 17 22 38 23 21 28 34 29 27 32 27 35 31 32 38 29 42 36 28 23 40 42 39 37 43 46 44 48 40 42 44 44 44 44 50 47 44 48 53 47 48 43 45 48 51 48 50 48 47 48 46 42 47 47 43 48 48 42 48 41 40 42 43 41 42 29 17 34 18 20 13 26 21 3 26 25 10 16 15 6 23 11 13 10 5 6 6 8 7 7 3 4 4
21 18 17 19 16 29 15 26 26 24 25 25 16 22 20 22 24 28 35 31 34 33 40 27 43 39 39 37 42 39 41 46 38 38 47 40 45 47 43 42 38 44 37 46 47 43 46 47 47 44 38 47 47 47 45 47 45 46 47 49 52 44 43 47 46 51 43 37 49 40 33 40 36 31 32 30 32 13 21 30 5 22 15 4 15 10 13 19 7 12 13 13 8 4 5 5 5 6 4 6
23 24 21 20 14 21 24 15 34 22 38 24 25 26 29 28 38 29 30 35 39 32 45 38 37 41 43 28 37 41 46 45 43 50 39 43 43 52 46 47 49 48 47 47 43 47 46 50 45 43 48 47 40 46 43 45 47 45 48 42 43 44 48 41 37 38 47 42 42 40 33 27 29 42 33 31 44 25 18 24 17 18 25 21 18 14 11 4 14 9 4 8 6 12 8 3 7 5 8 4
19 18 15 28 23 23 22 29 23 26 27 30 19 28 32 28 28 36 34 30 29 37 32 37 34 37 42 37 33 36 31 30 40 42 46 34 50 34 42 45 45 48 47 46 43 39 50 48 49 46 45 44 49 46 48 46 45 48 48 43 48 43 45 37 41 47 39 44 41 33 41 42 30 42 28 23 23 19 9 25 13 28 16 22 4 13 6 15 7 13 4 4 8 6 8 6 7 6 13 9
12 7 21 26 27 17 29 12 20 23 24 23 17 24 32 25 33 36 28 32 37 38 41 35 39 34 40 39 31 38 43 40 33 44 45 44 41 38 47 47 44 49 48 48 44 41 44 50 51 44 49 46 49 45 49 46 46 48 47 44 44 41 43 41 42 47 39 39 42 45 34 32 38 36 31 18 18 25 18 29 7 14 9 16 10 15 11 11 10 7 10 11 6 6 5 8 6 6 8 6
21 18 20 22 18 16 15 31 22 19 28 23 20 29 29 31 38 25 23 40 37 32 34 38 35 38 35 41 41 41 35 41 39 40 36 33 38 41 39 41 39 45 47 41 45 46 45 49 47 46 48 45 50 46 44 44 43 48 47 50 48 48 49 39 50 45 35 42 45 33 33 26 28 35 26 26 21 33 21 34 13 15 13 7 8 16 4 15 9 6 9 16 9 4 5 10 6 6 8 7
10 26 18 25 17 19 17 21 18 33 32 25 33 25 28 25 36 34 46 35 34 35 38 32 40 42 35 37 33 40 49 41 42 44 42 46 42 49 49 40 51 45 41 43 45 47 50 50 46 46 48 46 47 45 45 46 51 39 45 50 47 41 50 44 38 48 48 52 31 44 31 44 13 25 26 26 19 32 16 29 24 22 9 23 11 21 9 23 9 4 7 3 9 5 6 8 7 5 6 9
18 25 18 17 19 16 24 22 15 25 25 24 26 30 30 18 17 43 32 34 35 35 41 35 21 33 41 39 41 34 41 41 44 48 39 48 47 48 44 45 41 45 38 48 49 47 46 48 45 46 50 42 46 45 46 43 48 47 45 44 48 49 37 35 40 38 44 42 37 42 46 27 38 33 30 26 23 25 12 31 22 12 20 17 14 19 9 9 14 5 6 6 6 7 5 7 8 7 6 3
18 15 21 18 22 26 22 28 18 15 23 35 35 36 25 20 35 37 36 26 24 33 38 32 45 33 35 48 41 46 36 43 38 34 43 39 46 39 38 48 46 38 46 42 40 38 48 47 44 46 45 48 44 41 48 49 50 45 47 50 43 39 42 46 50 41 44 40 41 36 31 44 18 37 33 24 24 30 23 24 21 10 18 18 19 16 10 6 11 11 8 10 12 6 5 6 5 3 4 4
17 21 16 26 18 22 22 23 31 26 23 22 33 20 27 32 31 27 41 30 34 24 28 38 30 34 44 45 42 40 43 44 46 46 47 43 46 38 49 42 48 45 47 48 43 48 42 44 47 48 48 47 44 46 47 47 46 40 41 45 41 44 44 42 40 35 48 43 45 37 40 33 34 30 28 36 33 22 23 32 26 16 20 18 8 5 8 16 7 4 11 5 10 6 10 4 8 6 5 7
20 17 15 18 20 20 22 15 21 22 29 20 26 22 24 38 26 32 33 29 42 44 32 36 29 38 36 37 35 35 39 41 45 38 47 49 38 43 43 44 50 46 47 46 48 45 49 42 48 43 47 44 45 41 46 47 48 49 39 40 44 45 51 42 48 33 44 44 44 43 29 35 22 39 34 31 33 15 28 26 21 11 16 4 17 8 13 8 9 6 9 9 5 4 8 12 5 5 6 6
18 25 21 19 19 17 24 17 23 29 31 20 26 31 35 35 34 34 27 33 36 34 42 35 36 37 37 49 43 41 37 42 42 42 37 44 39 44 52 48 46 44 46 51 47 47 47 47 37 46 47 41 49 47 48 46 48 45 46 42 47 46 44 42 39 42 39 40 33 33 38 39 29 26 36 38 14 18 22 26 23 7 14 13 18 12 25 11 9 8 15 6 8 4 6 5 5 7 6 4
20 20 17 13 26 23 27 21 21 23 21 18 13 38 21 31 26 27 31 38 30 30 32 42 36 45 31 37 35 48 37 42 38 39 44 42 43 42 47 40 45 44 47 36 44 43 47 42 51 45 43 43 48 45 48 48 47 48 43 36 50 39 43 39 41 28 34 44 37 29 38 40 38 21 22 24 31 18 20 18 21 26 27 16 15 8 11 10 6 10 16 9 4 6 13 6 8 6 4 9
13 13 15 25 26 18 16 14 27 25 29 28 21 26 24 29 29 28 22 34 25 31 40 25 28 36 42 42 37 36 41 40 44 44 45 39 45 41 40 47 42 46 47 45 47 44 45 46 48 44 41 45 48 41 49 49 46 47 45 46 43 45 39 45 46 46 48 42 37 50 38 43 22 33 31 30 44 17 23 26 16 21 16 11 11 5 25 5 12 19 14 7 8 4 5 5 6 5 3 6
12 23 22 15 14 13 28 27 17 29 24 24 21 30 22 24 29 28 31 31 21 33 34 41 42 23 37 46 41 38 39 37 39 41 50 48 44 45 42 37 49 43 50 47 47 45 50 45 46 46 46 49 53 46 51 49 49 45 47 43 42 43 44 37 49 48 46 42 31 45 47 46 33 17 17 14 31 17 29 21 24 21 7 17 16 15 14 13 5 9 10 7 4 6 7 6 6 4 5 5
21 19 23 17 18 26 16 13 15 21 27 25 22 28 26 30 27 37 30 35 27 25 33 43 33 37 32 32 44 47 41 45 39 40 40 48 47 39 44 42 44 44 49 48 49 40 39 46 44 45 47 43 41 46 49 45 45 43 46 43 49 42 46 47 41 35 41 35 40 43 20 37 15 29 18 30 14 23 3 17 15 16 24 16 10 13 10 14 14 12 9 3 6 5 5 4 3 5 2 5
18 19 27 22 25 18 19 21 25 9 20 22 36 22 20 22 32 24 34 34 35 33 28 43 37 28 32 34 34 42 36 39 41 38 39 40 39 45 44 40 48 37 47 46 46 46 45 47 38 47 46 44 48 45 44 38 47 45 45 44 43 42 42 38 41 36 40 43 46 39 34 42 34 20 25 24 25 34 19 20 16 11 11 7 15 9 24 8 15 5 13 5 8 12 7 7 5 5 6 4
21 15 19 26 21 21 17 16 31 24 33 21 24 19 31 12 32 34 31 26 37 39 37 40 31 30 40 35 34 38 22 42 41 40 40 49 43 42 48 48 41 45 43 45 42 40 47 46 48 48 46 50 47 44 47 49 47 45 47 42 49 45 48 43 49 43 51 45 43 41 38 39 22 27 30 30 35 31 25 14 31 16 14 21 11 5 8 11 15 11 5 6 5 8 5 6 7 5 8 3
14 18 19 26 16 34 27 28 22 26 33 19 35 37 40 29 22 32 37 32 30 43 38 33 31 30 31 37 39 38 40 38 48 48 40 47 40 39 44 44 43 35 42 44 47 41 44 45 48 42 48 42 41 46 48 43 43 46 50 45 48 46 46 46 45 41 42 37 49 44 24 37 31 28 42 33 33 36 24 28 13 29 28 11 18 12 15 16 16 9 11 8 9 7 7 7 5 3 7 5
20 17 20 20 15 25 18 17 21 23 19 17 35 27 30 40 21 26 39 33 32 37 28 28 42 40 39 35 35 46 47 38 38 36 43 40 45 48 46 43 47 45 45 41 52 43 44 45 46 47 46 39 43 45 51 46 41 44 43 44 44 44 46 49 50 44 37 45 38 31 33 34 30 27 35 26 32 28 19 35 13 21 8 21 9 9 14 15 7 5 12 13 7 5 3 6 8 7 4 4
17 20 17 19 24 23 17 16 23 18 29 32 26 29 24 23 31 28 22 34 40 34 34 32 29 42 36 33 43 43 38 37 37 44 38 44 43 41 43 40 41 41 44 44 41 46 46 46 48 47 44 50 42 43 46 48 50 43 40 36 43 45 46 50 40 45 43 37 48 44 42 34 27 38 22 29 27 20 20 39 15 21 16 16 19 5 6 8 12 6 4 5 18 5 6 6 4 5 4 5
27 13 24 15 18 16 25 22 20 25 17 21 21 27 35 18 39 21 31 31 33 31 42 36 27 33 27 35 36 38 37 41 39 47 41 42 45 44 42 46 46 47 43 40 44 47 47 46 42 44 46 44 44 48 46 46 46 47 45 38 42 48 49 36 42 24 33 45 34 38 21 40 27 38 25 18 31 24 25 16 32 17 12 10 14 30 12 4 5 7 6 6 5 4 9 7 6 5 6 7
16 22 18 22 21 28 20 27 21 20 32 27 26 24 20 27 30 41 29 29 23 28 31 31 30 42 39 38 44 38 42 44 34 40 39 41 40 40 44 47 52 44 43 42 40 49 49 42 45 45 41 39 40 45 42 47 45 45 48 43 43 43 45 35 40 41 43 43 43 33 29 33 30 37 30 17 33 28 22 23 14 14 29 10 13 11 10 17 12 6 6 5 5 4 3 8 7 4 7 10
18 20 24 20 18 29 21 26 20 30 26 31 29 32 28 22 24 32 29 38 28 25 38 35 35 43 41 32 39 38 39 39 44 39 43 45 43 43 44 38 46 37 46 46 37 45 44 48 40 43 45 45 48 42 45 43 45 45 45 49 36 41 49 43 44 41 44 46 40 38 41 29 42 35 21 11 32 29 25 28 33 20 14 6 20 20 4 7 23 9 10 4 6 10 9 5 7 8 4 6
20 27 18 17 16 16 16 22 25 26 24 27 30 16 23 33 29 33 28 30 30 34 21 33 41 32 36 30 43 40 35 39 31 39 42 36 41 48 39 42 47 43 40 46 40 44 45 43 47 51 41 44 46 47 38 43 45 43 43 49 44 47 42 37 35 43 39 36 28 41 36 37 40 30 27 26 27 18 12 22 15 10 19 20 12 10 17 12 13 9 6 6 8 12 4 11 6 6 9 6
26 29 13 17 24 18 21 18 30 15 18 19 29 30 30 31 23 22 34 29 31 37 33 39 30 38 27 36 35 35 41 36 35 36 35 40 36 31 39 38 44 42 40 48 45 49 42 42 47 46 46 44 48 43 46 43 48 45 45 41 41 42 49 44 39 49 42 44 34 31 27 46 38 32 40 32 22 23 20 21 19 11 11 30 15 11 5 16 16 7 6 6 7 8 4 7 6 9 5 9
17 16 19 21 18 16 11 12 24 22 17 22 18 30 27 30 29 28 33 25 35 25 26 37 42 35 29 41 45 31 44 41 37 39 47 41 43 44 41 49 42 46 47 42 41 41 44 38 40 44 46 50 43 43 46 46 48 43 48 44 44 46 46 38 50 40 47 41 33 36 44 24 36 25 29 34 36 21 13 19 25 15 12 4 16 18 11 8 4 12 6 4 6 5 12 6 8 7 7 3
20 18 21 16 18 17 18 26 23 22 22 33 22 16 25 18 29 30 24 38 35 36 27 41 30 36 34 40 33 42 40 40 37 43 39 35 46 46 39 41 45 47 39 47 45 43 46 42 43 44 47 46 45 43 45 45 48 41 46 42 47 44 51 38 45 39 37 49 34 43 28 31 25 29 21 25 34 26 5 28 19 13 17 14 13 6 17 10 10 4 5 5 9 16 6 7 7 5 6 7
24 14 22 9 17 18 23 17 20 22 22 26 33 27 33 32 25 30 25 28 23 29 33 42 27 29 41 30 29 41 38 32 39 34 35 37 48 45 42 46 45 44 47 40 42 42 48 41 46 43 42 50 44 46 46 47 36 47 48 46 39 44 41 33 48 44 40 34 46 33 41 38 41 20 18 18 38 16 14 16 23 22 16 12 6 12 8 13 10 10 9 5 5 4 6 8 5 9 5 4
24 19 13 15 18 18 20 12 22 22 21 24 22 30 25 24 28 23 28 34 37 19 34 34 28 33 29 35 38 36 41 43 48 47 39 42 40 48 46 46 46 47 42 44 44 47 40 45 44 46 40 47 48 45 43 45 46 43 45 48 35 40 43 50 44 42 45 39 44 34 36 28 30 33 30 19 26 18 11 30 18 21 16 10 15 14 7 9 15 12 11 6 4 15 5 6 6 6 5 4
15 18 29 15 15 25 26 20 22 23 30 21 24 27 27 34 32 34 37 28 24 38 33 34 35 25 30 34 39 29 41 35 40 44 35 44 36 44 47 47 38 44 46 43 44 41 46 44 44 45 44 50 48 41 39 45 45 45 41 40 44 39 48 41 39 29 45 45 45 42 33 31 37 24 29 27 25 18 18 10 26 16 16 17 10 20 7 11 8 6 16 8 10 6 4 4 7 6 8 3
23 17 15 16 14 16 25 14 20 34 19 19 23 22 32 31 26 22 29 31 35 27 32 27 35 38 35 33 41 40 42 35 42 29 39 41 42 40 46 43 46 32 35 44 39 47 42 47 42 39 43 43 43 48 46 41 47 43 49 45 41 35 40 34 34 38 44 42 39 38 38 32 36 24 21 29 19 17 23 19 17 21 15 17 9 8 12 14 7 27 4 6 11 4 5 6 6 8 7 9
