0.33 0.41 0.43 0.52 0.51 0.44 0.54 0.62 0.45 0.59 0.65 0.48 0.64 0.57 0.60 0.65 0.60 0.69 0.92 0.72 0.69 0.70 0.75 0.66 0.72 0.78 0.93 0.92 0.63 0.89 0.86 0.80 0.96 0.94 0.94 0.95 0.95 0.97 0.97 0.97 0.97 0.96 0.96 0.97 0.95 0.99 0.98 0.97 0.97 0.96 0.97 0.98 0.98 0.96 0.95 0.97 0.99 0.97 0.96 0.96 0.97 0.95 0.98 0.82 0.97 0.84 0.89 0.87 0.91 0.98 0.67 0.59 0.67 0.74 0.80 0.14 0.69 0.48 0.49 0.21 0.51 0.60 0.23 0.41 0.23 0.21 0.13 0.49 0.25 0.12 0.03 0.22 0.14 0.03 0.01 0.01 0.03 0.02 0.03 0.03
0.46 0.45 0.41 0.48 0.35 0.56 0.62 0.42 0.46 0.61 0.53 0.62 0.65 0.67 0.58 0.58 0.70 0.73 0.74 0.80 0.89 0.84 0.86 0.92 0.89 0.89 0.95 0.90 0.87 0.91 0.92 0.93 0.86 0.94 0.95 0.85 0.97 0.89 0.97 0.95 0.96 0.97 0.90 0.97 0.93 0.97 0.96 0.96 0.97 0.97 0.98 0.95 0.96 0.98 0.98 0.97 0.98 0.97 0.97 0.97 0.95 0.94 0.90 0.98 0.95 0.98 0.87 0.78 0.98 0.88 0.87 0.71 0.71 0.80 0.77 0.47 0.39 0.46 0.42 0.49 0.31 0.40 0.39 0.46 0.24 0.20 0.21 0.16 0.41 0.14 0.13 0.03 0.03 0.02 0.03 0.02 0.03 0.04 0.04 0.02
0.37 0.47 0.40 0.47 0.53 0.34 0.53 0.38 0.52 0.43 0.46 0.67 0.60 0.61 0.68 0.66 0.63 0.70 0.56 0.75 0.80 0.69 0.76 0.83 0.81 0.84 0.86 0.95 0.89 0.85 0.91 0.80 0.96 0.82 0.91 0.99 0.95 0.97 0.93 0.96 0.95 0.97 0.97 0.97 0.95 0.98 0.97 0.99 0.98 0.97 0.97 0.97 0.96 0.98 0.93 0.97 0.97 0.99 0.98 0.93 0.96 0.78 0.97 0.77 0.98 0.97 0.96 0.78 0.81 0.77 0.99 0.86 0.80 0.67 0.49 0.50 0.33 0.51 0.39 0.20 0.51 0.32 0.31 0.13 0.21 0.59 0.12 0.03 0.39 0.03 0.12 0.13 0.05 0.03 0.04 0.12 0.02 0.06 0.03 0.03
0.41 0.55 0.41 0.52 0.43 0.53 0.46 0.45 0.56 0.56 0.66 0.52 0.56 0.78 0.72 0.61 0.72 0.54 0.65 0.84 0.81 0.81 0.70 0.79 0.87 0.83 0.85 0.78 0.95 0.95 0.96 0.91 0.93 0.87 0.96 0.92 0.91 0.96 0.93 0.94 0.96 0.97 0.97 0.98 0.96 0.97 0.97 0.95 0.95 0.95 0.97 0.96 0.96 0.99 0.97 0.96 0.96 0.99 0.96 0.98 0.97 0.89 0.88 0.93 0.98 0.77 0.98 0.98 0.88 0.67 0.69 0.64 0.58 0.59 0.98 0.60 0.33 0.68 0.86 0.32 0.32 0.59 0.50 0.31 0.03 0.30 0.12 0.12 0.21 0.13 0.22 0.19 0.03 0.02 0.15 0.04 0.04 0.02 0.02 0.02
0.39 0.43 0.34 0.58 0.46 0.40 0.47 0.53 0.56 0.83 0.68 0.51 0.62 0.75 0.83 0.59 0.87 0.79 0.74 0.69 0.65 0.80 0.78 0.78 0.82 0.75 0.73 0.83 0.96 0.87 0.90 0.92 0.98 0.91 0.98 0.97 0.95 0.90 0.96 0.98 0.89 0.95 0.96 0.96 0.96 0.97 0.97 0.92 0.98 0.96 0.98 0.94 0.97 0.95 0.91 0.99 0.98 0.96 0.97 0.87 0.97 0.96 0.97 0.87 0.99 0.88 0.97 0.94 0.80 0.87 0.97 0.67 0.49 0.69 0.60 0.57 0.57 0.48 0.51 0.59 0.30 0.31 0.24 0.29 0.33 0.12 0.22 0.02 0.12 0.31 0.04 0.12 0.03 0.11 0.03 0.03 0.02 0.02 0.02 0.02
0.35 0.45 0.35 0.42 0.43 0.68 0.46 0.36 0.69 0.44 0.44 0.63 0.49 0.72 0.56 0.66 0.80 0.60 0.68 0.68 0.67 0.89 0.90 0.68 0.80 0.86 0.89 0.75 0.77 0.82 0.91 0.88 0.94 0.79 0.92 0.96 0.88 0.94 0.97 0.96 0.97 0.97 0.85 0.98 0.93 0.94 0.96 0.98 0.97 0.98 0.96 0.97 0.95 0.96 0.98 0.95 0.97 0.94 0.97 0.98 0.89 0.98 0.97 0.98 0.96 0.95 0.97 0.93 0.79 0.88 0.65 0.61 0.69 0.69 0.42 0.50 0.48 0.49 0.40 0.48 0.30 0.15 0.32 0.68 0.11 0.12 0.13 0.04 0.21 0.03 0.31 0.11 0.03 0.02 0.04 0.04 0.04 0.03 0.13 0.03
0.39 0.40 0.40 0.47 0.31 0.50 0.61 0.60 0.62 0.44 0.42 0.67 0.60 0.70 0.57 0.60 0.84 0.84 0.68 0.63 0.75 0.88 0.72 0.82 0.82 0.78 0.76 0.71 0.80 0.90 0.87 0.90 0.96 0.93 0.87 0.94 0.96 0.94 0.95 0.97 0.96 0.90 0.97 0.92 0.96 0.97 0.96 0.98 0.97 0.97 0.97 0.95 0.90 0.94 0.98 0.97 0.98 0.94 0.96 0.92 0.99 0.97 0.98 0.96 0.83 0.74 0.90 0.80 0.87 0.65 0.59 0.87 0.79 0.67 0.62 0.50 0.78 0.41 0.75 0.86 0.41 0.30 0.13 0.03 0.21 0.30 0.13 0.13 0.23 0.23 0.24 0.12 0.04 0.04 0.13 0.02 0.02 0.03 0.03 0.02
0.37 0.39 0.43 0.46 0.41 0.40 0.33 0.48 0.42 0.57 0.49 0.67 0.50 0.60 0.58 0.66 0.55 0.77 0.78 0.77 0.76 0.77 0.79 0.82 0.81 0.80 0.80 0.90 0.86 0.90 0.94 0.82 0.88 0.92 0.97 0.95 0.90 0.97 0.91 0.98 0.93 0.98 0.96 0.96 0.97 0.98 0.97 0.97 0.98 0.98 0.96 0.97 0.99 0.96 0.98 0.98 0.96 0.97 0.98 0.95 0.97 0.98 0.98 0.89 0.89 0.98 0.92 0.97 0.96 0.59 0.85 0.83 0.71 0.74 0.50 0.31 0.32 0.88 0.43 0.50 0.41 0.59 0.21 0.42 0.45 0.32 0.12 0.13 0.22 0.02 0.02 0.12 0.23 0.03 0.11 0.02 0.02 0.02 0.02 0.02
0.42 0.31 0.45 0.35 0.40 0.51 0.50 0.58 0.55 0.56 0.55 0.55 0.56 0.78 0.67 0.87 0.67 0.75 0.73 0.67 0.66 0.90 0.80 0.85 0.89 0.94 0.75 0.78 0.88 0.96 0.90 0.94 0.96 0.82 0.83 0.97 0.89 0.89 0.96 0.97 0.96 0.96 0.97 0.96 0.96 0.96 0.98 0.96 0.97 0.98 0.95 0.96 0.96 0.98 0.98 0.94 0.97 0.91 0.98 0.98 0.97 0.98 0.97 0.79 0.98 0.97 0.96 0.84 0.67 0.70 0.80 0.83 0.59 0.60 0.31 0.59 0.50 0.40 0.30 0.31 0.41 0.22 0.41 0.60 0.20 0.21 0.27 0.20 0.12 0.14 0.05 0.15 0.03 0.03 0.02 0.03 0.12 0.12 0.03 0.03
0.31 0.34 0.55 0.42 0.32 0.46 0.60 0.48 0.49 0.48 0.58 0.63 0.32 0.62 0.65 0.79 0.61 0.65 0.79 0.72 0.71 0.92 0.80 0.80 0.82 0.81 0.86 0.81 0.94 0.89 0.89 0.79 0.90 0.93 0.98 0.95 0.92 0.92 0.96 0.96 0.94 0.97 0.98 0.97 0.96 0.98 0.96 0.97 0.95 0.98 0.96 0.98 0.97 0.96 0.98 0.98 0.97 0.96 0.98 0.97 0.97 0.92 0.97 0.85 0.80 0.97 0.98 0.77 0.89 0.88 0.87 0.66 0.70 0.68 0.67 0.69 0.59 0.66 0.57 0.12 0.51 0.51 0.31 0.41 0.23 0.40 0.02 0.41 0.21 0.24 0.14 0.02 0.05 0.03 0.02 0.13 0.04 0.02 0.03 0.03
0.53 0.35 0.53 0.38 0.48 0.43 0.53 0.54 0.52 0.55 0.43 0.60 0.57 0.69 0.71 0.67 0.72 0.81 0.56 0.88 0.61 0.90 0.92 0.74 0.69 0.77 0.79 0.81 0.93 0.93 0.88 0.88 0.88 0.91 0.96 0.92 0.93 0.97 0.98 0.97 0.98 0.99 0.93 0.95 0.96 0.94 0.93 0.98 0.95 0.97 0.94 0.95 0.98 0.93 0.98 0.96 0.96 0.98 0.95 0.97 0.95 0.88 0.97 0.94 0.93 0.98 0.88 0.90 0.88 0.85 0.71 0.40 0.67 0.63 0.70 0.42 0.67 0.68 0.66 0.33 0.22 0.32 0.26 0.32 0.39 0.30 0.13 0.22 0.21 0.32 0.22 0.04 0.04 0.02 0.03 0.03 0.02 0.03 0.03 0.03
0.25 0.39 0.50 0.58 0.48 0.48 0.44 0.39 0.46 0.50 0.49 0.62 0.83 0.60 0.71 0.66 0.85 0.68 0.75 0.62 0.81 0.80 0.76 0.85 0.87 0.88 0.80 0.78 0.94 0.94 0.83 0.88 0.89 0.88 0.98 0.98 0.94 0.96 0.93 0.98 0.97 0.97 0.97 0.95 0.91 0.98 0.96 0.96 0.98 0.98 0.97 0.95 0.97 0.96 0.93 0.97 0.96 0.96 0.98 0.96 0.97 0.82 0.89 0.93 0.98 0.96 0.89 0.93 0.97 0.89 0.79 0.53 0.82 0.58 0.78 0.66 0.40 0.50 0.14 0.41 0.42 0.24 0.16 0.39 0.31 0.30 0.03 0.04 0.14 0.04 0.02 0.07 0.12 0.02 0.21 0.03 0.03 0.03 0.02 0.02
0.35 0.52 0.46 0.42 0.51 0.47 0.49 0.46 0.40 0.51 0.50 0.53 0.76 0.79 0.71 0.68 0.73 0.53 0.79 0.71 0.70 0.71 0.75 0.78 0.84 0.85 0.96 0.81 0.81 0.83 0.95 0.82 0.91 0.95 0.82 0.93 0.98 0.95 0.96 0.93 0.98 0.96 0.98 0.98 0.97 0.98 0.95 0.94 0.92 0.97 0.97 0.98 0.97 0.95 0.94 0.97 0.95 0.97 0.97 0.98 0.98 0.88 0.96 0.90 0.97 0.88 0.88 0.78 0.70 0.86 0.75 0.96 0.42 0.65 0.99 0.57 0.57 0.47 0.64 0.64 0.30 0.59 0.23 0.12 0.23 0.40 0.04 0.12 0.22 0.33 0.12 0.03 0.04 0.04 0.03 0.12 0.13 0.05 0.02 0.02
0.28 0.46 0.46 0.42 0.42 0.56 0.62 0.47 0.42 0.57 0.74 0.59 0.81 0.67 0.74 0.66 0.73 0.60 0.64 0.75 0.70 0.92 0.73 0.88 0.81 0.89 0.75 0.95 0.96 0.87 0.81 0.92 0.81 0.86 0.90 0.95 0.98 0.97 0.94 0.96 0.98 0.91 0.96 0.98 0.97 0.96 0.97 0.97 0.98 0.98 0.99 0.98 0.97 0.98 0.98 0.95 0.97 0.96 0.98 0.98 0.96 0.85 0.94 0.95 0.89 0.95 0.87 0.70 0.82 0.88 0.69 0.96 0.75 0.70 0.72 0.52 0.74 0.60 0.53 0.61 0.50 0.29 0.27 0.13 0.31 0.12 0.32 0.03 0.23 0.21 0.12 0.03 0.02 0.10 0.12 0.02 0.11 0.12 0.03 0.04
0.27 0.52 0.24 0.41 0.38 0.42 0.37 0.61 0.40 0.63 0.48 0.54 0.60 0.69 0.75 0.64 0.61 0.78 0.70 0.62 0.91 0.92 0.78 0.75 0.93 0.89 0.94 0.80 0.79 0.92 0.86 0.82 0.94 0.96 0.90 0.95 0.87 0.95 0.94 0.96 0.94 0.97 0.98 0.96 0.96 0.98 0.97 0.98 0.98 0.97 0.96 0.96 0.98 0.97 0.95 0.96 0.97 0.96 0.98 0.97 0.97 0.87 0.94 0.80 0.88 0.94 0.85 0.98 0.80 0.87 0.61 0.89 0.78 0.75 0.66 0.54 0.51 0.39 0.80 0.20 0.43 0.21 0.42 0.23 0.13 0.22 0.21 0.31 0.23 0.13 0.14 0.13 0.02 0.04 0.03 0.03 0.02 0.03 0.01 0.03
0.30 0.32 0.25 0.29 0.44 0.50 0.43 0.41 0.40 0.70 0.71 0.51 0.67 0.37 0.50 0.67 0.73 0.79 0.83 0.79 0.83 0.96 0.85 0.57 0.82 0.86 0.82 0.93 0.94 0.80 0.78 0.98 0.88 0.82 0.96 0.88 0.97 0.95 0.98 0.98 0.93 0.98 0.96 0.97 0.95 0.97 0.97 0.94 0.95 0.97 0.97 0.97 0.96 0.96 0.96 0.98 0.92 0.98 0.98 0.95 0.95 0.97 0.98 0.98 0.85 0.97 0.98 0.97 0.90 0.76 0.72 0.45 0.78 0.69 0.78 0.60 0.60 0.71 0.60 0.41 0.60 0.33 0.31 0.13 0.33 0.32 0.05 0.15 0.33 0.03 0.21 0.03 0.03 0.03 0.13 0.03 0.02 0.04 0.04 0.03
0.26 0.42 0.59 0.54 0.41 0.30 0.60 0.27 0.59 0.60 0.65 0.63 0.44 0.42 0.77 0.65 0.55 0.69 0.65 0.80 0.76 0.72 0.84 0.83 0.82 0.87 0.87 0.88 0.83 0.97 0.89 0.94 0.85 0.94 0.95 0.97 0.83 0.86 0.96 0.95 0.91 0.96 0.97 0.95 0.97 0.97 0.97 0.97 0.97 0.97 0.97 0.97 0.98 0.97 0.97 0.97 0.96 0.99 0.96 0.96 0.98 0.98 0.99 0.95 0.88 0.80 0.94 0.88 0.86 0.91 0.87 0.57 0.70 0.60 0.63 0.47 0.50 0.39 0.31 0.30 0.41 0.22 0.41 0.23 0.24 0.12 0.22 0.22 0.15 0.03 0.15 0.03 0.02 0.03 0.03 0.03 0.03 0.02 0.02 0.03
0.37 0.47 0.36 0.27 0.53 0.43 0.51 0.52 0.44 0.53 0.48 0.57 0.71 0.56 0.77 0.79 0.81 0.69 0.65 0.71 0.74 0.77 0.69 0.66 0.73 0.77 0.82 0.89 0.82 0.84 0.76 0.86 0.89 0.87 0.86 0.98 0.95 0.98 0.95 0.97 0.92 0.98 0.98 0.97 0.99 0.98 0.97 0.96 0.96 0.93 0.98 0.97 0.98 0.95 0.98 0.96 0.96 0.96 0.94 0.97 0.99 0.97 0.97 0.92 0.94 0.87 0.97 0.84 0.70 0.98 0.90 0.71 0.90 0.63 0.75 0.60 0.59 0.41 0.32 0.34 0.59 0.42 0.41 0.42 0.51 0.31 0.22 0.21 0.12 0.13 0.12 0.03 0.12 0.02 0.02 0.03 0.03 0.04 0.04 0.03
0.39 0.33 0.30 0.39 0.56 0.56 0.41 0.55 0.41 0.31 0.49 0.52 0.51 0.44 0.86 0.80 0.75 0.85 0.73 0.74 0.86 0.75 0.76 0.89 0.72 0.86 0.81 0.93 0.79 0.94 0.96 0.93 0.93 0.91 0.96 0.95 0.95 0.95 0.92 0.90 0.97 0.93 0.97 0.96 0.97 0.94 0.97 0.96 0.95 0.96 0.95 0.94 0.97 0.95 0.95 0.96 0.97 0.98 0.99 0.97 0.90 0.98 0.95 0.91 0.88 0.90 0.86 0.66 0.96 0.86 0.94 0.86 0.79 0.69 0.83 0.49 0.55 0.41 0.43 0.40 0.31 0.23 0.42 0.49 0.50 0.41 0.22 0.22 0.12 0.04 0.03 0.02 0.21 0.21 0.02 0.03 0.03 0.04 0.04 0.03
0.47 0.39 0.33 0.37 0.61 0.59 0.50 0.56 0.60 0.48 0.53 0.38 0.37 0.54 0.58 0.68 0.67 0.68 0.81 0.67 0.80 0.85 0.71 0.91 0.84 0.90 0.93 0.93 0.90 0.87 0.91 0.94 0.84 0.86 0.80 0.97 0.97 0.86 0.86 0.96 0.95 0.95 0.95 0.97 0.96 0.96 0.98 0.97 0.98 0.94 0.97 0.97 0.97 0.97 0.98 0.97 0.97 0.96 0.93 0.97 0.98 0.96 0.93 0.95 0.96 0.98 0.84 0.88 0.78 0.95 0.69 0.74 0.59 0.49 0.68 0.47 0.67 0.59 0.40 0.60 0.41 0.39 0.29 0.50 0.23 0.32 0.21 0.33 0.22 0.21 0.03 0.12 0.03 0.12 0.04 0.07 0.12 0.03 0.03 0.01
0.49 0.44 0.55 0.35 0.53 0.34 0.56 0.36 0.58 0.69 0.65 0.66 0.54 0.52 0.65 0.60 0.77 0.63 0.78 0.88 0.78 0.79 0.87 0.86 0.85 0.80 0.75 0.92 0.82 0.83 0.82 0.97 0.86 0.86 0.90 0.89 0.98 0.91 0.96 0.95 0.95 0.95 0.95 0.88 0.98 0.98 0.96 0.94 0.97 0.93 0.99 0.97 0.95 0.97 0.96 0.92 0.96 0.88 0.95 0.93 0.94 0.98 0.99 0.86 0.88 0.95 0.93 0.87 0.87 0.65 0.88 0.58 0.71 0.50 0.81 0.66 0.62 0.29 0.49 0.47 0.32 0.41 0.13 0.06 0.22 0.14 0.04 0.22 0.11 0.13 0.04 0.22 0.04 0.03 0.12 0.15 0.03 0.03 0.04 0.02
0.19 0.41 0.47 0.33 0.41 0.40 0.33 0.66 0.45 0.50 0.47 0.46 0.39 0.38 0.65 0.62 0.62 0.79 0.83 0.68 0.65 0.84 0.75 0.94 0.82 0.90 0.87 0.86 0.86 0.92 0.95 0.71 0.97 0.90 0.80 0.92 0.95 0.92 0.91 0.96 0.97 0.97 0.97 0.98 0.95 0.98 0.90 0.92 0.97 0.97 0.98 0.97 0.96 0.97 0.96 0.94 0.97 0.96 0.99 0.96 0.97 0.97 0.88 0.94 0.83 0.99 0.90 0.88 0.96 0.98 0.65 0.64 0.59 0.70 0.60 0.60 0.50 0.69 0.69 0.66 0.38 0.13 0.41 0.41 0.32 0.50 0.02 0.32 0.22 0.12 0.12 0.03 0.12 0.02 0.02 0.04 0.03 0.04 0.04 0.02
0.32 0.36 0.44 0.38 0.39 0.43 0.61 0.60 0.49 0.34 0.67 0.40 0.46 0.43 0.69 0.63 0.59 0.69 0.67 0.53 0.87 0.81 0.76 0.63 0.78 0.83 0.85 0.84 0.89 0.88 0.97 0.81 0.92 0.94 0.97 0.94 0.95 0.98 0.86 0.98 0.97 0.97 0.92 0.97 0.97 0.92 0.98 0.96 0.96 0.97 0.99 0.97 0.97 0.98 0.98 0.97 0.98 0.96 0.88 0.96 0.97 0.89 0.98 0.90 0.97 0.99 0.76 0.99 0.97 0.88 0.81 0.88 0.76 0.59 0.50 0.39 0.50 0.30 0.60 0.32 0.39 0.22 0.44 0.32 0.03 0.31 0.03 0.12 0.04 0.03 0.03 0.04 0.12 0.03 0.02 0.02 0.03 0.03 0.03 0.04
0.32 0.41 0.23 0.35 0.31 0.51 0.71 0.33 0.39 0.61 0.42 0.47 0.53 0.80 0.62 0.76 0.37 0.76 0.76 0.59 0.84 0.62 0.76 0.86 0.90 0.85 0.82 0.88 0.91 0.82 0.60 0.96 0.85 0.90 0.94 0.98 0.96 0.96 0.98 0.95 0.83 0.98 0.89 0.98 0.88 0.96 0.97 0.98 0.98 0.97 0.97 0.96 0.97 0.96 0.97 0.93 0.95 0.98 0.86 0.97 0.96 0.95 0.98 0.88 0.96 0.91 0.88 0.78 0.67 0.87 0.69 0.66 0.51 0.72 0.42 0.23 0.30 0.64 0.75 0.31 0.32 0.40 0.23 0.31 0.30 0.33 0.30 0.04 0.10 0.21 0.02 0.03 0.04 0.02 0.03 0.02 0.11 0.03 0.03 0.03
0.38 0.42 0.42 0.33 0.43 0.45 0.48 0.47 0.63 0.45 0.57 0.57 0.56 0.59 0.56 0.63 0.59 0.64 0.76 0.87 0.72 0.87 0.59 0.87 0.81 0.91 0.92 0.81 0.84 0.91 0.87 0.91 0.95 0.97 0.95 0.95 0.93 0.97 0.96 0.97 0.91 0.89 0.97 0.97 0.97 0.97 0.98 0.96 0.98 0.97 0.98 0.96 0.94 0.98 0.96 0.98 0.97 0.97 0.97 0.98 0.97 0.98 0.92 0.99 0.96 0.93 0.96 0.97 0.98 0.79 0.86 0.66 0.73 0.49 0.51 0.41 0.69 0.85 0.30 0.30 0.40 0.22 0.31 0.27 0.22 0.31 0.03 0.03 0.21 0.05 0.32 0.13 0.11 0.03 0.03 0.04 0.03 0.02 0.03 0.03
0.40 0.30 0.39 0.45 0.46 0.51 0.46 0.43 0.52 0.48 0.57 0.62 0.66 0.49 0.70 0.71 0.58 0.73 0.84 0.86 0.81 0.80 0.83 0.78 0.65 0.84 0.71 0.85 0.93 0.89 0.92 0.96 0.88 0.95 0.98 0.96 0.97 0.97 0.91 0.98 0.97 0.97 0.98 0.92 0.95 0.94 0.95 0.93 0.97 0.96 0.97 0.94 0.96 0.96 0.98 0.85 0.97 0.96 0.93 0.95 0.96 0.97 0.97 0.99 0.87 0.97 0.89 0.88 0.94 0.60 0.83 0.55 0.61 0.50 0.49 0.50 0.40 0.60 0.68 0.41 0.38 0.51 0.22 0.32 0.22 0.22 0.23 0.12 0.22 0.22 0.13 0.13 0.04 0.12 0.13 0.02 0.12 0.02 0.04 0.03
0.32 0.57 0.38 0.44 0.37 0.30 0.52 0.47 0.53 0.57 0.54 0.52 0.64 0.35 0.57 0.72 0.50 0.65 0.65 0.79 0.61 0.81 0.71 0.83 0.74 0.92 0.75 0.77 0.84 0.84 0.88 0.94 0.70 0.87 0.94 0.88 0.97 0.84 0.97 0.85 0.89 0.96 0.85 0.96 0.96 0.96 0.97 0.93 0.96 0.97 0.97 0.98 0.98 0.97 0.97 0.96 0.98 0.97 0.97 0.87 0.89 0.97 0.97 0.95 0.84 0.97 0.81 0.95 0.87 0.74 0.84 0.58 0.72 0.59 0.57 0.39 0.60 0.41 0.41 0.63 0.49 0.50 0.31 0.22 0.59 0.13 0.20 0.03 0.12 0.03 0.13 0.03 0.02 0.03 0.02 0.02 0.03 0.13 0.08 0.02
0.26 0.47 0.43 0.27 0.49 0.49 0.41 0.46 0.39 0.62 0.41 0.46 0.63 0.52 0.50 0.56 0.65 0.80 0.60 0.72 0.72 0.81 0.64 0.75 0.81 0.91 0.83 0.78 0.86 0.95 0.86 0.88 0.96 0.89 0.84 0.97 0.98 0.88 0.95 0.96 0.87 0.95 0.97 0.95 0.89 0.95 0.97 0.97 0.98 0.98 0.90 0.96 0.97 0.96 0.97 0.98 0.98 0.95 0.97 0.96 0.92 0.84 0.98 0.80 0.88 0.98 0.88 0.90 0.99 0.77 0.58 0.75 0.68 0.63 0.59 0.45 0.41 0.38 0.59 0.42 0.41 0.23 0.22 0.22 0.48 0.16 0.14 0.13 0.10 0.21 0.03 0.03 0.11 0.07 0.03 0.03 0.02 0.04 0.03 0.04
0.44 0.35 0.32 0.67 0.52 0.52 0.47 0.52 0.52 0.40 0.60 0.60 0.63 0.80 0.54 0.45 0.56 0.71 0.84 0.82 0.74 0.71 0.70 0.74 0.80 0.70 0.85 0.74 0.89 0.83 0.88 0.88 0.90 0.89 0.93 0.95 0.97 0.96 0.98 0.96 0.96 0.98 0.97 0.96 0.96 0.96 0.97 0.95 0.97 0.97 0.97 0.96 0.97 0.95 0.95 0.97 0.97 0.98 0.97 0.97 0.98 0.95 0.94 0.95 0.73 0.82 0.89 0.77 0.78 0.90 0.84 0.69 0.89 0.75 0.86 0.35 0.79 0.31 0.49 0.14 0.24 0.16 0.60 0.22 0.04 0.41 0.30 0.11 0.23 0.17 0.03 0.03 0.02 0.22 0.12 0.02 0.12 0.03 0.04 0.02
0.32 0.31 0.38 0.33 0.43 0.34 0.38 0.34 0.51 0.55 0.60 0.56 0.57 0.43 0.68 0.49 0.75 0.53 0.85 0.75 0.85 0.83 0.87 0.72 0.77 0.56 0.84 0.81 0.98 0.96 0.92 0.91 0.95 0.97 0.82 0.94 0.93 0.90 0.96 0.96 0.96 0.98 0.95 0.98 0.97 0.97 0.95 0.96 0.96 0.97 0.94 0.95 0.95 0.95 0.98 0.98 0.96 0.95 0.88 0.98 0.98 0.97 0.78 0.88 0.95 0.95 0.87 0.89 0.79 0.71 0.97 0.77 0.60 0.60 0.49 0.70 0.61 0.50 0.48 0.51 0.21 0.41 0.58 0.25 0.40 0.12 0.24 0.32 0.12 0.03 0.12 0.03 0.03 0.04 0.03 0.11 0.03 0.02 0.04 0.03
0.24 0.44 0.37 0.41 0.38 0.48 0.55 0.63 0.50 0.44 0.60 0.63 0.40 0.55 0.55 0.68 0.67 0.63 0.70 0.66 0.73 0.71 0.63 0.70 0.80 0.66 0.87 0.87 0.87 0.83 0.85 0.84 0.94 0.90 0.96 0.96 0.89 0.88 0.93 0.97 0.90 0.98 0.96 0.96 0.96 0.98 0.91 0.96 0.99 0.97 0.98 0.97 0.97 0.95 0.97 0.98 0.97 0.95 0.95 0.96 0.88 0.98 0.98 0.97 0.85 0.78 0.61 0.90 0.87 0.84 0.79 0.71 0.75 0.48 0.77 0.71 0.51 0.57 0.42 0.52 0.41 0.22 0.24 0.42 0.40 0.22 0.22 0.02 0.20 0.03 0.12 0.04 0.03 0.02 0.03 0.02 0.03 0.03 0.01 0.06
0.33 0.43 0.39 0.31 0.57 0.39 0.54 0.39 0.40 0.45 0.57 0.61 0.69 0.70 0.53 0.64 0.55 0.84 0.80 0.72 0.70 0.80 0.74 0.89 0.82 0.88 0.79 0.83 0.91 0.86 0.88 0.91 0.92 0.96 0.87 0.97 0.96 0.87 0.99 0.84 0.98 0.92 0.95 0.91 0.99 0.96 0.95 0.97 0.92 0.97 0.96 0.98 0.97 0.95 0.96 0.98 0.95 0.87 0.98 0.97 0.94 0.96 0.97 0.96 0.94 0.83 0.76 0.75 0.90 0.84 0.85 0.69 0.58 0.54 0.66 0.51 0.86 0.34 0.29 0.55 0.19 0.21 0.31 0.20 0.04 0.50 0.35 0.14 0.22 0.04 0.02 0.12 0.03 0.04 0.02 0.03 0.10 0.02 0.03 0.02
0.46 0.32 0.37 0.36 0.42 0.39 0.39 0.47 0.51 0.54 0.75 0.71 0.54 0.64 0.49 0.58 0.70 0.80 0.64 0.76 0.65 0.71 0.74 0.55 0.86 0.89 0.72 0.79 0.80 0.82 0.90 0.96 0.93 0.83 0.94 0.86 0.92 0.89 0.95 0.95 0.91 0.96 0.90 0.92 0.97 0.98 0.97 0.96 0.95 0.96 0.96 0.98 0.96 0.97 0.97 0.97 0.96 0.95 0.98 0.97 0.98 0.98 0.94 0.79 0.97 0.97 0.80 0.98 0.78 0.97 0.86 0.94 0.79 0.61 0.51 0.22 0.60 0.49 0.21 0.41 0.31 0.60 0.60 0.32 0.22 0.13 0.31 0.32 0.02 0.11 0.03 0.02 0.04 0.12 0.03 0.03 0.02 0.02 0.02 0.02
0.23 0.40 0.33 0.33 0.72 0.48 0.54 0.45 0.41 0.46 0.34 0.61 0.65 0.53 0.49 0.45 0.69 0.60 0.77 0.80 0.89 0.65 0.74 0.89 0.76 0.91 0.97 0.83 0.91 0.86 0.97 0.86 0.88 0.86 0.81 0.97 0.98 0.89 0.93 0.90 0.92 0.98 0.96 0.96 0.94 0.97 0.99 0.96 0.92 0.96 0.98 0.99 0.97 0.98 0.97 0.96 0.96 0.95 0.96 0.90 0.98 0.88 0.96 0.79 0.97 0.98 0.81 0.78 0.87 0.78 0.88 0.66 0.69 0.64 0.31 0.58 0.39 0.43 0.42 0.32 0.54 0.49 0.42 0.14 0.22 0.21 0.22 0.23 0.40 0.12 0.13 0.02 0.02 0.13 0.02 0.12 0.12 0.04 0.03 0.04
0.40 0.24 0.45 0.51 0.63 0.46 0.40 0.57 0.51 0.57 0.58 0.64 0.62 0.74 0.70 0.61 0.53 0.50 0.70 0.70 0.91 0.75 0.81 0.86 0.78 0.71 0.68 0.80 0.91 0.96 0.87 0.95 0.90 0.86 0.81 0.96 0.96 0.92 0.91 0.90 0.96 0.98 0.94 0.93 0.98 0.97 0.98 0.96 0.96 0.97 0.96 0.97 0.95 0.98 0.94 0.97 0.97 0.98 0.99 0.98 0.95 0.98 0.98 0.96 0.90 0.87 0.99 0.87 0.85 0.70 0.67 0.69 0.61 0.60 0.70 0.51 0.65 0.45 0.57 0.52 0.51 0.32 0.32 0.45 0.31 0.23 0.23 0.12 0.03 0.13 0.31 0.13 0.03 0.02 0.02 0.03 0.04 0.03 0.03 0.03
0.34 0.31 0.32 0.36 0.43 0.36 0.38 0.43 0.52 0.44 0.66 0.61 0.49 0.75 0.61 0.67 0.63 0.69 0.68 0.81 0.79 0.70 0.73 0.84 0.79 0.92 0.95 0.76 0.89 0.89 0.79 0.87 0.96 0.88 0.95 0.83 0.96 0.95 0.96 0.97 0.93 0.96 0.98 0.97 0.90 0.95 0.94 0.96 0.94 0.93 0.97 0.98 0.95 0.98 0.95 0.94 0.98 0.96 0.98 0.97 0.99 0.93 0.98 0.88 0.97 0.95 0.90 0.60 0.97 0.95 0.80 0.89 0.49 0.69 0.63 0.68 0.49 0.49 0.40 0.40 0.39 0.59 0.31 0.15 0.32 0.04 0.21 0.11 0.22 0.22 0.12 0.12 0.12 0.02 0.02 0.05 0.02 0.02 0.03 0.03
0.43 0.40 0.38 0.42 0.38 0.52 0.44 0.38 0.51 0.56 0.49 0.50 0.31 0.73 0.66 0.58 0.66 0.66 0.79 0.81 0.76 0.78 0.82 0.77 0.71 0.79 0.79 0.83 0.96 0.79 0.87 0.89 0.88 0.94 0.98 0.96 0.91 0.96 0.95 0.98 0.97 0.97 0.96 0.95 0.97 0.95 0.95 0.97 0.97 0.97 0.97 0.96 0.96 0.96 0.97 0.95 0.96 0.98 0.92 0.97 0.93 0.96 0.90 0.96 0.97 0.79 0.91 0.87 0.79 0.94 0.62 0.68 0.87 0.51 0.70 0.69 0.36 0.59 0.50 0.52 0.30 0.41 0.23 0.05 0.23 0.03 0.30 0.41 0.12 0.03 0.12 0.05 0.13 0.03 0.02 0.03 0.04 0.02 0.03 0.01
0.24 0.28 0.37 0.34 0.37 0.35 0.51 0.38 0.75 0.52 0.49 0.73 0.65 0.59 0.56 0.68 0.54 0.83 0.83 0.61 0.70 0.83 0.82 0.81 0.92 0.79 0.92 0.89 0.84 0.78 0.85 0.85 0.85 0.94 0.90 0.91 0.96 0.98 0.98 0.95 0.96 0.91 0.96 0.95 0.93 0.98 0.98 0.96 0.98 0.96 0.96 0.97 0.97 0.97 0.97 0.98 0.99 0.91 0.89 0.88 0.94 0.98 0.94 0.97 0.87 0.88 0.77 0.77 0.84 0.79 0.82 0.67 0.96 0.76 0.52 0.86 0.57 0.28 0.78 0.51 0.40 0.31 0.31 0.15 0.21 0.14 0.32 0.12 0.32 0.12 0.02 0.02 0.02 0.02 0.02 0.03 0.03 0.04 0.02 0.02
0.39 0.34 0.31 0.25 0.48 0.55 0.32 0.44 0.44 0.46 0.73 0.71 0.54 0.69 0.71 0.74 0.57 0.80 0.67 0.63 0.62 0.78 0.72 0.75 0.89 0.72 0.84 0.73 0.92 0.83 0.90 0.98 0.96 0.97 0.83 0.82 0.96 0.98 0.84 0.92 0.95 0.82 0.96 0.95 0.97 0.95 0.97 0.94 0.97 0.97 0.92 0.98 0.97 0.97 0.98 0.97 0.97 0.98 0.99 0.97 0.97 0.95 0.78 0.97 0.92 0.79 0.98 0.97 0.88 0.50 0.75 0.59 0.61 0.51 0.41 0.60 0.42 0.33 0.32 0.39 0.22 0.32 0.23 0.26 0.31 0.22 0.11 0.21 0.13 0.03 0.03 0.03 0.15 0.04 0.03 0.03 0.03 0.13 0.02 0.03
0.37 0.53 0.49 0.42 0.44 0.51 0.73 0.45 0.73 0.40 0.49 0.78 0.50 0.48 0.69 0.76 0.76 0.69 0.83 0.61 0.70 0.74 0.79 0.68 0.84 0.84 0.69 0.92 0.82 0.90 0.87 0.80 0.82 0.96 0.80 0.88 0.89 0.94 0.94 0.97 0.96 0.96 0.95 0.97 0.88 0.96 0.97 0.99 0.93 0.97 0.97 0.97 0.97 0.97 0.96 0.98 0.95 0.97 0.95 0.97 0.97 0.88 0.96 0.90 0.89 0.87 0.80 0.73 0.71 0.69 0.88 0.62 0.69 0.70 0.57 0.60 0.60 0.58 0.23 0.15 0.31 0.12 0.23 0.13 0.03 0.31 0.03 0.04 0.13 0.13 0.11 0.03 0.15 0.02 0.02 0.10 0.05 0.03 0.04 0.02
0.31 0.28 0.42 0.36 0.47 0.44 0.57 0.43 0.40 0.37 0.58 0.56 0.55 0.57 0.56 0.69 0.64 0.65 0.71 0.59 0.67 0.77 0.82 0.83 0.83 0.74 0.89 0.86 0.95 0.73 0.81 0.92 0.95 0.84 0.87 0.92 0.93 0.95 0.90 0.96 0.96 0.94 0.97 0.85 0.93 0.97 0.95 0.95 0.97 0.98 0.95 0.97 0.96 0.98 0.96 0.95 0.95 0.98 0.97 0.97 0.98 0.97 0.97 0.97 0.97 0.89 0.71 0.98 0.97 0.60 0.82 0.40 0.79 0.67 0.59 0.60 0.40 0.41 0.15 0.34 0.68 0.29 0.13 0.33 0.21 0.13 0.03 0.13 0.02 0.03 0.02 0.02 0.12 0.02 0.04 0.03 0.05 0.02 0.02 0.02
0.37 0.42 0.44 0.40 0.33 0.50 0.45 0.31 0.64 0.34 0.41 0.51 0.68 0.77 0.66 0.52 0.78 0.65 0.69 0.83 0.77 0.95 0.73 0.58 0.88 0.82 0.89 0.80 0.78 0.90 0.93 0.95 0.94 0.95 0.96 0.90 0.95 0.95 0.97 0.90 0.96 0.95 0.95 0.96 0.95 0.95 0.97 0.95 0.97 0.98 0.97 0.95 0.95 0.94 0.96 0.96 0.96 0.94 0.97 0.88 0.93 0.95 0.99 0.89 0.67 0.84 0.97 0.83 0.91 0.76 0.84 0.62 0.59 0.74 0.30 0.79 0.60 0.38 0.60 0.33 0.59 0.52 0.33 0.13 0.03 0.13 0.41 0.11 0.04 0.02 0.02 0.07 0.22 0.03 0.03 0.02 0.04 0.03 0.03 0.04
0.30 0.46 0.28 0.52 0.34 0.38 0.51 0.54 0.27 0.55 0.41 0.54 0.70 0.49 0.60 0.61 0.67 0.80 0.66 0.59 0.81 0.87 0.78 0.80 0.84 0.70 0.91 0.88 0.72 0.94 0.82 0.77 0.93 0.94 0.95 0.97 0.96 0.96 0.97 0.96 0.83 0.92 0.96 0.98 0.91 0.95 0.99 0.98 0.96 0.98 0.96 0.96 0.92 0.97 0.97 0.98 0.97 0.96 0.97 0.97 0.93 0.95 0.93 0.83 0.88 0.96 0.98 0.84 0.87 0.79 0.98 0.76 0.68 0.74 0.72 0.51 0.41 0.68 0.49 0.31 0.36 0.30 0.13 0.32 0.12 0.20 0.12 0.13 0.24 0.11 0.04 0.12 0.13 0.03 0.13 0.11 0.21 0.03 0.02 0.04
0.29 0.41 0.28 0.41 0.45 0.57 0.36 0.60 0.44 0.42 0.45 0.54 0.62 0.48 0.52 0.69 0.76 0.64 0.63 0.65 0.74 0.67 0.70 0.62 0.75 0.86 0.90 0.96 0.95 0.84 0.90 0.88 0.92 0.94 0.93 0.96 0.94 0.91 0.96 0.87 0.94 0.97 0.96 0.95 0.97 0.96 0.97 0.97 0.96 0.98 0.97 0.96 0.97 0.98 0.97 0.96 0.98 0.98 0.96 0.95 0.96 0.97 0.96 0.87 0.77 0.97 0.90 0.69 0.96 0.79 0.69 0.59 0.88 0.62 0.69 0.59 0.60 0.72 0.41 0.72 0.45 0.59 0.22 0.22 0.13 0.21 0.13 0.04 0.23 0.03 0.03 0.05 0.03 0.02 0.03 0.02 0.03 0.03 0.04 0.02
0.38 0.53 0.41 0.31 0.40 0.43 0.40 0.40 0.47 0.58 0.55 0.61 0.60 0.51 0.58 0.73 0.61 0.62 0.73 0.67 0.89 0.92 0.74 0.74 0.80 0.61 0.89 0.77 0.84 0.95 0.87 0.97 0.96 0.87 0.94 0.91 0.90 0.94 0.95 0.93 0.88 0.98 0.97 0.96 0.98 0.97 0.92 0.98 0.97 0.95 0.88 0.98 0.96 0.97 0.96 0.96 0.95 0.95 0.98 0.97 0.97 0.94 0.98 0.89 0.97 0.97 0.78 0.99 0.87 0.75 0.99 0.57 0.65 0.51 0.40 0.31 0.51 0.50 0.32 0.51 0.32 0.52 0.20 0.30 0.32 0.21 0.13 0.13 0.01 0.12 0.05 0.02 0.05 0.03 0.03 0.02 0.02 0.04 0.03 0.03
0.43 0.44 0.35 0.46 0.46 0.43 0.47 0.52 0.27 0.43 0.69 0.49 0.64 0.55 0.53 0.56 0.44 0.84 0.87 0.77 0.70 0.85 0.85 0.75 0.84 0.88 0.84 0.80 0.83 0.86 0.91 0.94 0.93 0.91 0.95 0.93 0.95 0.85 0.93 0.92 0.96 0.96 0.89 0.97 0.96 0.95 0.95 0.91 0.98 0.96 0.97 0.95 0.94 0.98 0.92 0.97 0.98 0.98 0.95 0.93 0.95 0.98 0.94 0.97 0.87 0.86 0.88 0.93 0.93 0.78 0.92 0.87 0.77 0.56 0.61 0.34 0.50 0.32 0.31 0.21 0.33 0.56 0.21 0.31 0.41 0.23 0.12 0.14 0.21 0.13 0.03 0.04 0.12 0.03 0.05 0.04 0.08 0.03 0.02 0.03
0.41 0.44 0.35 0.45 0.30 0.53 0.45 0.39 0.50 0.50 0.42 0.42 0.78 0.65 0.46 0.63 0.60 0.61 0.70 0.72 0.90 0.54 0.90 0.84 0.86 0.72 0.88 0.83 0.87 0.82 0.91 0.88 0.84 0.91 0.94 0.97 0.97 0.97 0.96 0.96 0.86 0.93 0.95 0.97 0.94 0.97 0.95 0.96 0.95 0.97 0.98 0.98 0.98 0.98 0.97 0.94 0.97 0.98 0.96 0.98 0.98 0.93 0.90 0.83 0.97 0.98 0.98 0.96 0.86 0.69 0.69 0.85 0.47 0.78 0.42 0.68 0.47 0.31 0.39 0.69 0.23 0.32 0.22 0.40 0.14 0.25 0.13 0.04 0.03 0.03 0.14 0.03 0.03 0.02 0.03 0.02 0.04 0.02 0.03 0.04
0.41 0.48 0.45 0.45 0.42 0.56 0.53 0.63 0.44 0.47 0.44 0.46 0.64 0.65 0.69 0.80 0.77 0.70 0.58 0.62 0.58 0.85 0.80 0.81 0.91 0.73 0.79 0.76 0.82 0.85 0.76 0.82 0.97 0.88 0.97 0.89 0.89 0.86 0.87 0.90 0.95 0.97 0.87 0.95 0.95 0.94 0.96 0.98 0.97 0.96 0.97 0.97 0.96 0.96 0.99 0.96 0.94 0.96 0.96 0.97 0.84 0.95 0.85 0.97 0.97 0.98 0.88 0.82 0.76 0.88 0.77 0.60 0.50 0.50 0.69 0.68 0.71 0.41 0.39 0.33 0.50 0.21 0.42 0.13 0.32 0.31 0.04 0.12 0.05 0.11 0.14 0.03 0.04 0.13 0.03 0.09 0.03 0.03 0.03 0.02
0.46 0.44 0.45 0.33 0.41 0.39 0.48 0.44 0.28 0.54 0.49 0.46 0.52 0.56 0.53 0.72 0.59 0.45 0.68 0.74 0.71 0.66 0.62 0.76 0.87 0.84 0.81 0.79 0.88 0.81 0.83 0.87 0.88 0.96 0.90 0.94 0.87 0.89 0.91 0.95 0.95 0.98 0.94 0.96 0.95 0.96 0.97 0.96 0.97 0.96 0.95 0.97 0.95 0.96 0.98 0.98 0.90 0.92 0.97 0.88 0.99 0.92 0.98 0.98 0.85 0.85 0.66 0.94 0.81 0.69 0.85 0.86 0.68 0.86 0.70 0.33 0.61 0.50 0.45 0.32 0.55 0.42 0.12 0.13 0.31 0.12 0.21 0.37 0.22 0.11 0.03 0.12 0.13 0.13 0.22 0.04 0.14 0.03 0.03 0.03
0.36 0.36 0.32 0.34 0.37 0.60 0.35 0.53 0.42 0.52 0.62 0.58 0.43 0.68 0.65 0.62 0.70 0.68 0.73 0.63 0.83 0.76 0.69 0.74 0.83 0.75 0.79 0.97 0.76 0.82 0.77 0.96 0.89 0.96 0.96 0.94 0.86 0.97 0.96 0.97 0.89 0.98 0.98 0.96 0.98 0.95 0.96 0.94 0.97 0.96 0.98 0.97 0.96 0.94 0.98 0.96 0.95 0.96 0.97 0.93 0.98 0.94 0.89 0.98 0.96 0.93 0.79 0.78 0.88 0.87 0.88 0.54 0.65 0.49 0.51 0.44 0.51 0.68 0.50 0.22 0.21 0.28 0.41 0.19 0.20 0.22 0.03 0.32 0.04 0.05 0.13 0.03 0.03 0.04 0.12 0.03 0.03 0.04 0.02 0.02
0.32 0.40 0.34 0.44 0.50 0.32 0.43 0.43 0.73 0.44 0.61 0.40 0.52 0.63 0.73 0.51 0.61 0.65 0.70 0.49 0.75 0.73 0.95 0.78 0.83 0.74 0.77 0.96 0.72 0.80 0.91 0.86 0.96 0.96 0.90 0.91 0.91 0.98 0.96 0.94 0.97 0.97 0.95 0.96 0.94 0.92 0.98 0.97 0.97 0.96 0.94 0.97 0.97 0.98 0.96 0.97 0.91 0.96 0.93 0.94 0.95 0.93 0.97 0.83 0.96 0.87 0.88 0.83 0.88 0.81 0.92 0.60 0.59 0.69 0.58 0.32 0.49 0.51 0.21 0.03 0.12 0.14 0.31 0.32 0.32 0.11 0.12 0.13 0.13 0.06 0.21 0.03 0.12 0.04 0.12 0.03 0.03 0.12 0.03 0.04
0.38 0.35 0.48 0.24 0.51 0.48 0.39 0.55 0.61 0.44 0.36 0.82 0.46 0.81 0.64 0.71 0.64 0.55 0.83 0.79 0.85 0.69 0.84 0.60 0.75 0.73 0.74 0.82 0.81 0.86 0.83 0.86 0.95 0.91 0.93 0.82 0.88 0.95 0.96 0.95 0.93 0.95 0.95 0.98 0.98 0.93 0.99 0.97 0.97 0.98 0.98 0.97 0.92 0.97 0.98 0.96 0.97 0.97 0.96 0.98 0.98 0.95 0.96 0.88 0.88 0.81 0.88 0.93 0.79 0.68 0.76 0.69 0.46 0.60 0.48 0.57 0.58 0.12 0.41 0.32 0.26 0.13 0.32 0.59 0.12 0.21 0.04 0.13 0.21 0.12 0.12 0.03 0.13 0.02 0.02 0.03 0.02 0.02 0.03 0.02
0.28 0.35 0.44 0.29 0.36 0.67 0.43 0.59 0.51 0.43 0.74 0.64 0.53 0.59 0.66 0.69 0.80 0.63 0.71 0.77 0.84 0.76 0.80 0.71 0.78 0.80 0.69 0.94 0.89 0.89 0.78 0.95 0.85 0.94 0.90 0.95 0.91 0.89 0.88 0.98 0.86 0.95 0.97 0.95 0.97 0.95 0.96 0.96 0.94 0.90 0.96 0.96 0.94 0.96 0.98 0.97 0.96 0.93 0.98 0.98 0.96 0.87 0.90 0.98 0.89 0.85 0.69 0.95 0.95 0.79 0.52 0.89 0.69 0.41 0.42 0.43 0.42 0.32 0.33 0.31 0.23 0.31 0.29 0.21 0.13 0.21 0.21 0.20 0.24 0.12 0.03 0.03 0.12 0.03 0.03 0.13 0.03 0.02 0.02 0.03
0.38 0.47 0.37 0.36 0.29 0.40 0.36 0.29 0.38 0.40 0.29 0.60 0.69 0.62 0.47 0.68 0.67 0.56 0.89 0.49 0.70 0.85 0.63 0.75 0.80 0.77 0.70 0.88 0.85 0.90 0.96 0.87 0.86 0.80 0.93 0.89 0.96 0.93 0.86 0.80 0.98 0.94 0.95 0.96 0.97 0.97 0.97 0.98 0.96 0.94 0.94 0.96 0.97 0.94 0.95 0.96 0.97 0.94 0.96 0.97 0.98 0.95 0.94 0.96 0.94 0.96 0.87 0.83 0.88 0.76 0.69 0.64 0.56 0.78 0.55 0.79 0.40 0.48 0.33 0.59 0.50 0.32 0.21 0.33 0.04 0.13 0.32 0.16 0.15 0.22 0.03 0.03 0.03 0.03 0.09 0.03 0.03 0.02 0.03 0.02
0.38 0.23 0.23 0.32 0.34 0.55 0.55 0.27 0.69 0.49 0.37 0.47 0.61 0.49 0.67 0.47 0.76 0.59 0.83 0.79 0.48 0.73 0.73 0.82 0.76 0.88 0.77 0.86 0.93 0.96 0.89 0.87 0.96 0.93 0.92 0.88 0.94 0.96 0.95 0.91 0.89 0.97 0.97 0.88 0.96 0.97 0.97 0.96 0.98 0.98 0.98 0.98 0.98 0.95 0.98 0.96 0.97 0.98 0.97 0.79 0.95 0.97 0.89 0.89 0.95 0.98 0.87 0.86 0.97 0.62 0.51 0.66 0.43 0.70 0.70 0.59 0.47 0.23 0.24 0.40 0.49 0.50 0.36 0.40 0.20 0.12 0.30 0.20 0.06 0.12 0.03 0.24 0.02 0.02 0.03 0.02 0.03 0.03 0.02 0.03
0.14 0.54 0.26 0.34 0.28 0.40 0.66 0.47 0.40 0.55 0.58 0.55 0.59 0.54 0.50 0.53 0.74 0.33 0.64 0.70 0.83 0.86 0.85 0.82 0.80 0.83 0.82 0.73 0.86 0.84 0.91 0.81 0.88 0.94 0.84 0.91 0.91 0.98 0.84 0.98 0.97 0.89 0.93 0.98 0.95 0.89 0.97 0.97 0.98 0.96 0.92 0.98 0.98 0.96 0.96 0.96 0.97 0.85 0.98 0.96 0.97 0.96 0.98 0.97 0.96 0.84 0.64 0.88 0.86 0.87 0.69 0.60 0.40 0.39 0.56 0.41 0.40 0.41 0.23 0.32 0.34 0.22 0.21 0.11 0.13 0.23 0.04 0.14 0.24 0.04 0.21 0.04 0.05 0.09 0.04 0.02 0.04 0.02 0.05 0.02
0.38 0.31 0.41 0.43 0.48 0.40 0.38 0.67 0.58 0.62 0.49 0.67 0.59 0.74 0.35 0.56 0.49 0.68 0.56 0.75 0.74 0.77 0.61 0.82 0.58 0.76 0.93 0.84 0.63 0.85 0.83 0.92 0.78 0.81 0.91 0.96 0.87 0.97 0.98 0.97 0.95 0.97 0.95 0.92 0.98 0.92 0.97 0.97 0.97 0.97 0.95 0.97 0.96 0.95 0.96 0.97 0.96 0.97 0.97 0.96 0.90 0.95 0.88 0.85 0.94 0.86 0.75 0.88 0.75 0.70 0.88 0.77 0.89 0.67 0.37 0.78 0.42 0.50 0.53 0.33 0.32 0.22 0.31 0.22 0.15 0.09 0.13 0.12 0.12 0.03 0.22 0.02 0.13 0.03 0.03 0.03 0.03 0.03 0.03 0.05
0.34 0.39 0.45 0.36 0.39 0.42 0.55 0.21 0.22 0.50 0.50 0.66 0.40 0.49 0.62 0.70 0.56 0.52 0.71 0.63 0.69 0.60 0.71 0.65 0.78 0.82 0.72 0.79 0.86 0.85 0.83 0.87 0.94 0.75 0.74 0.94 0.97 0.81 0.97 0.92 0.95 0.92 0.92 0.88 0.98 0.94 0.96 0.94 0.94 0.96 0.97 0.98 0.97 0.97 0.98 0.94 0.96 0.93 0.98 0.88 0.96 0.96 0.88 0.97 0.88 0.89 0.76 0.93 0.89 0.78 0.77 0.84 0.67 0.65 0.51 0.61 0.70 0.45 0.41 0.21 0.30 0.49 0.42 0.29 0.13 0.03 0.39 0.12 0.13 0.21 0.03 0.01 0.04 0.05 0.04 0.03 0.02 0.02 0.03 0.03
0.46 0.40 0.36 0.34 0.51 0.38 0.47 0.37 0.45 0.61 0.58 0.47 0.51 0.63 0.68 0.51 0.62 0.60 0.59 0.71 0.78 0.65 0.84 0.68 0.87 0.77 0.94 0.88 0.87 0.88 0.71 0.82 0.89 0.89 0.90 0.84 0.98 0.97 0.92 0.93 0.95 0.86 0.97 0.98 0.95 0.92 0.97 0.94 0.98 0.96 0.96 0.95 0.95 0.95 0.95 0.98 0.98 0.87 0.88 0.94 0.99 0.98 0.98 0.89 0.90 0.79 0.78 0.84 0.95 0.97 0.70 0.50 0.73 0.77 0.52 0.69 0.49 0.32 0.59 0.41 0.13 0.22 0.13 0.31 0.22 0.21 0.13 0.41 0.32 0.03 0.02 0.03 0.03 0.02 0.11 0.03 0.13 0.13 0.02 0.02
0.43 0.36 0.22 0.39 0.40 0.50 0.29 0.45 0.35 0.73 0.56 0.68 0.61 0.56 0.63 0.58 0.56 0.75 0.70 0.70 0.93 0.66 0.81 0.82 0.70 0.79 0.67 0.89 0.72 0.88 0.94 0.95 0.89 0.89 0.98 0.87 0.90 0.95 0.87 0.90 0.96 0.84 0.87 0.98 0.96 0.96 0.98 0.91 0.95 0.94 0.97 0.96 0.93 0.97 0.95 0.94 0.98 0.98 0.97 0.98 0.97 0.90 0.87 0.95 0.94 0.89 0.72 0.89 0.89 0.69 0.69 0.78 0.52 0.51 0.51 0.50 0.31 0.20 0.29 0.61 0.25 0.51 0.03 0.21 0.12 0.22 0.23 0.13 0.03 0.02 0.13 0.03 0.02 0.04 0.03 0.03 0.02 0.03 0.03 0.02
0.40 0.30 0.54 0.31 0.46 0.34 0.38 0.48 0.54 0.44 0.48 0.49 0.48 0.64 0.65 0.73 0.44 0.80 0.56 0.74 0.74 0.87 0.72 0.90 0.80 0.66 0.69 0.83 0.87 0.86 0.78 0.89 0.80 0.94 0.94 0.88 0.94 0.85 0.87 0.96 0.93 0.93 0.95 0.97 0.97 0.98 0.97 0.91 0.98 0.98 0.94 0.97 0.96 0.94 0.96 0.94 0.97 0.98 0.87 0.97 0.97 0.95 0.97 0.97 0.84 0.89 0.97 0.89 0.88 0.78 0.97 0.96 0.67 0.52 0.76 0.69 0.41 0.44 0.41 0.61 0.74 0.13 0.41 0.31 0.13 0.13 0.03 0.14 0.02 0.04 0.11 0.12 0.02 0.12 0.04 0.03 0.13 0.03 0.12 0.02
0.33 0.49 0.35 0.43 0.47 0.25 0.34 0.50 0.56 0.58 0.55 0.46 0.65 0.50 0.65 0.76 0.63 0.84 0.68 0.61 0.47 0.64 0.77 0.75 0.72 0.80 0.88 0.90 0.84 0.94 0.96 0.85 0.86 0.89 0.97 0.97 0.87 0.96 0.86 0.90 0.97 0.96 0.98 0.97 0.96 0.95 0.93 0.98 0.96 0.89 0.98 0.91 0.90 0.97 0.96 0.96 0.94 0.94 0.94 0.96 0.98 0.92 0.97 0.95 0.96 0.91 0.96 0.86 0.69 0.87 0.57 0.55 0.78 0.59 0.43 0.39 0.43 0.35 0.42 0.37 0.50 0.38 0.23 0.41 0.14 0.13 0.03 0.12 0.13 0.13 0.13 0.02 0.12 0.03 0.02 0.03 0.13 0.03 0.03 0.03
0.34 0.40 0.32 0.33 0.47 0.41 0.37 0.48 0.66 0.57 0.38 0.51 0.56 0.74 0.48 0.59 0.60 0.69 0.74 0.56 0.74 0.76 0.83 0.88 0.86 0.92 0.94 0.85 0.84 0.73 0.65 0.87 0.95 0.88 0.94 0.97 0.88 0.98 0.99 0.96 0.93 0.98 0.94 0.89 0.97 0.97 0.97 0.96 0.96 0.95 0.98 0.95 0.97 0.95 0.97 0.97 0.95 0.98 0.97 0.98 0.98 0.91 0.98 0.97 0.85 0.85 0.87 0.71 0.67 0.77 0.97 0.86 0.78 0.76 0.55 0.87 0.40 0.30 0.59 0.32 0.27 0.23 0.24 0.20 0.05 0.41 0.15 0.03 0.22 0.04 0.14 0.03 0.02 0.04 0.13 0.11 0.04 0.05 0.03 0.11
0.27 0.27 0.42 0.42 0.42 0.53 0.41 0.33 0.29 0.53 0.59 0.60 0.49 0.60 0.59 0.43 0.63 0.61 0.64 0.48 0.75 0.61 0.69 0.83 0.85 0.78 0.70 0.79 0.82 0.82 0.85 0.88 0.96 0.89 0.94 0.92 0.87 0.98 0.95 0.97 0.94 0.90 0.95 0.94 0.99 0.95 0.91 0.94 0.96 0.95 0.96 0.98 0.95 0.95 0.92 0.98 0.91 0.98 0.96 0.98 0.95 0.96 0.92 0.87 0.88 0.87 0.92 0.77 0.89 0.68 0.54 0.83 0.51 0.84 0.59 0.67 0.65 0.43 0.59 0.62 0.55 0.30 0.43 0.22 0.04 0.22 0.20 0.20 0.03 0.12 0.12 0.12 0.03 0.04 0.04 0.14 0.03 0.03 0.05 0.03
0.31 0.34 0.46 0.37 0.39 0.38 0.51 0.52 0.44 0.48 0.45 0.59 0.52 0.60 0.52 0.54 0.47 0.64 0.50 0.68 0.79 0.77 0.82 0.80 0.77 0.93 0.87 0.80 0.93 0.86 0.86 0.94 0.85 0.96 0.87 0.94 0.93 0.85 0.95 0.96 0.94 0.97 0.92 0.96 0.94 0.98 0.96 0.98 0.97 0.96 0.96 0.95 0.95 0.96 0.97 0.96 0.97 0.93 0.95 0.96 0.98 0.98 0.79 0.98 0.92 0.84 0.78 0.97 0.71 0.60 0.63 0.70 0.57 0.60 0.67 0.49 0.41 0.21 0.33 0.49 0.51 0.41 0.03 0.21 0.20 0.03 0.23 0.12 0.12 0.15 0.23 0.05 0.03 0.14 0.04 0.11 0.03 0.03 0.03 0.03
0.36 0.44 0.37 0.31 0.36 0.50 0.40 0.34 0.31 0.50 0.39 0.47 0.35 0.58 0.53 0.61 0.57 0.54 0.65 0.59 0.65 0.71 0.68 0.77 0.77 0.86 0.71 0.79 0.92 0.95 0.85 0.88 0.78 0.95 0.91 0.97 0.94 0.95 0.97 0.96 0.96 0.96 0.98 0.96 0.96 0.95 0.94 0.97 0.96 0.98 0.95 0.97 0.98 0.95 0.93 0.98 0.94 0.94 0.99 0.96 0.91 0.95 0.96 0.84 0.88 0.79 0.88 0.83 0.70 0.86 0.51 0.69 0.60 0.77 0.60 0.59 0.47 0.40 0.50 0.30 0.50 0.23 0.21 0.02 0.29 0.32 0.14 0.22 0.23 0.02 0.04 0.12 0.21 0.03 0.03 0.01 0.02 0.12 0.03 0.03
0.44 0.49 0.50 0.38 0.40 0.37 0.32 0.48 0.45 0.53 0.53 0.43 0.66 0.75 0.71 0.56 0.65 0.54 0.91 0.72 0.70 0.67 0.85 0.68 0.82 0.69 0.88 0.82 0.94 0.68 0.89 0.88 0.81 0.83 0.87 0.84 0.97 0.96 0.90 0.98 0.90 0.89 0.96 0.96 0.96 0.98 0.91 0.97 0.94 0.96 0.95 0.98 0.97 0.95 0.96 0.94 0.96 0.95 0.94 0.97 0.97 0.89 0.85 0.97 0.97 0.85 0.74 0.89 0.86 0.94 0.70 0.52 0.70 0.61 0.67 0.61 0.20 0.61 0.59 0.42 0.35 0.31 0.25 0.32 0.26 0.14 0.23 0.13 0.22 0.21 0.02 0.05 0.03 0.02 0.02 0.03 0.03 0.04 0.04 0.02
0.36 0.39 0.38 0.39 0.61 0.52 0.35 0.61 0.48 0.57 0.57 0.67 0.56 0.47 0.52 0.75 0.63 0.62 0.52 0.67 0.64 0.78 0.81 0.69 0.83 0.83 0.89 0.87 0.73 0.81 0.80 0.81 0.85 0.72 0.97 0.89 0.85 0.97 0.97 0.97 0.88 0.95 0.98 0.98 0.95 0.90 0.95 0.98 0.96 0.98 0.97 0.97 0.96 0.95 0.98 0.97 0.96 0.96 0.96 0.97 0.96 0.96 0.95 0.87 0.85 0.92 0.89 0.88 0.81 0.98 0.72 0.69 0.79 0.60 0.61 0.60 0.56 0.60 0.49 0.44 0.23 0.13 0.51 0.31 0.21 0.04 0.22 0.03 0.12 0.12 0.15 0.02 0.04 0.11 0.02 0.02 0.13 0.02 0.02 0.04
0.34 0.29 0.44 0.36 0.46 0.33 0.36 0.38 0.45 0.68 0.47 0.40 0.57 0.66 0.51 0.59 0.68 0.62 0.71 0.63 0.71 0.84 0.71 0.85 0.78 0.59 0.52 0.83 0.91 0.78 0.76 0.93 0.93 0.86 0.95 0.91 0.91 0.90 0.96 0.89 0.92 0.97 0.96 0.95 0.97 0.99 0.95 0.92 0.95 0.95 0.96 0.98 0.98 0.99 0.95 0.97 0.96 0.96 0.95 0.96 0.98 0.89 0.97 0.96 0.87 0.97 0.86 0.85 0.89 0.89 0.83 0.87 0.65 0.36 0.69 0.30 0.32 0.21 0.51 0.40 0.02 0.50 0.48 0.14 0.23 0.22 0.04 0.32 0.13 0.22 0.13 0.02 0.03 0.04 0.04 0.04 0.03 0.02 0.02 0.03
0.35 0.36 0.28 0.36 0.35 0.50 0.34 0.53 0.55 0.47 0.51 0.51 0.38 0.48 0.47 0.42 0.49 0.61 0.81 0.65 0.77 0.66 0.79 0.59 0.89 0.83 0.82 0.85 0.89 0.83 0.89 0.94 0.86 0.80 0.91 0.87 0.95 0.96 0.86 0.92 0.88 0.92 0.86 0.97 0.95 0.97 0.95 0.96 0.96 0.94 0.91 0.95 0.97 0.97 0.95 0.97 0.96 0.97 0.97 0.98 0.99 0.98 0.88 0.97 0.95 0.97 0.95 0.76 0.97 0.84 0.74 0.78 0.69 0.59 0.65 0.59 0.65 0.22 0.40 0.50 0.04 0.40 0.23 0.04 0.22 0.14 0.22 0.31 0.02 0.12 0.13 0.13 0.11 0.03 0.02 0.04 0.02 0.03 0.03 0.03
0.46 0.44 0.42 0.44 0.32 0.43 0.52 0.35 0.69 0.45 0.71 0.55 0.53 0.52 0.63 0.58 0.73 0.65 0.62 0.77 0.77 0.67 0.92 0.83 0.77 0.82 0.77 0.66 0.75 0.86 0.94 0.93 0.94 0.96 0.88 0.84 0.86 0.97 0.92 0.93 0.94 0.94 0.97 0.97 0.91 0.97 0.96 0.96 0.97 0.96 0.94 0.95 0.93 0.98 0.96 0.97 0.97 0.97 0.95 0.88 0.96 0.97 0.97 0.86 0.85 0.78 0.97 0.78 0.86 0.79 0.70 0.62 0.59 0.87 0.65 0.61 0.81 0.44 0.32 0.41 0.29 0.27 0.41 0.31 0.31 0.23 0.17 0.03 0.21 0.06 0.03 0.07 0.04 0.12 0.02 0.02 0.03 0.02 0.05 0.03
0.36 0.36 0.26 0.50 0.41 0.44 0.47 0.59 0.49 0.57 0.56 0.64 0.42 0.59 0.66 0.60 0.62 0.75 0.71 0.64 0.67 0.75 0.75 0.79 0.73 0.78 0.90 0.84 0.73 0.85 0.73 0.78 0.84 0.88 0.96 0.81 0.97 0.83 0.88 0.92 0.95 0.98 0.97 0.96 0.95 0.89 0.96 0.98 0.97 0.97 0.96 0.96 0.98 0.98 0.98 0.96 0.97 0.96 0.98 0.92 0.98 0.90 0.94 0.79 0.88 0.98 0.89 0.94 0.81 0.63 0.79 0.87 0.65 0.80 0.58 0.44 0.41 0.41 0.19 0.51 0.22 0.50 0.31 0.39 0.03 0.16 0.03 0.16 0.05 0.14 0.02 0.02 0.03 0.02 0.13 0.03 0.04 0.03 0.08 0.12
0.22 0.18 0.36 0.48 0.55 0.29 0.56 0.27 0.43 0.50 0.46 0.50 0.38 0.54 0.67 0.57 0.65 0.79 0.60 0.71 0.84 0.73 0.81 0.71 0.78 0.75 0.85 0.84 0.69 0.84 0.88 0.86 0.81 0.90 0.96 0.94 0.94 0.81 0.95 0.96 0.95 0.98 0.94 0.97 0.97 0.89 0.98 0.97 0.98 0.96 0.97 0.97 0.94 0.91 0.98 0.96 0.96 0.96 0.96 0.97 0.96 0.82 0.89 0.82 0.91 0.98 0.76 0.80 0.80 0.89 0.68 0.60 0.76 0.69 0.60 0.32 0.35 0.41 0.31 0.49 0.11 0.23 0.15 0.31 0.14 0.23 0.12 0.16 0.12 0.07 0.12 0.11 0.03 0.03 0.03 0.03 0.03 0.04 0.06 0.04
0.41 0.35 0.34 0.41 0.36 0.30 0.31 0.65 0.45 0.36 0.60 0.46 0.41 0.59 0.60 0.64 0.69 0.52 0.53 0.84 0.78 0.69 0.70 0.82 0.73 0.82 0.80 0.82 0.86 0.77 0.75 0.91 0.87 0.89 0.83 0.82 0.85 0.92 0.86 0.95 0.90 0.95 0.96 0.89 0.96 0.94 0.97 0.98 0.97 0.96 0.96 0.96 0.98 0.97 0.96 0.95 0.86 0.97 0.95 0.98 0.97 0.88 0.95 0.84 0.95 0.92 0.79 0.84 0.97 0.66 0.70 0.57 0.59 0.69 0.51 0.51 0.39 0.59 0.40 0.65 0.22 0.21 0.22 0.04 0.12 0.25 0.03 0.24 0.07 0.03 0.11 0.23 0.12 0.03 0.03 0.12 0.03 0.03 0.12 0.04
0.21 0.46 0.36 0.46 0.38 0.37 0.36 0.41 0.35 0.64 0.62 0.54 0.64 0.54 0.67 0.50 0.74 0.73 0.91 0.79 0.72 0.78 0.84 0.73 0.83 0.89 0.69 0.85 0.69 0.81 0.95 0.91 0.94 0.94 0.94 0.97 0.85 0.97 0.96 0.88 0.98 0.95 0.88 0.97 0.97 0.98 0.98 0.97 0.96 0.97 0.98 0.95 0.97 0.96 0.96 0.97 0.98 0.90 0.97 0.97 0.96 0.88 0.98 0.88 0.72 0.98 0.88 0.98 0.61 0.81 0.65 0.85 0.22 0.51 0.51 0.46 0.30 0.59 0.22 0.55 0.41 0.42 0.09 0.40 0.13 0.32 0.13 0.39 0.12 0.03 0.04 0.02 0.03 0.02 0.03 0.03 0.03 0.01 0.03 0.03
0.36 0.45 0.41 0.32 0.38 0.31 0.47 0.48 0.33 0.51 0.49 0.45 0.55 0.65 0.57 0.35 0.36 0.81 0.64 0.71 0.72 0.73 0.85 0.79 0.49 0.69 0.88 0.80 0.84 0.77 0.79 0.90 0.86 0.96 0.88 0.96 0.94 0.97 0.94 0.96 0.93 0.96 0.83 0.97 0.98 0.96 0.98 0.96 0.97 0.96 0.98 0.91 0.95 0.97 0.97 0.94 0.97 0.96 0.96 0.97 0.98 0.96 0.90 0.75 0.88 0.87 0.87 0.80 0.79 0.85 0.96 0.50 0.77 0.68 0.58 0.55 0.41 0.48 0.13 0.59 0.35 0.22 0.31 0.24 0.23 0.22 0.12 0.12 0.23 0.02 0.04 0.02 0.02 0.03 0.03 0.02 0.04 0.04 0.04 0.04
0.33 0.30 0.40 0.38 0.51 0.49 0.40 0.56 0.33 0.32 0.51 0.70 0.75 0.76 0.51 0.44 0.72 0.79 0.76 0.54 0.54 0.71 0.80 0.72 0.87 0.73 0.78 0.95 0.81 0.91 0.90 0.90 0.84 0.73 0.91 0.92 0.96 0.86 0.86 0.96 0.94 0.89 0.98 0.94 0.89 0.90 0.97 0.97 0.92 0.97 0.96 0.97 0.96 0.97 0.96 0.97 0.98 0.93 0.96 0.98 0.98 0.88 0.95 0.97 0.98 0.93 0.87 0.79 0.88 0.70 0.56 0.80 0.33 0.77 0.60 0.49 0.50 0.59 0.40 0.48 0.40 0.12 0.32 0.32 0.33 0.25 0.10 0.12 0.15 0.12 0.01 0.12 0.13 0.03 0.03 0.02 0.02 0.02 0.02 0.03
0.30 0.39 0.29 0.51 0.37 0.44 0.42 0.49 0.64 0.54 0.45 0.49 0.74 0.38 0.62 0.69 0.62 0.58 0.88 0.63 0.71 0.50 0.60 0.86 0.67 0.81 0.90 0.93 0.88 0.91 0.89 0.89 0.94 0.96 0.97 0.94 0.94 0.87 0.98 0.88 0.98 0.98 0.98 0.95 0.91 0.95 0.94 0.96 0.95 0.97 0.96 0.97 0.92 0.98 0.95 0.98 0.96 0.93 0.92 0.96 0.88 0.93 0.95 0.92 0.85 0.68 0.96 0.85 0.88 0.84 0.86 0.68 0.68 0.58 0.58 0.69 0.60 0.41 0.42 0.58 0.50 0.30 0.32 0.31 0.13 0.04 0.14 0.22 0.02 0.02 0.08 0.04 0.11 0.04 0.13 0.02 0.03 0.04 0.02 0.02
0.39 0.33 0.29 0.33 0.41 0.40 0.43 0.30 0.47 0.50 0.59 0.41 0.56 0.44 0.53 0.76 0.59 0.70 0.72 0.70 0.88 0.91 0.73 0.82 0.66 0.86 0.81 0.83 0.78 0.83 0.86 0.91 0.88 0.82 0.95 0.96 0.82 0.89 0.94 0.95 0.97 0.93 0.95 0.97 0.98 0.96 0.98 0.96 0.96 0.95 0.96 0.96 0.96 0.94 0.97 0.96 0.97 0.97 0.93 0.92 0.97 0.95 0.97 0.93 0.97 0.74 0.89 0.86 0.87 0.86 0.60 0.69 0.38 0.79 0.70 0.55 0.69 0.22 0.59 0.50 0.38 0.13 0.29 0.04 0.32 0.05 0.12 0.05 0.12 0.02 0.03 0.12 0.02 0.03 0.06 0.12 0.04 0.03 0.03 0.02
0.35 0.45 0.39 0.41 0.37 0.33 0.48 0.35 0.44 0.60 0.61 0.36 0.53 0.64 0.74 0.73 0.69 0.75 0.55 0.71 0.71 0.70 0.79 0.68 0.79 0.87 0.78 0.95 0.92 0.87 0.81 0.91 0.89 0.86 0.74 0.93 0.86 0.93 0.98 0.97 0.96 0.93 0.93 0.97 0.96 0.96 0.96 0.97 0.91 0.94 0.95 0.95 0.97 0.97 0.99 0.97 0.98 0.96 0.95 0.94 0.98 0.95 0.92 0.94 0.83 0.85 0.77 0.77 0.69 0.66 0.83 0.78 0.51 0.49 0.68 0.78 0.22 0.33 0.38 0.50 0.44 0.12 0.24 0.13 0.31 0.13 0.42 0.12 0.12 0.02 0.22 0.02 0.03 0.02 0.03 0.03 0.02 0.02 0.04 0.03
0.32 0.32 0.27 0.25 0.54 0.44 0.54 0.43 0.44 0.49 0.46 0.42 0.32 0.76 0.45 0.67 0.57 0.61 0.64 0.85 0.58 0.70 0.69 0.80 0.77 0.91 0.69 0.80 0.75 0.96 0.78 0.86 0.86 0.86 0.97 0.93 0.92 0.94 0.96 0.89 0.95 0.89 0.95 0.82 0.91 0.93 0.95 0.94 0.97 0.97 0.96 0.94 0.97 0.96 0.97 0.98 0.96 0.96 0.87 0.80 0.97 0.94 0.96 0.82 0.91 0.63 0.70 0.88 0.77 0.61 0.78 0.78 0.79 0.35 0.41 0.48 0.69 0.25 0.37 0.31 0.33 0.50 0.49 0.22 0.20 0.12 0.13 0.12 0.02 0.13 0.18 0.11 0.03 0.03 0.12 0.01 0.04 0.03 0.03 0.05
0.29 0.27 0.34 0.50 0.48 0.37 0.38 0.33 0.58 0.49 0.54 0.56 0.49 0.62 0.54 0.65 0.64 0.57 0.53 0.74 0.50 0.73 0.86 0.56 0.62 0.73 0.87 0.84 0.85 0.77 0.86 0.85 0.88 0.84 0.96 0.85 0.93 0.91 0.87 0.97 0.95 0.96 0.97 0.97 0.98 0.93 0.93 0.94 0.99 0.96 0.96 0.94 0.98 0.92 0.96 0.97 0.96 0.96 0.96 0.97 0.88 0.96 0.92 0.98 0.92 0.87 0.98 0.83 0.74 0.98 0.70 0.88 0.40 0.60 0.62 0.59 0.88 0.30 0.43 0.48 0.30 0.38 0.28 0.13 0.22 0.03 0.41 0.03 0.22 0.23 0.13 0.03 0.05 0.03 0.02 0.03 0.03 0.04 0.02 0.02
0.25 0.39 0.44 0.31 0.29 0.28 0.60 0.55 0.40 0.62 0.50 0.59 0.45 0.64 0.47 0.54 0.62 0.55 0.59 0.63 0.49 0.75 0.72 0.86 0.79 0.57 0.81 0.94 0.88 0.80 0.87 0.80 0.79 0.86 0.96 0.97 0.93 0.93 0.91 0.88 0.96 0.97 0.97 0.96 0.96 0.96 0.97 0.97 0.96 0.98 0.94 0.97 0.98 0.95 0.98 0.95 0.95 0.98 0.97 0.91 0.87 0.86 0.94 0.76 0.89 0.89 0.98 0.85 0.68 0.87 0.96 0.88 0.69 0.31 0.33 0.30 0.60 0.28 0.59 0.40 0.40 0.34 0.05 0.26 0.23 0.21 0.13 0.22 0.03 0.12 0.12 0.04 0.03 0.03 0.04 0.02 0.02 0.02 0.02 0.04
0.42 0.34 0.42 0.33 0.35 0.51 0.39 0.27 0.34 0.44 0.58 0.52 0.49 0.60 0.56 0.64 0.63 0.76 0.67 0.73 0.68 0.59 0.72 0.80 0.73 0.77 0.76 0.76 0.91 0.95 0.86 0.96 0.89 0.85 0.86 0.97 0.93 0.94 0.94 0.87 0.88 0.96 0.96 0.97 0.97 0.95 0.94 0.96 0.95 0.97 0.96 0.95 0.91 0.95 0.98 0.96 0.97 0.96 0.97 0.95 0.97 0.94 0.96 0.97 0.90 0.74 0.85 0.72 0.87 0.78 0.48 0.70 0.31 0.58 0.32 0.58 0.23 0.42 0.04 0.31 0.31 0.31 0.40 0.25 0.14 0.21 0.12 0.20 0.22 0.12 0.04 0.03 0.03 0.03 0.02 0.02 0.02 0.02 0.02 0.04
0.37 0.32 0.48 0.41 0.50 0.33 0.43 0.40 0.46 0.19 0.43 0.43 0.73 0.57 0.48 0.50 0.65 0.54 0.77 0.77 0.76 0.75 0.64 0.86 0.76 0.61 0.69 0.74 0.80 0.95 0.79 0.81 0.84 0.87 0.85 0.91 0.85 0.96 0.92 0.92 0.96 0.86 0.97 0.96 0.94 0.97 0.95 0.98 0.90 0.97 0.95 0.97 0.95 0.98 0.97 0.91 0.97 0.96 0.96 0.88 0.88 0.86 0.92 0.83 0.91 0.79 0.81 0.89 0.86 0.77 0.75 0.80 0.69 0.32 0.54 0.50 0.43 0.69 0.38 0.41 0.29 0.12 0.14 0.10 0.22 0.12 0.48 0.04 0.21 0.03 0.12 0.03 0.04 0.12 0.04 0.03 0.02 0.02 0.03 0.02
0.43 0.30 0.37 0.49 0.38 0.40 0.36 0.35 0.57 0.51 0.67 0.46 0.55 0.47 0.62 0.29 0.67 0.71 0.70 0.59 0.80 0.85 0.78 0.84 0.67 0.68 0.84 0.79 0.72 0.78 0.47 0.94 0.89 0.92 0.84 0.94 0.87 0.88 0.96 0.97 0.93 0.97 0.95 0.91 0.97 0.95 0.97 0.97 0.97 0.97 0.97 0.97 0.97 0.95 0.96 0.96 0.95 0.96 0.97 0.92 0.98 0.93 0.90 0.88 0.96 0.96 0.98 0.89 0.94 0.85 0.84 0.80 0.42 0.57 0.65 0.56 0.75 0.58 0.49 0.22 0.57 0.31 0.24 0.32 0.14 0.03 0.12 0.09 0.20 0.12 0.03 0.03 0.03 0.03 0.02 0.04 0.04 0.02 0.04 0.04
0.22 0.40 0.35 0.54 0.30 0.57 0.56 0.50 0.41 0.54 0.66 0.42 0.70 0.73 0.81 0.63 0.53 0.71 0.69 0.65 0.66 0.94 0.78 0.73 0.72 0.66 0.61 0.81 0.88 0.82 0.86 0.79 0.96 0.96 0.93 0.95 0.85 0.88 0.96 0.94 0.82 0.74 0.87 0.97 0.93 0.90 0.93 0.97 0.96 0.94 0.98 0.93 0.95 0.96 0.96 0.92 0.94 0.93 0.98 0.94 0.98 0.97 0.96 0.97 0.87 0.84 0.81 0.69 0.97 0.88 0.44 0.70 0.63 0.61 0.78 0.60 0.67 0.65 0.40 0.50 0.21 0.52 0.50 0.15 0.32 0.14 0.24 0.16 0.22 0.13 0.12 0.03 0.02 0.03 0.05 0.02 0.03 0.02 0.03 0.03
0.35 0.32 0.38 0.43 0.35 0.46 0.37 0.35 0.47 0.54 0.40 0.37 0.69 0.48 0.63 0.80 0.47 0.54 0.83 0.66 0.71 0.81 0.65 0.71 0.90 0.85 0.83 0.79 0.76 0.95 0.94 0.89 0.78 0.80 0.91 0.87 0.94 0.91 0.95 0.95 0.96 0.96 0.95 0.95 0.98 0.97 0.96 0.95 0.95 0.96 0.98 0.93 0.95 0.96 0.96 0.97 0.94 0.95 0.92 0.96 0.91 0.93 0.97 0.96 0.99 0.89 0.79 0.89 0.74 0.67 0.69 0.60 0.66 0.50 0.71 0.52 0.59 0.48 0.40 0.70 0.23 0.37 0.12 0.35 0.13 0.11 0.21 0.22 0.04 0.02 0.14 0.22 0.03 0.03 0.02 0.04 0.02 0.03 0.02 0.04
0.32 0.35 0.26 0.41 0.46 0.50 0.32 0.35 0.50 0.35 0.58 0.68 0.58 0.66 0.57 0.44 0.62 0.58 0.53 0.73 0.81 0.74 0.72 0.72 0.66 0.80 0.73 0.70 0.88 0.88 0.88 0.83 0.85 0.90 0.84 0.92 0.91 0.93 0.94 0.93 0.85 0.94 0.95 0.93 0.94 0.97 0.96 0.97 0.95 0.97 0.97 0.97 0.93 0.93 0.95 0.97 0.97 0.97 0.94 0.85 0.88 0.97 0.96 0.98 0.80 0.89 0.94 0.75 0.96 0.86 0.85 0.62 0.47 0.76 0.47 0.57 0.55 0.35 0.31 0.79 0.23 0.39 0.32 0.30 0.33 0.02 0.08 0.04 0.16 0.04 0.01 0.06 0.23 0.04 0.03 0.03 0.02 0.03 0.03 0.03
0.47 0.28 0.45 0.33 0.35 0.30 0.46 0.48 0.44 0.56 0.32 0.43 0.46 0.58 0.77 0.40 0.83 0.47 0.72 0.67 0.69 0.65 0.89 0.80 0.66 0.72 0.68 0.68 0.81 0.86 0.86 0.88 0.84 0.96 0.96 0.94 0.89 0.91 0.90 0.93 0.91 0.93 0.97 0.89 0.95 0.96 0.93 0.97 0.86 0.95 0.98 0.94 0.97 0.97 0.94 0.98 0.95 0.97 0.96 0.93 0.94 0.97 0.98 0.77 0.87 0.58 0.73 0.88 0.67 0.78 0.44 0.74 0.60 0.69 0.48 0.33 0.60 0.43 0.48 0.24 0.59 0.29 0.22 0.13 0.23 0.50 0.21 0.02 0.03 0.05 0.03 0.02 0.02 0.04 0.07 0.03 0.04 0.03 0.02 0.03
0.35 0.47 0.29 0.47 0.43 0.49 0.40 0.63 0.44 0.44 0.63 0.56 0.57 0.50 0.44 0.65 0.67 0.79 0.67 0.58 0.57 0.64 0.65 0.69 0.66 0.91 0.86 0.80 0.89 0.78 0.85 0.93 0.77 0.89 0.82 0.92 0.84 0.84 0.95 0.95 0.98 0.87 0.96 0.93 0.95 0.98 0.96 0.94 0.98 0.97 0.93 0.91 0.93 0.97 0.95 0.95 0.95 0.97 0.96 0.93 0.90 0.91 0.96 0.83 0.86 0.87 0.88 0.95 0.87 0.73 0.58 0.66 0.58 0.69 0.61 0.32 0.57 0.57 0.40 0.41 0.22 0.23 0.51 0.13 0.22 0.12 0.12 0.23 0.12 0.03 0.02 0.04 0.03 0.02 0.04 0.04 0.02 0.02 0.04 0.12
0.32 0.40 0.40 0.37 0.43 0.55 0.45 0.53 0.41 0.58 0.53 0.65 0.62 0.70 0.61 0.50 0.54 0.67 0.64 0.83 0.63 0.58 0.78 0.74 0.74 0.95 0.90 0.80 0.88 0.86 0.86 0.87 0.91 0.89 0.95 0.94 0.96 0.94 0.95 0.86 0.92 0.83 0.97 0.95 0.92 0.96 0.94 0.96 0.95 0.92 0.94 0.97 0.98 0.95 0.95 0.90 0.97 0.95 0.96 0.98 0.78 0.87 0.97 0.95 0.88 0.90 0.88 0.95 0.86 0.87 0.87 0.59 0.85 0.60 0.42 0.23 0.63 0.52 0.48 0.50 0.67 0.39 0.23 0.03 0.31 0.35 0.03 0.03 0.33 0.11 0.13 0.02 0.02 0.04 0.04 0.02 0.04 0.04 0.02 0.03
0.35 0.48 0.36 0.38 0.33 0.35 0.34 0.47 0.48 0.49 0.49 0.58 0.67 0.37 0.54 0.66 0.61 0.68 0.55 0.69 0.72 0.67 0.53 0.67 0.89 0.78 0.78 0.69 0.91 0.90 0.78 0.85 0.75 0.86 0.89 0.81 0.93 0.96 0.77 0.83 0.97 0.96 0.87 0.96 0.94 0.95 0.95 0.96 0.94 0.97 0.90 0.95 0.97 0.97 0.94 0.94 0.96 0.96 0.98 0.97 0.88 0.97 0.93 0.84 0.76 0.88 0.84 0.74 0.61 0.86 0.73 0.78 0.78 0.60 0.49 0.51 0.55 0.32 0.13 0.42 0.22 0.14 0.23 0.34 0.23 0.13 0.29 0.13 0.14 0.06 0.03 0.02 0.13 0.13 0.03 0.15 0.03 0.03 0.04 0.02
0.46 0.52 0.24 0.33 0.44 0.34 0.44 0.40 0.64 0.33 0.37 0.39 0.62 0.69 0.61 0.64 0.53 0.48 0.78 0.62 0.70 0.75 0.74 0.82 0.74 0.85 0.59 0.85 0.76 0.77 0.91 0.79 0.73 0.81 0.78 0.85 0.86 0.71 0.89 0.88 0.95 0.96 0.93 0.96 0.95 0.98 0.95 0.93 0.98 0.97 0.97 0.95 0.97 0.95 0.94 0.96 0.98 0.95 0.96 0.83 0.88 0.92 0.96 0.88 0.93 0.92 0.87 0.88 0.75 0.75 0.48 0.90 0.74 0.68 0.83 0.68 0.40 0.43 0.40 0.42 0.34 0.15 0.19 0.50 0.23 0.22 0.02 0.31 0.22 0.09 0.03 0.05 0.04 0.03 0.02 0.14 0.01 0.12 0.03 0.05
0.30 0.32 0.32 0.45 0.35 0.32 0.25 0.27 0.48 0.46 0.37 0.47 0.40 0.64 0.63 0.63 0.65 0.58 0.74 0.54 0.76 0.58 0.65 0.81 0.93 0.74 0.69 0.91 0.94 0.77 0.90 0.89 0.81 0.88 0.93 0.85 0.91 0.92 0.89 0.97 0.89 0.97 0.97 0.96 0.92 0.91 0.95 0.90 0.93 0.98 0.97 0.97 0.93 0.95 0.96 0.98 0.87 0.96 0.97 0.94 0.98 0.97 0.97 0.92 0.98 0.87 0.96 0.89 0.67 0.77 0.98 0.44 0.70 0.50 0.50 0.61 0.75 0.42 0.21 0.32 0.51 0.22 0.21 0.02 0.21 0.31 0.14 0.12 0.02 0.12 0.05 0.02 0.03 0.03 0.12 0.04 0.04 0.03 0.03 0.01
0.36 0.37 0.41 0.29 0.36 0.30 0.40 0.52 0.47 0.44 0.50 0.71 0.49 0.38 0.50 0.31 0.65 0.63 0.50 0.75 0.75 0.67 0.59 0.86 0.69 0.85 0.80 0.84 0.78 0.90 0.90 0.89 0.87 0.88 0.91 0.88 0.96 0.95 0.93 0.92 0.96 0.96 0.93 0.98 0.95 0.94 0.98 0.94 0.94 0.96 0.97 0.97 0.93 0.93 0.97 0.95 0.98 0.95 0.95 0.87 0.96 0.97 0.97 0.87 0.97 0.92 0.84 0.97 0.67 0.83 0.60 0.66 0.50 0.59 0.40 0.48 0.68 0.51 0.04 0.49 0.41 0.23 0.27 0.19 0.22 0.04 0.24 0.12 0.13 0.02 0.03 0.03 0.13 0.16 0.02 0.04 0.03 0.03 0.03 0.04
0.44 0.29 0.43 0.19 0.40 0.34 0.42 0.39 0.42 0.41 0.43 0.53 0.67 0.57 0.65 0.71 0.61 0.72 0.55 0.63 0.54 0.69 0.70 0.82 0.60 0.66 0.87 0.67 0.63 0.85 0.88 0.84 0.93 0.74 0.77 0.91 0.96 0.94 0.93 0.95 0.94 0.95 0.96 0.94 0.96 0.94 0.98 0.93 0.95 0.98 0.92 0.98 0.97 0.98 0.97 0.97 0.87 0.97 0.98 0.96 0.86 0.95 0.90 0.78 0.96 0.91 0.82 0.70 0.89 0.71 0.80 0.83 0.88 0.40 0.33 0.36 0.60 0.23 0.23 0.30 0.32 0.39 0.29 0.14 0.11 0.21 0.04 0.14 0.13 0.03 0.05 0.02 0.03 0.03 0.04 0.09 0.02 0.03 0.02 0.02
0.48 0.37 0.32 0.24 0.36 0.32 0.45 0.25 0.44 0.46 0.45 0.54 0.45 0.59 0.57 0.61 0.65 0.55 0.57 0.74 0.81 0.47 0.79 0.77 0.59 0.73 0.62 0.75 0.85 0.77 0.93 0.91 0.88 0.95 0.91 0.93 0.82 0.96 0.97 0.97 0.95 0.97 0.95 0.90 0.97 0.97 0.95 0.95 0.95 0.97 0.93 0.97 0.97 0.97 0.94 0.96 0.92 0.93 0.93 0.89 0.79 0.86 0.97 0.97 0.96 0.89 0.86 0.91 0.88 0.75 0.77 0.61 0.54 0.63 0.60 0.43 0.51 0.31 0.15 0.55 0.30 0.36 0.22 0.13 0.25 0.18 0.03 0.12 0.25 0.14 0.13 0.05 0.03 0.23 0.03 0.03 0.03 0.03 0.02 0.02
0.29 0.35 0.52 0.31 0.32 0.50 0.52 0.42 0.47 0.45 0.63 0.44 0.53 0.59 0.60 0.73 0.67 0.80 0.77 0.63 0.56 0.84 0.73 0.74 0.76 0.63 0.69 0.78 0.89 0.71 0.95 0.78 0.90 0.97 0.79 0.91 0.88 0.94 0.97 0.95 0.90 0.93 0.96 0.89 0.95 0.93 0.96 0.96 0.96 0.97 0.94 0.98 0.98 0.91 0.88 0.96 0.95 0.96 0.94 0.90 0.95 0.94 0.98 0.92 0.76 0.64 0.88 0.88 0.95 0.85 0.69 0.67 0.76 0.42 0.63 0.52 0.41 0.32 0.29 0.12 0.45 0.23 0.22 0.28 0.12 0.34 0.03 0.12 0.11 0.02 0.22 0.03 0.14 0.02 0.03 0.02 0.02 0.03 0.03 0.01
0.44 0.28 0.28 0.33 0.34 0.34 0.49 0.27 0.44 0.74 0.39 0.41 0.51 0.48 0.68 0.63 0.52 0.45 0.62 0.68 0.79 0.65 0.68 0.61 0.76 0.84 0.77 0.73 0.82 0.86 0.90 0.84 0.89 0.66 0.92 0.93 0.91 0.87 0.97 0.94 0.93 0.85 0.85 0.97 0.95 0.98 0.94 0.96 0.95 0.95 0.95 0.96 0.93 0.97 0.95 0.93 0.97 0.95 0.95 0.95 0.94 0.86 0.88 0.75 0.73 0.78 0.96 0.88 0.80 0.81 0.77 0.67 0.70 0.42 0.41 0.50 0.37 0.24 0.33 0.29 0.30 0.32 0.22 0.23 0.11 0.07 0.20 0.23 0.03 0.42 0.02 0.03 0.12 0.02 0.03 0.02 0.02 0.04 0.04 0.03
