305 264 257 217 222 256 204 168 245 180 157 235 160 191 179 158 176 140 35 123 136 130 111 153 124 98 27 32 166 45 62 85 15 25 25 19 21 9 10 9 13 15 16 13 21 4 7 12 10 14 12 9 6 16 19 11 4 12 15 15 9 19 7 80 12 68 48 56 38 8 145 184 151 116 93 390 141 236 226 360 222 184 350 261 352 355 395 231 337 401 446 351 395 436 446 446 444 443 437 437
244 250 264 234 296 202 170 260 244 176 213 172 155 147 186 188 136 120 117 88 46 68 60 31 47 49 21 39 58 39 30 30 59 25 19 66 13 49 12 22 14 9 41 10 27 10 13 16 10 9 6 18 14 5 7 12 7 12 12 10 19 24 45 6 20 8 53 100 7 52 58 126 131 92 100 239 275 243 258 228 310 269 274 240 347 358 354 385 266 385 394 440 439 440 442 437 440 434 434 440
284 237 272 239 211 299 211 280 215 257 242 146 177 174 143 152 163 131 195 110 85 136 106 76 82 71 59 19 47 63 38 87 14 75 37 3 20 12 28 14 20 11 11 11 18 8 11 5 7 9 11 13 18 7 30 12 10 4 7 30 16 99 13 101 8 11 14 96 87 100 3 61 87 148 230 225 307 222 273 362 220 310 313 393 358 185 396 436 277 442 401 394 427 440 434 395 443 430 438 437
265 206 269 214 258 214 246 247 201 196 151 216 195 98 125 174 126 206 157 68 83 81 132 91 56 71 64 96 22 19 18 39 27 54 17 32 35 16 29 22 16 10 10 8 17 13 13 20 18 18 10 15 14 4 12 16 15 3 18 5 9 47 51 29 9 99 8 8 52 148 138 162 190 186 6 178 305 142 61 308 305 184 224 309 437 313 396 393 358 397 353 361 441 442 388 435 433 444 443 440
277 255 296 192 243 271 236 211 198 74 143 218 168 110 77 182 55 93 117 134 156 90 95 95 81 109 119 75 15 54 40 32 7 39 7 11 22 40 15 8 47 21 15 16 16 12 9 32 8 13 7 25 10 19 37 3 6 15 13 54 13 14 11 57 4 51 12 25 91 58 13 147 232 136 177 192 194 232 222 185 315 313 344 324 304 400 349 443 398 311 443 398 435 400 442 442 442 441 440 449
293 248 295 260 254 143 239 286 137 251 252 166 230 121 196 151 86 177 142 143 147 46 42 141 88 58 47 111 101 77 38 52 22 94 34 14 49 22 11 17 10 12 63 6 27 24 15 5 12 7 13 10 20 15 8 18 10 22 10 5 43 9 11 8 17 20 9 28 94 51 158 177 139 137 259 224 233 232 275 233 316 385 305 144 406 399 396 433 360 435 312 400 440 445 440 438 433 437 390 442
276 272 268 239 310 225 173 181 170 249 264 149 177 134 187 175 69 70 142 167 111 51 123 77 76 96 105 128 88 40 55 41 16 25 55 22 16 24 20 12 15 39 12 32 14 11 14 8 10 13 10 22 41 26 9 10 8 24 15 31 5 13 6 17 75 113 43 85 58 156 185 56 94 147 174 227 96 265 112 62 266 314 396 442 357 311 392 395 347 348 350 396 433 433 394 444 441 439 433 440
285 275 258 244 264 267 299 236 258 192 226 148 225 177 185 152 203 102 95 101 108 104 91 76 83 91 90 43 60 40 25 79 49 31 11 21 42 12 36 5 29 8 15 14 11 7 14 10 6 5 15 11 2 16 7 7 14 12 7 16 12 9 9 50 50 5 31 11 18 186 63 76 131 114 222 310 310 54 259 227 265 186 355 259 252 304 399 389 356 441 443 395 349 441 402 445 443 443 441 440
262 309 245 293 266 218 229 189 206 198 202 201 196 100 144 59 146 109 119 146 148 43 86 63 49 24 115 98 51 14 41 22 14 78 73 12 48 45 14 11 14 17 10 16 15 15 10 13 10 7 19 13 17 7 5 24 11 38 6 6 13 8 10 89 9 13 14 70 146 135 88 76 183 179 313 182 227 271 313 311 269 355 268 178 360 359 327 361 395 392 428 385 437 444 442 442 397 400 442 435
309 301 207 263 301 241 176 231 229 234 189 166 306 168 152 93 174 155 94 122 125 36 86 86 79 83 59 83 26 46 51 90 44 29 9 19 34 33 14 17 25 11 8 11 16 8 17 9 19 9 14 8 11 14 7 5 10 16 9 10 11 31 10 67 90 10 8 101 48 52 55 150 132 141 146 137 186 152 190 399 221 225 312 263 350 270 441 264 356 344 388 444 429 437 442 393 436 440 435 442
212 293 211 278 234 252 212 208 215 199 255 179 189 136 129 146 124 84 196 50 177 42 35 116 138 104 89 83 28 28 51 53 50 38 14 33 28 10 5 11 6 3 32 18 15 24 27 9 21 9 26 18 7 27 6 14 13 7 21 12 18 51 11 22 25 9 51 42 54 65 130 273 146 168 133 262 145 142 149 305 354 310 330 308 274 314 392 353 360 312 354 430 432 440 438 436 442 442 439 437
341 275 227 188 234 233 255 279 244 228 228 172 77 176 129 149 64 141 112 166 83 91 104 62 53 52 85 94 23 24 73 51 49 52 6 6 23 18 29 5 12 10 11 19 35 7 13 17 7 9 11 21 9 16 29 12 13 16 8 16 12 78 47 27 5 16 46 26 10 47 93 210 78 189 98 152 270 223 389 267 260 348 384 274 312 320 445 436 394 436 439 424 402 444 356 436 442 438 441 443
293 216 245 262 223 239 228 241 272 219 220 214 104 90 126 141 118 210 92 129 134 128 108 98 70 67 14 85 85 76 21 76 40 21 80 30 9 21 15 27 8 16 9 6 10 8 20 25 31 10 9 7 10 19 22 13 18 11 11 8 7 54 16 44 10 53 54 95 135 61 111 18 261 155 3 194 192 238 159 163 315 179 346 401 350 275 435 400 353 306 401 445 441 436 440 397 392 430 442 443
323 245 244 259 259 198 168 237 259 192 116 183 83 147 116 151 121 174 158 113 131 34 118 50 85 46 111 18 16 54 85 32 81 62 43 19 10 12 24 15 7 33 16 6 10 14 12 10 9 8 5 8 12 8 8 19 10 16 5 7 17 63 24 18 48 20 55 134 78 52 139 17 107 135 124 217 111 182 216 179 229 319 331 399 316 401 309 438 352 355 395 434 443 413 394 442 401 400 439 435
328 218 344 265 277 260 285 174 273 168 233 204 179 140 113 158 175 96 133 168 37 35 95 108 30 45 26 84 96 34 58 76 24 17 38 22 53 20 24 17 23 11 9 14 17 6 13 8 5 12 15 17 7 9 18 17 11 15 8 9 11 59 22 90 50 24 64 6 89 58 175 49 99 110 149 210 222 276 92 360 259 358 267 353 389 351 355 315 349 396 390 395 443 432 440 442 446 434 445 444
318 305 338 321 252 219 257 268 266 135 129 219 146 280 223 149 117 93 72 93 76 15 66 190 81 61 79 30 26 86 99 6 51 79 17 50 14 20 8 7 27 8 15 11 18 13 11 24 18 12 9 11 14 15 16 7 33 7 8 19 20 12 9 8 66 11 7 13 43 107 122 248 99 137 96 179 180 131 180 260 178 303 314 395 305 304 433 384 306 440 353 437 438 436 396 433 441 439 438 440
334 264 186 207 265 317 180 329 181 179 155 166 247 258 102 157 198 137 157 84 106 122 66 73 78 57 54 51 74 11 45 25 62 22 21 11 71 58 15 19 39 15 13 18 13 12 10 12 11 11 12 12 8 12 11 10 17 4 15 12 7 7 4 19 50 89 22 55 63 37 58 191 137 182 163 234 226 274 314 317 269 350 267 349 343 396 350 350 384 431 385 435 437 436 441 440 440 441 436 442
284 240 290 332 210 262 219 213 253 209 232 191 132 194 100 92 86 139 153 129 115 98 137 150 120 103 79 45 80 67 105 58 47 54 59 7 18 8 20 14 31 7 5 11 4 7 9 17 16 28 7 12 6 20 8 13 15 13 23 13 4 12 12 35 24 53 13 69 133 8 44 126 41 164 112 176 185 271 312 299 187 268 264 265 220 306 351 356 399 396 403 436 397 444 441 441 440 436 432 442
275 302 310 274 201 196 269 201 265 310 224 211 222 250 61 87 106 65 119 117 60 112 104 48 122 57 82 27 92 24 15 27 29 39 14 19 20 20 32 44 13 29 9 14 13 23 9 15 19 15 18 26 11 18 19 14 10 7 4 10 44 8 19 37 50 42 60 150 16 59 24 59 94 139 75 231 202 265 257 273 309 352 265 235 226 267 348 356 398 433 440 446 356 357 442 436 441 433 432 440
241 273 300 282 177 187 225 197 178 237 214 280 282 206 187 146 143 139 85 150 88 63 129 35 70 40 30 30 41 55 37 25 69 61 90 12 10 62 61 15 22 18 19 9 14 15 7 12 6 24 9 11 10 11 7 11 11 13 27 12 8 17 28 19 13 8 67 53 97 18 141 117 184 232 144 238 149 182 272 182 267 277 318 226 352 306 359 299 352 362 443 396 441 396 438 420 399 441 436 445
232 252 202 293 213 293 200 288 191 136 159 148 206 216 156 179 102 165 96 50 97 93 56 60 66 86 108 35 76 70 78 12 62 60 40 46 6 37 16 18 21 19 18 50 6 7 14 23 11 27 2 10 20 11 13 36 13 51 21 25 26 7 3 59 54 17 27 54 56 154 51 188 129 229 84 151 171 319 226 232 304 268 390 429 353 388 439 351 402 394 429 349 440 441 403 388 441 437 432 446
364 266 242 303 268 272 298 150 246 222 236 241 274 278 153 169 169 94 75 142 156 69 110 23 80 42 57 59 60 32 21 130 10 39 87 32 19 34 37 15 10 13 11 7 21 8 42 35 10 12 6 12 14 11 14 21 10 18 5 15 11 11 52 25 75 3 45 54 17 8 156 160 185 134 179 177 225 142 141 150 282 398 268 267 309 227 444 306 349 396 396 441 398 448 438 433 436 433 433 443
309 288 253 278 274 256 175 180 231 297 149 270 241 257 135 167 181 139 146 205 57 82 103 161 95 73 67 72 45 53 11 84 32 22 12 23 19 5 59 9 9 11 31 10 12 36 8 13 16 10 4 10 11 8 5 12 8 15 50 14 13 47 7 45 10 4 105 2 10 55 83 53 105 188 225 272 225 319 178 307 278 354 257 310 436 312 440 396 439 437 440 433 400 442 439 444 436 438 440 436
304 271 345 291 311 221 130 302 272 173 260 238 210 90 168 106 283 107 102 185 68 169 107 61 42 64 80 52 38 76 177 14 64 38 25 9 17 14 7 19 73 7 47 8 53 15 10 6 5 13 13 16 10 13 12 29 19 7 59 11 15 17 5 52 13 40 51 96 145 57 137 149 223 124 262 350 312 159 109 311 307 271 350 312 316 307 315 436 408 356 441 440 434 443 440 442 401 442 437 438
278 262 265 302 257 248 235 241 169 249 191 191 196 181 198 164 182 160 106 54 124 59 183 55 84 35 36 84 69 40 56 39 21 10 20 20 27 14 16 13 37 48 11 12 10 12 5 16 9 10 8 14 22 5 15 6 12 13 10 8 11 7 31 4 16 30 17 10 6 95 63 150 122 229 223 269 139 65 313 311 272 358 311 329 353 312 440 436 361 429 309 389 401 444 444 432 440 440 440 438
273 316 276 246 246 218 243 255 217 231 195 169 150 227 134 127 189 116 72 57 80 86 70 96 152 71 126 64 26 46 31 17 49 17 8 15 12 13 35 7 9 11 7 31 17 22 17 29 9 16 9 24 16 17 7 62 12 15 27 19 13 11 13 3 56 13 48 51 25 177 74 201 174 226 230 225 266 179 144 265 278 226 351 308 352 349 344 392 355 349 392 396 439 400 398 439 400 445 432 438
310 194 278 251 285 314 212 238 215 196 206 211 159 292 192 123 222 157 155 94 175 79 129 72 113 36 109 100 70 68 50 27 131 55 22 51 12 67 10 62 45 16 63 17 14 13 11 26 14 11 10 6 9 10 13 15 7 12 11 54 43 10 10 21 70 11 82 19 55 116 67 187 123 184 192 277 184 264 266 168 230 229 312 355 184 394 364 438 399 441 395 441 439 446 447 449 439 393 418 442
337 239 254 325 232 228 264 243 272 169 266 241 166 215 221 200 158 88 182 123 122 81 159 109 84 39 75 97 59 21 62 52 17 46 67 12 8 50 20 14 54 17 10 17 45 18 10 13 7 5 42 13 11 17 10 8 6 19 13 15 31 67 8 89 53 9 50 44 5 101 189 111 141 165 185 249 269 278 185 260 269 349 352 351 232 382 393 397 403 354 440 439 405 425 439 440 446 438 442 433
253 291 311 148 214 217 237 213 215 270 179 178 167 89 203 248 199 128 70 81 117 128 129 113 86 131 62 114 46 75 51 50 46 51 27 19 13 18 8 16 16 5 10 17 17 15 9 18 10 10 11 16 9 18 21 12 9 6 12 9 5 19 23 19 120 82 48 101 95 42 70 138 49 113 59 294 93 310 232 388 348 379 182 351 435 265 313 396 348 380 441 440 444 349 395 442 399 441 435 447
303 313 281 300 257 297 280 299 221 201 174 194 193 252 144 229 109 211 67 110 66 70 56 122 97 194 70 80 8 15 35 39 17 10 79 24 27 42 16 15 15 7 20 7 12 11 18 15 13 12 23 18 19 20 7 5 16 20 52 6 6 11 97 55 21 18 56 49 91 130 11 103 179 181 228 132 176 226 236 223 355 266 191 344 271 398 342 311 400 440 402 439 438 438 437 407 441 437 435 434
341 253 285 264 278 230 207 164 226 249 181 167 268 198 202 142 142 163 131 147 118 127 163 134 85 147 53 56 56 73 63 69 25 40 14 16 47 50 27 11 40 5 14 16 13 7 37 13 5 10 9 12 10 21 9 7 10 18 20 15 50 5 5 11 64 98 175 46 55 67 95 127 112 236 103 131 227 191 263 211 263 354 342 265 268 352 352 441 357 441 393 436 445 443 436 442 437 438 447 434
300 257 274 309 194 277 206 276 268 246 192 177 137 132 210 162 201 69 90 124 134 88 116 47 81 52 90 75 36 62 53 38 33 17 54 9 17 56 3 69 6 34 20 38 4 17 20 10 32 11 17 9 13 21 14 8 19 56 7 11 24 17 10 16 23 72 107 110 45 72 65 140 189 204 151 220 60 298 320 200 366 354 315 359 435 223 294 393 351 440 441 394 441 437 441 443 405 443 437 447
245 303 286 290 263 277 271 240 218 208 113 128 206 160 227 185 129 88 159 108 156 128 113 196 58 49 121 91 85 77 43 16 28 72 24 59 35 45 21 17 35 14 41 32 12 7 13 15 18 13 14 6 15 11 10 13 13 20 8 9 8 8 23 88 9 10 91 9 98 10 59 25 94 176 224 353 175 229 357 269 310 182 180 309 357 390 315 309 445 402 439 448 436 405 437 436 443 441 439 439
347 270 303 300 124 235 209 249 264 239 294 177 152 211 228 246 136 177 103 87 48 154 113 44 104 39 13 71 38 58 13 60 50 59 85 11 6 47 30 43 34 6 15 15 27 10 4 16 31 14 7 3 10 5 12 15 16 18 14 39 7 51 16 90 10 6 83 96 58 98 54 152 140 161 309 188 273 259 263 308 204 229 263 390 351 355 353 351 271 398 395 444 443 397 446 398 396 433 439 433
268 344 248 217 167 241 268 194 219 193 191 162 167 112 132 169 211 223 131 131 37 108 83 59 100 127 143 86 40 14 57 20 44 56 84 16 16 31 38 43 14 7 22 29 6 11 7 14 15 11 13 11 17 7 21 11 10 5 4 5 17 6 5 14 41 56 4 58 63 136 145 138 177 177 135 220 159 246 191 219 219 310 304 248 312 350 349 397 441 397 311 390 442 438 441 439 436 438 437 439
299 311 309 289 256 285 279 254 215 254 155 176 223 110 172 145 165 135 143 82 93 133 120 71 90 34 19 106 45 47 91 52 16 51 19 74 13 23 16 10 27 16 6 10 42 19 23 16 21 28 9 7 20 9 18 22 5 14 8 9 3 26 6 52 12 21 42 180 10 21 89 48 230 140 165 144 227 225 272 271 276 183 309 384 314 436 360 404 353 350 396 396 398 443 442 435 443 443 433 436
259 269 278 262 277 216 248 277 217 198 231 223 311 120 149 190 149 150 93 81 107 97 80 101 129 90 89 74 17 90 55 48 52 23 7 16 36 16 21 5 11 11 16 18 12 19 19 11 10 13 11 13 14 17 12 21 17 7 30 11 28 15 45 14 13 91 38 56 95 24 172 140 58 224 133 140 288 187 224 217 312 266 348 430 351 445 318 266 395 435 402 430 393 439 443 439 435 443 433 445
349 322 281 293 286 298 219 278 108 217 232 120 157 182 198 141 207 75 77 170 130 76 76 85 33 88 33 44 68 98 64 64 64 25 43 39 14 7 5 18 14 34 13 20 25 5 6 14 6 14 15 11 9 10 9 9 4 39 46 53 22 6 21 12 54 49 99 101 69 91 81 145 15 104 216 59 193 329 98 219 272 308 308 391 357 385 308 399 310 399 442 444 444 445 447 442 438 431 443 439
275 297 310 342 234 202 310 253 255 243 121 128 209 136 129 114 191 87 152 163 170 95 124 111 48 121 70 117 32 73 41 6 13 10 74 75 14 7 69 29 19 73 15 18 9 20 9 21 10 12 33 6 9 11 6 13 12 8 4 12 10 18 96 13 32 90 6 11 54 224 110 184 175 221 264 181 265 302 302 272 349 307 346 334 310 352 401 359 392 435 436 442 386 442 434 436 442 396 443 439
281 213 231 257 254 220 119 246 125 267 226 98 224 234 139 108 109 139 74 173 133 114 92 141 68 68 135 31 77 43 54 87 76 15 86 48 47 24 24 12 13 17 21 11 53 17 11 5 29 9 13 12 10 10 15 7 20 9 19 11 11 53 17 40 46 55 88 121 128 141 50 168 139 134 190 179 179 184 351 383 311 394 349 394 437 314 444 429 397 391 405 439 387 441 442 407 432 435 438 440
315 324 259 288 236 247 193 259 271 281 188 197 202 191 195 138 158 153 128 181 146 103 78 73 71 115 42 61 17 114 83 31 19 72 55 33 26 18 38 14 13 25 12 66 29 11 20 19 9 6 17 10 16 7 15 21 17 7 10 12 7 12 11 11 11 45 127 6 11 178 77 269 93 145 186 183 268 267 389 303 142 319 395 299 358 397 437 391 446 439 444 443 398 443 439 441 436 443 441 439
279 262 254 268 303 222 247 308 162 298 265 220 141 98 155 215 97 154 139 75 104 19 120 187 48 77 45 90 95 44 25 20 25 20 16 42 21 21 12 39 15 22 20 14 16 21 10 18 9 6 12 17 18 23 16 14 14 23 10 51 25 17 3 51 144 69 11 73 36 106 71 174 183 113 315 93 180 277 180 301 183 220 306 393 439 392 266 398 435 442 441 424 350 440 441 445 432 438 442 440
311 245 324 214 296 280 220 207 332 200 266 205 133 230 180 173 143 88 148 179 84 53 93 89 67 132 36 50 118 23 78 99 31 24 19 10 17 15 11 17 70 32 17 6 37 19 4 7 15 7 16 15 30 11 10 6 11 13 9 12 27 19 29 72 50 17 6 70 56 93 7 106 142 113 122 224 267 144 230 311 293 318 390 310 397 359 395 394 344 401 434 399 391 439 394 403 363 437 441 434
320 264 323 263 247 191 289 179 250 260 247 206 170 228 214 138 109 157 165 151 114 144 132 168 108 57 43 16 20 65 43 50 34 25 28 13 26 37 13 55 25 12 16 18 10 15 11 12 14 5 11 13 11 9 11 17 9 5 16 18 15 9 15 56 103 11 40 141 14 92 137 182 53 173 137 184 181 125 267 126 252 182 354 352 390 359 392 437 347 438 441 437 437 443 441 443 438 439 432 444
279 210 266 309 265 255 264 272 239 190 200 174 176 220 189 121 170 166 114 143 46 35 115 116 87 173 47 102 69 18 55 8 14 57 24 34 40 21 21 28 49 5 13 17 8 12 29 8 11 20 52 6 15 12 14 16 20 18 5 11 11 22 9 45 9 10 95 4 57 109 4 195 154 218 268 311 223 223 306 217 306 217 359 316 306 356 394 395 446 395 432 446 430 438 442 440 441 435 442 442
258 251 292 242 241 255 236 214 329 257 139 227 161 204 210 192 251 72 54 102 128 64 66 110 70 51 70 87 74 59 37 26 26 37 18 28 21 65 31 35 17 13 44 9 15 18 17 36 9 13 9 18 25 7 30 9 8 9 19 27 18 4 22 11 55 62 52 28 26 96 32 57 102 195 174 298 224 310 312 360 305 197 354 308 267 347 396 392 353 394 440 441 398 435 434 433 414 440 443 431
265 253 293 246 313 210 243 273 225 223 259 261 97 155 241 161 175 175 131 125 43 200 42 71 59 121 48 73 56 79 35 49 65 35 23 9 11 10 15 14 59 30 19 10 24 10 20 17 18 11 9 7 6 6 10 21 9 9 16 4 6 29 45 73 12 8 8 16 62 140 139 65 238 94 259 141 236 311 277 137 351 309 353 271 388 339 399 436 443 439 389 438 442 439 441 442 434 441 440 435
263 236 247 246 262 194 212 165 251 238 248 240 159 158 137 89 99 134 187 170 185 62 88 80 35 119 90 105 74 63 106 75 12 50 10 43 49 57 55 42 17 12 53 19 18 24 15 7 10 14 10 11 14 12 3 14 24 16 15 11 69 18 64 10 10 8 51 80 104 50 101 181 226 227 139 144 127 265 272 300 224 355 261 392 308 317 433 394 430 401 390 438 435 395 442 411 437 443 440 441
243 254 247 296 263 276 231 253 322 204 230 238 213 197 208 122 180 244 142 115 127 151 167 104 53 67 81 89 52 80 72 54 50 16 39 22 55 46 36 18 20 8 24 15 19 14 11 12 10 16 20 9 17 14 7 8 42 28 10 51 3 31 6 9 64 66 149 25 82 140 67 59 145 61 136 300 179 224 250 310 202 260 395 391 313 398 357 282 356 398 441 403 394 397 355 441 392 441 441 440
290 286 302 295 283 182 291 212 258 214 170 190 251 139 155 170 135 138 119 162 71 102 138 115 73 111 89 11 103 76 97 16 49 17 14 24 60 10 16 11 44 8 8 15 8 19 14 21 10 14 9 13 13 21 8 14 17 15 11 30 5 23 50 8 14 27 97 97 54 58 52 206 155 229 223 251 222 143 228 353 358 327 263 365 359 349 439 308 435 438 397 442 438 437 399 442 439 430 445 441
306 267 299 252 226 306 254 257 119 252 174 270 215 165 120 217 173 154 135 228 111 118 18 93 71 112 100 17 123 87 37 58 16 17 40 35 37 8 15 26 12 12 19 15 22 31 7 10 12 13 25 9 12 7 16 10 35 14 27 23 19 29 9 72 16 55 52 77 52 85 36 182 183 137 185 311 231 224 354 438 402 387 312 308 307 404 391 393 397 423 357 438 395 435 399 438 446 403 441 436
278 292 234 342 220 236 276 199 173 250 287 82 241 83 158 128 160 203 74 90 65 139 69 174 110 117 109 76 81 61 70 56 18 37 25 75 53 20 15 20 25 19 20 8 7 25 4 9 11 9 7 11 33 12 8 14 8 11 15 8 8 18 15 49 51 81 51 31 90 139 109 137 243 178 231 191 188 400 268 305 332 398 305 180 396 362 430 391 359 400 399 441 396 443 442 440 442 443 436 448
322 291 253 319 287 148 258 180 217 254 112 161 209 182 150 139 85 160 127 98 69 105 90 123 96 84 134 21 45 43 98 17 64 22 40 20 40 42 50 6 58 19 11 18 11 19 16 15 22 43 15 13 23 12 7 10 15 27 5 7 15 54 39 8 50 66 138 19 18 91 218 49 141 266 259 256 264 308 301 314 347 312 324 357 394 358 356 368 343 397 442 436 397 442 438 398 436 442 440 435
281 240 283 288 320 267 291 319 279 268 317 179 138 170 237 142 147 196 45 228 129 65 165 111 86 99 131 50 60 42 17 55 57 88 27 45 14 28 62 87 6 21 19 15 9 11 11 8 13 22 22 14 12 21 20 14 9 24 13 10 6 20 25 17 22 14 56 74 50 106 138 163 202 98 203 93 270 232 301 183 223 311 362 306 437 392 310 383 387 352 444 441 438 440 418 439 438 445 440 447
282 347 350 303 297 201 199 327 136 228 279 238 173 226 145 237 102 183 73 93 229 116 119 74 103 48 98 59 28 14 47 58 14 30 32 46 23 14 19 33 45 10 12 52 15 10 11 14 6 8 6 6 7 18 8 13 11 6 12 91 18 10 47 48 18 6 56 59 10 174 217 153 255 135 134 180 237 347 347 269 227 224 290 267 359 397 319 363 428 399 438 345 441 442 440 442 438 441 437 434
387 206 336 300 326 270 152 239 263 199 186 200 182 205 224 210 112 299 158 131 73 61 66 78 85 73 74 114 59 66 35 85 52 22 66 37 36 6 70 6 9 47 24 9 20 49 12 10 7 15 31 8 5 14 13 15 10 65 6 13 12 15 5 13 14 66 160 51 59 57 142 179 272 271 197 263 273 267 347 309 301 353 357 402 398 349 434 391 345 437 358 434 429 414 439 445 431 447 436 440
283 311 267 257 236 270 276 146 188 173 225 147 184 114 291 195 223 140 194 109 112 99 172 76 187 104 27 66 164 62 73 33 95 83 38 13 59 10 6 11 20 10 19 30 8 34 10 11 11 11 18 12 15 20 16 12 14 9 12 13 44 17 50 64 22 58 112 51 109 136 51 101 49 148 282 98 257 224 213 308 308 361 312 352 385 411 392 399 398 439 356 439 394 441 440 437 443 434 436 436
295 273 245 289 278 258 202 360 350 222 223 153 267 228 166 131 194 217 124 162 139 174 126 156 96 76 126 90 58 62 71 58 25 108 111 23 13 83 11 32 20 32 30 50 5 26 16 21 24 14 9 7 12 11 7 21 15 26 9 53 14 14 49 12 50 50 107 26 45 97 102 70 148 155 220 176 137 251 264 357 315 229 260 320 398 437 275 398 389 358 439 445 435 430 435 438 443 440 440 437
244 268 291 302 218 277 236 283 245 172 186 240 218 164 143 217 164 174 180 126 93 155 71 140 51 102 25 51 54 48 127 77 46 44 40 68 8 10 30 29 20 60 12 5 21 33 9 24 6 13 14 17 16 19 18 7 8 57 53 21 3 8 5 50 44 92 98 70 17 9 135 226 118 99 214 140 227 307 181 267 396 352 394 310 350 356 394 270 308 439 442 441 433 443 403 443 393 395 446 444
254 286 351 271 266 220 315 250 293 121 196 141 173 195 163 187 195 108 131 130 29 150 84 73 131 93 144 47 124 51 25 18 45 47 9 52 45 17 55 39 14 69 53 7 15 14 7 39 19 24 9 13 28 10 16 21 6 5 9 5 10 41 56 21 24 50 126 47 49 141 136 96 219 220 223 223 312 360 323 178 338 222 438 358 397 355 348 394 437 442 397 440 441 437 440 443 444 441 439 443
270 313 207 307 241 294 278 232 206 250 231 230 232 162 156 116 248 88 195 114 110 54 119 42 89 150 134 73 54 61 93 46 84 24 24 51 24 61 56 16 26 27 21 12 10 8 10 36 8 5 22 12 12 22 13 21 12 8 55 11 9 21 10 11 72 46 11 45 53 97 13 15 148 215 106 140 263 253 266 179 113 393 266 313 394 393 441 386 447 432 399 398 442 398 436 436 397 440 394 442
302 232 293 257 239 335 294 225 198 189 203 240 154 225 156 105 164 71 141 171 234 159 98 112 127 85 48 43 68 24 16 61 57 47 12 13 54 15 57 41 10 16 6 11 12 18 26 6 13 44 7 33 36 10 14 14 20 22 24 13 9 33 11 16 14 39 15 59 139 58 190 205 99 183 259 269 253 292 259 284 227 277 352 264 385 395 433 398 393 397 389 444 399 442 441 439 390 443 443 441
297 276 306 304 239 264 285 235 150 190 278 221 194 114 231 183 174 135 113 193 114 104 73 50 57 34 22 63 65 119 151 56 21 54 23 12 51 8 3 12 26 6 23 46 9 11 12 15 15 19 8 20 12 20 10 11 18 6 11 8 8 34 9 11 63 63 57 132 149 100 9 59 95 103 202 57 270 314 184 310 329 350 343 367 430 268 386 441 355 438 388 434 447 436 390 404 436 432 439 401
332 334 264 262 262 210 266 302 321 211 184 180 226 176 184 254 163 170 155 228 106 172 136 71 65 94 128 88 78 79 65 51 16 49 21 35 51 5 17 11 20 39 18 22 4 21 36 22 14 17 15 6 16 18 31 7 38 7 13 7 18 14 30 58 51 55 30 99 44 147 204 74 220 71 181 144 159 255 183 168 202 312 257 353 436 354 365 364 439 396 396 394 439 440 433 390 436 435 432 437
310 297 241 281 271 278 219 217 248 233 247 185 211 177 212 206 234 158 222 139 91 98 76 86 100 27 57 90 26 59 59 22 65 16 54 22 29 59 18 13 22 10 30 14 24 8 16 8 9 14 15 18 18 16 11 13 10 25 18 15 5 5 93 9 31 66 94 9 127 180 162 132 190 176 148 225 269 360 308 228 219 264 441 355 360 438 351 399 392 383 350 429 437 395 439 401 435 439 428 438
286 251 286 308 288 221 268 300 306 225 268 236 291 184 207 172 192 201 153 183 153 127 140 100 97 55 125 90 31 21 63 48 96 21 34 9 22 20 12 13 15 14 8 13 14 19 23 9 15 8 19 11 7 19 29 5 22 23 4 12 37 18 14 71 53 95 52 75 135 60 217 137 180 99 177 183 236 265 226 312 223 348 360 439 317 307 384 354 347 447 440 403 354 433 436 444 440 399 442 439
252 230 224 283 269 283 302 232 244 210 212 256 151 111 131 192 156 204 39 119 132 143 64 141 78 132 51 77 24 144 44 53 80 70 53 68 12 15 40 8 39 46 13 14 16 7 38 9 24 16 17 8 10 20 17 21 15 17 22 8 11 47 60 9 10 65 112 49 60 24 132 216 137 173 143 178 359 177 185 264 293 313 338 302 336 393 348 389 352 360 442 433 436 439 439 436 441 436 433 437
287 276 279 274 175 216 294 174 230 189 190 147 192 235 213 108 167 168 214 147 162 96 81 133 75 72 46 56 116 80 87 84 62 124 11 45 61 11 11 12 53 20 7 8 15 40 19 8 15 5 9 9 14 21 6 13 13 15 16 10 14 14 18 55 64 33 47 53 82 7 120 140 94 178 175 178 192 179 228 254 346 392 219 313 357 436 350 439 395 402 387 439 436 405 440 444 395 445 443 432
298 318 253 288 245 302 286 276 245 143 238 271 192 149 220 184 143 165 129 165 127 67 129 62 93 177 208 70 36 93 104 28 26 59 18 34 37 40 15 46 30 9 15 19 11 4 18 31 20 17 12 8 5 4 20 11 13 15 17 13 5 48 9 16 59 11 58 64 48 49 75 56 155 286 138 316 307 357 219 271 443 224 234 393 348 354 435 308 395 358 396 442 441 434 441 440 440 442 446 434
296 292 327 290 291 222 297 213 206 237 221 220 280 229 235 257 225 176 84 155 97 147 93 183 46 75 75 65 45 72 49 23 57 85 38 50 18 14 58 32 49 32 61 11 17 8 18 13 13 21 36 19 11 11 19 9 15 8 9 7 3 8 49 8 18 8 19 103 9 68 117 99 141 185 155 182 153 354 270 225 436 269 352 432 352 392 357 313 444 395 397 391 403 437 438 431 440 439 438 436
242 249 262 252 306 258 216 290 138 247 132 201 209 210 165 190 116 153 168 98 98 147 33 75 98 78 103 153 106 56 23 26 22 15 51 70 60 12 32 28 23 22 12 11 35 11 14 13 10 14 22 16 27 7 17 11 10 10 17 52 14 12 11 58 65 96 12 96 61 94 134 168 180 58 157 177 84 252 303 266 318 333 265 311 310 349 376 435 358 425 436 421 428 401 439 437 437 441 432 439
289 287 330 229 262 247 238 184 228 191 196 158 262 182 149 175 166 110 130 157 141 111 110 91 119 92 40 68 115 65 117 97 68 51 15 79 12 68 52 33 19 5 11 14 19 43 14 9 12 11 13 15 8 7 7 13 9 15 7 32 7 38 23 94 53 8 47 24 83 164 95 59 158 87 189 253 262 267 366 223 356 223 309 276 440 380 446 382 433 391 443 439 442 439 390 433 437 442 418 394
352 367 289 235 202 321 195 330 258 223 241 223 276 203 146 190 152 92 179 130 68 118 82 125 94 105 62 66 132 69 49 57 83 42 15 24 24 81 17 16 20 7 25 10 11 41 8 10 6 15 10 8 21 36 5 16 13 13 14 11 13 77 43 77 34 5 103 91 90 46 139 180 106 142 180 306 294 267 311 231 406 346 384 306 394 349 398 380 397 423 398 401 436 439 440 442 441 432 430 433
264 293 296 263 287 311 307 158 245 286 175 241 261 180 180 161 139 216 205 68 96 136 131 80 117 78 84 76 60 102 109 33 54 46 70 78 64 30 60 19 41 19 15 44 13 24 11 8 10 15 13 13 8 11 15 19 58 9 17 7 10 51 18 67 19 30 91 69 8 152 135 193 182 136 220 222 279 184 268 156 349 353 346 436 398 339 437 343 421 435 404 349 397 437 436 395 444 437 397 438
353 243 285 243 283 280 283 269 289 163 170 206 160 204 147 225 114 118 40 89 122 97 71 119 73 44 135 62 134 79 17 33 20 23 24 10 62 10 15 48 6 17 49 9 10 5 7 9 14 10 6 18 10 15 14 11 8 40 12 11 14 51 7 55 124 7 52 8 172 83 158 63 348 220 221 241 317 181 350 202 267 261 413 268 392 309 391 276 396 438 436 441 446 443 441 442 436 443 441 439
286 249 267 303 280 315 236 233 301 219 228 241 200 155 192 292 287 83 160 127 119 115 63 90 229 134 50 87 70 100 88 40 58 15 50 16 22 11 23 16 29 16 72 10 8 13 5 13 10 13 8 34 16 9 11 23 11 14 15 11 6 16 43 105 52 53 55 89 93 67 17 225 101 140 188 199 267 229 399 185 293 352 310 344 349 356 401 398 348 447 437 446 441 443 441 446 440 439 435 432
298 314 267 279 222 231 266 194 299 304 219 131 109 108 221 249 124 92 103 203 202 127 88 120 57 119 94 17 81 38 41 38 69 117 38 30 14 60 60 15 22 44 7 18 46 42 12 9 33 13 16 12 13 12 12 12 7 27 14 7 8 49 18 12 8 27 54 93 50 135 194 87 303 99 180 232 224 185 271 236 270 399 308 307 306 342 407 392 385 399 449 399 394 436 441 442 441 441 440 442
314 275 319 222 282 251 258 225 162 206 247 228 114 276 166 138 166 185 50 164 127 222 176 57 147 80 41 26 49 37 44 45 22 14 11 23 22 54 8 48 8 8 8 20 39 21 23 13 18 11 14 11 33 6 17 8 13 26 31 13 50 27 19 33 65 143 15 66 50 68 59 144 144 185 187 142 179 268 261 187 221 314 308 315 393 436 391 348 443 442 419 440 402 434 391 443 439 439 444 446
272 302 319 299 264 269 252 316 238 225 183 264 195 254 205 107 182 128 124 134 51 39 117 75 150 58 79 69 93 68 60 38 49 75 18 15 80 44 20 16 11 25 16 9 6 15 6 15 14 17 12 14 13 22 9 14 8 9 27 30 10 19 10 28 11 114 47 57 58 62 179 138 276 92 134 199 139 352 180 227 278 396 321 436 308 434 400 435 400 440 441 398 443 437 428 399 436 439 441 443
296 248 279 266 282 301 230 288 250 178 175 291 208 160 111 119 141 105 198 126 124 132 91 138 89 54 91 22 34 54 78 36 45 57 114 25 60 27 6 9 14 24 23 9 12 13 15 9 33 25 18 16 10 8 4 8 7 14 20 21 6 19 34 22 73 61 101 101 141 152 70 97 221 229 144 98 353 306 279 222 254 399 346 388 309 392 264 399 398 444 352 446 443 438 437 435 439 439 435 439
307 307 325 339 205 253 205 251 256 230 239 260 302 107 245 143 188 171 158 60 188 129 137 85 100 35 138 81 107 16 94 56 55 60 9 25 32 21 16 43 19 47 21 72 36 25 19 24 11 11 17 21 11 15 10 5 13 15 53 85 12 23 16 74 33 163 134 49 99 175 97 96 93 294 263 230 141 337 283 313 301 224 226 354 363 396 395 397 441 391 374 401 438 431 397 443 437 442 436 430
318 329 296 225 238 282 279 303 186 232 205 195 223 170 202 155 159 192 211 113 222 117 57 196 169 117 53 65 60 102 56 63 50 65 13 63 25 33 53 11 19 16 10 10 8 24 26 22 4 13 15 22 7 28 13 11 14 13 14 9 51 14 29 6 30 56 7 72 111 6 134 51 269 180 170 187 54 317 257 237 314 278 324 396 350 440 268 439 352 347 399 443 428 441 445 438 436 431 442 446
337 274 253 309 322 323 183 204 265 172 223 182 245 159 239 205 166 200 182 161 229 111 121 59 94 189 82 24 52 85 53 84 92 56 14 9 27 29 33 52 17 10 10 12 12 14 12 12 14 7 23 11 5 16 6 17 16 7 12 35 55 60 19 105 45 45 6 62 144 56 14 50 138 309 308 312 179 321 184 270 276 299 430 340 350 361 397 350 440 395 399 435 435 442 431 446 442 443 443 438
258 294 261 296 293 221 272 331 300 251 184 216 225 180 192 157 165 106 146 120 140 179 123 84 116 98 105 102 34 19 58 14 43 64 59 11 25 20 22 55 50 14 15 9 8 16 25 14 18 10 15 17 35 19 7 16 12 12 9 19 9 22 12 8 37 110 63 125 52 96 234 135 314 190 309 186 348 261 433 309 313 307 267 339 386 355 396 358 352 403 438 439 439 439 444 442 438 442 444 434
281 303 232 267 227 297 252 269 238 362 255 250 117 194 230 220 153 199 101 100 105 110 159 59 106 173 134 114 83 19 92 81 68 53 65 32 58 15 34 30 13 58 10 12 22 10 19 7 38 9 15 10 18 8 10 34 10 12 14 50 48 62 31 73 38 92 82 49 60 101 109 91 138 309 206 225 259 136 276 265 321 396 386 409 354 400 233 433 357 436 402 435 436 401 435 436 443 443 440 442
259 315 281 233 281 267 287 290 195 217 150 240 201 238 171 318 142 127 133 179 87 61 93 71 146 139 69 91 119 91 237 22 42 32 65 21 55 52 14 10 25 13 19 38 11 17 11 9 10 9 9 8 9 16 14 13 15 13 10 29 5 28 38 52 12 14 7 48 22 63 66 89 260 193 157 193 107 186 228 348 190 307 342 312 391 440 394 413 360 393 438 441 437 443 443 438 437 443 433 433
352 274 296 211 314 193 198 223 264 204 148 258 130 122 80 164 208 126 137 156 149 21 95 117 118 149 170 79 46 77 61 87 15 16 26 22 68 50 14 20 76 116 53 10 26 43 30 11 14 18 7 27 15 13 14 33 20 29 5 22 5 10 15 9 56 66 85 137 9 53 249 136 161 176 99 179 146 154 270 220 358 219 225 386 308 390 343 384 353 396 395 438 444 439 428 444 440 441 442 439
297 310 280 257 292 244 284 292 235 207 269 284 136 234 161 88 235 205 73 149 127 81 153 124 42 62 71 90 100 18 21 46 90 87 36 56 21 38 19 18 15 12 18 16 5 8 12 18 17 13 7 25 17 16 14 11 24 19 28 12 33 26 9 14 4 47 92 45 113 145 137 177 150 224 129 211 184 230 272 134 350 278 399 294 387 403 352 352 434 444 395 353 444 439 437 436 444 442 445 431
307 290 332 267 245 224 308 295 217 289 184 136 188 152 186 249 167 183 207 117 83 109 121 121 147 88 119 129 47 53 47 71 62 41 68 32 38 28 21 26 63 20 16 29 22 11 13 9 19 9 8 9 25 22 17 9 9 11 21 63 52 9 13 6 89 47 23 107 13 57 66 168 237 107 236 192 198 294 311 93 349 275 306 317 300 445 415 436 382 436 444 424 351 432 433 439 440 442 439 441
236 320 247 304 292 315 239 235 251 197 305 258 240 186 100 268 75 231 124 144 133 151 44 90 148 120 140 137 80 58 58 48 66 12 14 22 48 38 39 25 34 27 10 44 16 12 25 12 57 18 6 21 10 10 22 5 17 10 14 27 19 12 4 99 53 186 120 51 145 95 252 112 179 138 235 306 178 258 233 344 185 318 359 395 346 225 358 442 440 434 439 440 443 431 424 439 434 439 444 442
296 241 318 235 256 233 267 166 249 248 165 199 186 224 251 151 145 89 143 184 189 158 154 132 144 37 59 85 44 96 62 29 97 46 75 31 65 66 19 17 5 53 15 25 19 8 12 20 4 8 23 35 26 8 14 17 16 11 15 25 42 33 14 72 57 54 50 17 55 117 182 150 185 138 174 305 193 193 267 264 354 349 222 395 355 398 403 348 396 437 440 440 436 442 433 438 449 443 439 402
305 272 270 285 258 205 248 210 262 186 209 152 166 133 172 226 203 143 158 71 162 183 97 113 110 20 42 84 52 58 54 54 37 44 21 23 16 23 18 59 30 68 8 16 29 15 20 16 16 35 23 10 8 16 17 40 11 18 12 7 95 55 7 16 51 43 49 17 60 56 54 184 63 179 263 345 165 215 236 222 147 271 347 438 310 298 438 442 303 401 395 444 441 438 443 442 437 435 441 442
290 231 288 279 302 292 297 236 232 230 229 185 147 282 205 149 170 139 200 138 120 144 208 146 46 94 91 130 39 44 91 60 105 59 45 84 26 14 99 72 9 13 51 14 22 18 19 16 20 9 36 16 11 11 21 24 13 13 7 9 50 11 26 65 101 52 69 111 176 57 123 96 97 178 230 220 199 311 396 259 350 392 345 298 353 394 319 395 391 425 440 440 392 392 433 385 438 439 435 446
244 214 340 301 251 297 249 271 158 299 281 272 169 139 171 156 207 231 93 167 132 112 110 73 113 65 181 61 101 97 34 87 116 77 97 60 58 122 43 47 17 13 28 16 19 7 17 25 4 8 11 16 8 18 23 14 6 16 11 72 51 32 13 51 27 30 53 49 109 109 230 42 113 144 72 137 271 257 267 262 298 386 365 224 352 353 443 311 349 407 438 433 436 440 446 391 444 397 440 429
316 309 305 246 291 305 332 328 229 242 279 239 267 162 162 162 153 184 111 205 102 185 154 81 27 111 135 36 21 98 43 42 81 48 23 64 34 30 41 8 41 11 11 16 27 33 14 37 27 7 10 10 24 17 13 8 55 14 10 19 5 8 9 30 4 52 12 49 146 99 8 253 136 222 224 173 107 258 357 310 221 353 352 442 362 313 389 399 438 398 424 440 439 442 397 437 437 434 437 445
289 287 265 320 293 313 271 213 236 252 221 124 230 280 224 309 154 161 222 109 110 142 180 56 135 62 85 67 94 42 39 47 50 49 34 48 12 16 26 30 11 16 22 8 19 20 7 23 21 14 11 10 26 24 9 15 7 17 18 56 12 7 10 54 8 31 64 10 146 76 180 151 223 181 267 236 142 219 437 226 264 348 329 369 351 433 348 397 393 440 434 445 393 386 442 439 442 436 441 435
253 322 255 362 272 298 259 271 259 262 256 208 145 193 154 124 173 123 201 163 199 132 129 76 171 146 52 143 160 62 47 67 26 114 100 33 13 23 25 17 20 18 13 19 13 19 7 22 15 6 31 4 12 6 7 9 50 8 5 13 60 17 39 95 13 34 78 129 46 131 90 74 51 270 304 287 179 351 348 314 308 272 321 392 403 355 436 389 392 438 432 437 440 442 436 412 442 438 444 440
233 288 304 338 288 301 245 336 251 238 247 201 247 182 187 169 150 195 189 111 80 236 90 94 179 116 167 103 60 101 29 32 50 16 33 24 73 14 9 10 20 10 18 39 9 10 16 19 18 10 26 8 9 11 19 15 30 25 24 45 91 58 9 10 15 46 59 39 49 110 100 176 208 164 177 257 218 312 388 201 313 287 351 391 340 370 443 398 340 391 396 433 439 354 442 437 441 437 441 442
321 294 216 314 306 228 214 262 236 241 165 251 205 185 177 118 141 86 100 164 194 68 118 112 102 160 129 96 44 127 18 95 42 11 90 34 48 18 11 15 38 28 10 45 17 21 14 12 14 10 23 6 6 34 47 10 15 13 21 41 16 22 6 28 103 160 50 50 19 62 138 144 104 263 165 212 268 310 318 401 248 346 352 323 399 298 443 396 407 444 351 443 391 445 440 442 442 437 444 445
252 320 327 298 295 299 229 329 252 113 274 265 216 230 139 162 214 244 167 140 89 152 139 172 104 65 96 118 77 57 38 68 46 143 30 25 33 52 9 19 27 55 59 7 19 7 20 12 14 19 14 14 23 7 16 29 7 15 17 20 22 56 49 108 120 94 11 51 84 85 99 147 133 261 265 228 284 348 307 319 316 309 352 349 401 422 361 353 441 265 441 439 399 441 436 438 438 439 437 442
