596 634 642 684 681 647 696 733 654 712 739 668 732 712 726 746 721 764 867 778 763 766 787 746 780 806 878 868 736 850 837 809 884 874 875 879 874 885 877 893 888 893 874 882 881 893 895 894 896 883 888 890 893 884 882 894 889 885 890 887 893 885 893 818 885 835 854 847 864 884 751 718 756 786 809 514 764 661 672 541 672 725 544 624 557 543 502 673 558 501 462 547 511 459 457 453 457 450 452 460
656 653 633 667 603 705 732 632 663 728 688 735 745 749 716 708 765 778 781 818 853 831 844 864 846 854 873 852 850 856 866 868 847 878 874 832 888 838 886 884 883 898 858 884 874 886 885 874 888 891 890 885 886 892 884 890 886 888 893 893 884 871 854 893 878 886 841 799 891 845 854 767 769 807 800 661 620 655 637 662 584 630 627 656 559 539 545 515 635 511 507 464 459 453 461 454 459 466 468 459
612 660 630 660 685 604 687 622 678 646 658 753 731 720 760 742 730 763 701 786 809 765 795 814 820 829 847 883 855 846 865 812 884 828 864 896 880 893 869 889 885 890 890 891 882 887 892 894 899 888 883 893 888 884 869 892 888 900 894 866 875 803 890 801 895 896 883 803 814 802 888 840 806 740 664 679 590 680 628 539 674 592 589 507 541 710 500 456 625 457 503 499 469 461 466 500 457 471 459 457
632 697 632 690 646 686 655 653 699 698 749 683 702 809 776 727 775 699 741 830 808 821 774 817 846 828 838 805 877 879 880 856 877 838 880 871 868 887 866 880 883 891 893 890 882 886 888 884 882 884 888 885 892 888 886 882 883 890 884 896 890 852 844 866 893 798 886 886 850 752 763 734 710 717 881 718 599 753 845 589 598 715 680 591 460 582 498 502 544 508 546 535 460 459 511 462 466 455 455 461
625 639 599 709 655 626 662 691 698 824 753 682 729 790 822 713 847 805 787 757 743 819 806 809 818 779 779 827 882 842 864 867 891 855 903 896 872 858 890 894 853 883 880 873 879 889 899 869 891 881 887 875 886 878 863 895 891 892 881 848 884 890 887 837 893 852 888 876 811 835 884 753 665 764 725 703 707 662 673 720 587 592 554 578 592 503 546 456 498 582 467 499 464 498 460 460 453 451 455 462
606 653 608 627 636 753 658 607 755 652 646 732 664 782 702 748 807 718 758 760 755 848 855 756 808 838 856 786 797 824 865 842 878 792 869 884 849 882 881 893 899 891 831 893 873 874 883 895 876 888 893 890 885 881 894 881 887 878 882 887 855 892 883 889 876 880 897 865 815 841 734 727 758 756 636 674 670 669 630 670 590 512 591 761 499 500 508 463 547 463 586 499 464 455 466 465 466 460 504 460
622 624 632 662 585 676 729 723 734 644 640 751 713 770 704 720 827 827 754 732 791 841 771 821 819 804 802 772 812 859 838 863 885 864 839 880 884 874 877 892 881 862 882 863 894 884 882 896 887 881 885 883 863 869 889 892 889 878 884 866 897 894 901 880 826 782 861 810 833 738 715 840 810 752 725 673 803 634 788 833 636 582 510 460 536 583 504 512 552 546 557 498 462 464 507 455 458 458 457 457
619 624 644 657 639 628 600 664 634 712 669 750 674 721 710 747 700 800 801 808 794 803 809 821 812 803 813 863 839 858 877 818 856 867 893 878 854 884 865 882 873 890 893 882 888 894 890 890 891 894 887 885 894 885 901 886 889 883 902 883 889 895 888 851 852 890 862 888 879 715 842 829 766 784 676 588 593 834 638 676 635 713 543 637 643 581 502 507 545 462 453 502 549 458 499 459 462 457 458 460
635 584 656 607 631 684 671 707 699 694 700 704 705 800 755 842 754 781 787 758 752 859 812 830 853 871 797 800 846 892 851 874 887 829 828 884 849 850 889 884 883 883 888 880 883 888 891 880 889 894 877 886 887 894 898 873 888 861 898 891 886 887 882 810 888 888 885 832 756 768 816 824 717 722 586 712 672 625 582 585 635 544 632 725 538 545 563 539 506 506 467 517 459 465 454 462 508 502 464 457
589 603 692 636 593 656 719 669 670 659 717 732 592 729 741 810 725 745 806 775 767 866 806 814 817 818 835 817 873 849 852 817 858 870 888 884 864 870 888 876 876 887 899 891 891 890 881 888 883 887 884 891 894 882 884 892 893 877 889 894 890 863 890 833 818 890 883 797 847 849 841 752 761 756 753 757 718 750 703 504 676 682 592 632 549 629 459 632 540 554 508 453 468 459 457 503 466 459 456 463
693 610 681 621 664 643 680 695 686 702 647 726 704 768 772 748 778 822 707 851 725 858 861 779 765 798 810 816 873 868 849 851 855 853 876 865 872 897 896 884 892 893 861 880 887 881 876 881 877 886 873 874 889 881 893 883 878 896 878 893 879 854 879 879 872 892 850 851 845 842 762 625 752 736 762 632 756 759 745 590 554 586 567 591 622 586 508 547 544 589 545 465 463 457 461 458 458 460 460 458
562 622 669 712 659 664 642 624 659 677 672 735 819 725 776 743 838 759 789 723 807 808 799 839 848 852 811 803 882 867 823 852 847 847 887 883 868 885 870 890 887 891 886 878 871 894 883 890 894 886 888 885 886 888 874 881 881 880 890 881 888 813 854 880 888 880 853 868 886 857 804 698 820 711 794 741 627 679 512 630 642 553 516 624 585 584 460 463 512 465 451 478 501 458 537 461 464 459 457 453
598 687 660 633 682 661 669 653 627 678 676 689 790 809 768 752 778 688 812 770 760 773 785 805 822 834 887 812 816 831 881 823 862 887 820 861 886 877 889 866 889 886 897 891 882 891 881 870 875 886 884 897 893 884 872 887 882 886 884 887 890 843 883 857 892 849 849 808 769 837 793 886 638 747 888 713 704 661 732 737 588 711 550 499 549 628 466 504 549 593 500 463 464 464 459 507 510 470 458 457
578 655 656 640 639 705 724 665 644 705 787 721 818 757 790 748 784 723 741 790 766 863 783 836 821 849 787 883 886 840 819 866 812 835 864 879 890 891 876 879 890 865 887 898 886 883 884 887 893 890 893 885 881 894 893 871 890 879 890 890 878 827 873 885 857 881 841 764 822 848 764 880 787 767 776 686 789 719 691 723 672 582 575 508 594 508 590 458 553 542 507 462 458 490 499 454 499 506 463 461
572 688 559 635 613 638 617 728 629 728 670 690 716 763 789 740 725 802 763 724 859 867 803 793 859 850 877 815 800 865 845 817 871 876 865 874 840 880 875 882 881 892 892 886 889 891 888 887 894 884 885 886 899 897 875 882 888 885 893 889 874 846 874 814 846 881 841 896 809 839 722 854 805 794 751 688 674 620 810 535 634 547 636 551 503 545 546 585 552 501 507 503 457 466 459 461 462 457 457 459
585 590 560 580 648 679 647 629 628 768 774 677 756 617 675 753 781 801 824 812 822 880 831 703 820 839 818 867 879 815 811 892 847 819 885 852 881 886 893 892 868 888 884 891 879 892 887 876 878 890 890 883 885 885 881 889 867 894 889 883 874 888 890 890 827 880 892 887 853 794 776 656 802 756 807 718 712 769 717 632 720 602 589 504 595 587 470 515 595 454 543 462 463 461 503 461 455 467 465 462
562 636 721 692 637 589 717 570 714 720 741 737 652 637 797 747 694 772 743 809 783 777 826 834 823 841 840 844 825 882 859 870 829 871 881 885 829 840 890 881 872 885 892 878 887 889 888 895 889 893 892 880 894 885 888 896 889 894 889 891 895 890 896 874 843 810 877 847 834 864 837 714 766 719 733 661 675 622 585 582 638 546 630 544 549 501 540 550 512 458 510 458 457 461 463 458 459 455 455 460
611 661 608 570 688 651 682 681 649 685 673 707 769 700 798 806 812 762 743 773 786 796 761 742 773 799 819 856 818 836 794 838 850 838 835 896 883 897 877 889 864 898 892 890 897 894 888 885 881 867 895 888 894 884 894 890 884 883 877 889 892 890 891 862 873 846 872 835 764 889 858 775 860 744 793 713 712 633 593 602 711 640 631 644 673 586 553 546 500 503 498 459 502 456 456 465 466 464 465 460
620 597 585 628 700 700 633 698 638 592 666 683 685 653 833 806 786 829 779 773 835 786 792 858 775 840 812 876 812 870 877 872 869 862 876 874 883 876 868 849 883 862 896 888 880 883 897 881 882 882 882 874 894 879 884 885 887 894 896 882 850 891 877 863 853 859 839 744 880 837 875 838 803 758 821 671 696 631 643 626 586 550 638 669 673 637 549 548 503 465 461 458 544 543 457 462 458 470 463 458
661 623 601 615 725 713 671 703 722 664 685 619 620 696 708 755 756 754 814 754 818 839 766 853 836 868 870 865 854 849 861 878 838 839 820 893 893 839 842 877 879 881 874 893 882 887 895 882 894 871 889 891 886 882 894 889 880 885 880 887 887 882 873 887 879 894 836 850 808 881 762 782 713 669 757 656 755 710 629 721 629 624 582 672 552 591 538 593 550 547 464 500 461 497 469 480 502 465 461 456
672 649 695 608 685 600 702 615 714 768 747 744 690 683 743 718 797 736 799 849 800 813 840 843 831 810 787 868 821 826 822 887 836 837 857 864 895 856 876 880 882 887 887 847 896 884 886 875 897 867 894 887 879 891 879 865 878 844 884 876 880 885 901 838 844 882 864 848 835 746 845 714 775 675 806 745 732 580 675 659 592 634 506 465 544 512 466 550 497 506 459 546 464 461 502 516 460 461 464 463
530 636 655 597 639 627 599 752 650 674 663 659 622 625 749 734 730 808 826 757 749 834 790 881 818 861 843 847 830 867 881 768 884 856 814 865 877 866 867 879 886 888 891 883 875 897 855 869 894 888 898 881 883 884 893 876 893 887 897 881 892 891 849 867 829 895 850 845 876 883 741 741 717 764 720 720 667 763 762 747 621 506 632 639 592 673 462 592 553 500 502 463 502 458 460 467 462 466 467 455
593 612 650 619 616 642 720 724 669 607 753 629 653 645 765 738 711 763 749 678 842 820 800 740 808 827 830 832 856 846 902 815 870 871 895 874 877 895 843 891 886 882 868 885 888 861 888 888 885 894 892 900 880 887 892 898 894 883 857 877 885 856 889 847 889 893 799 896 885 840 822 845 794 719 673 624 665 584 718 595 629 549 647 592 459 587 465 497 462 463 463 462 499 460 458 451 460 462 464 465
593 635 555 604 585 679 770 601 623 726 641 665 685 806 720 796 624 790 790 722 821 733 789 837 861 836 822 851 860 823 727 880 837 859 876 890 884 890 891 881 830 888 848 889 850 886 892 895 887 895 884 878 889 885 893 878 886 895 845 878 888 878 897 845 879 859 846 805 755 843 765 749 675 774 634 549 584 741 794 587 592 629 552 590 585 590 585 463 490 542 459 455 466 460 455 454 496 458 457 460
621 648 637 598 639 650 666 662 732 659 710 708 699 714 705 743 717 730 795 847 776 841 711 842 819 855 859 817 835 866 843 859 884 895 884 881 867 892 881 888 861 849 891 890 887 891 895 886 880 888 895 887 875 890 879 884 880 883 883 894 887 896 875 896 880 871 894 898 894 807 834 756 779 674 671 633 756 835 584 580 627 551 583 566 554 586 462 460 540 463 591 509 497 459 462 467 463 455 460 460
628 582 619 643 656 680 664 648 685 668 705 724 753 671 762 772 716 781 826 838 818 807 827 806 747 830 772 839 867 848 872 880 846 874 888 887 891 886 863 888 892 877 888 861 877 872 878 877 893 883 883 876 886 881 888 843 885 874 868 872 881 893 893 895 842 886 852 847 873 716 819 706 713 678 674 677 632 714 756 624 623 676 555 600 540 541 550 503 550 544 502 510 462 505 506 455 499 457 463 458
592 705 624 648 617 586 681 660 695 707 695 685 737 612 708 769 670 743 749 806 727 812 766 833 781 875 789 807 831 827 848 875 766 842 878 852 896 828 899 836 857 876 846 883 880 888 887 870 885 895 890 896 892 892 883 887 899 885 883 848 855 889 891 877 835 897 825 891 843 788 832 708 777 718 710 629 714 634 633 735 672 677 584 550 708 500 545 457 502 457 501 467 455 466 459 456 457 496 482 461
564 655 645 574 673 669 630 663 622 730 632 654 736 680 678 707 742 813 720 775 776 815 743 789 812 858 828 804 834 884 834 856 887 852 832 888 890 844 884 892 846 879 890 882 848 888 889 890 887 892 862 884 882 886 895 892 892 878 894 886 863 835 893 816 852 892 841 859 896 798 703 789 757 735 710 651 631 621 714 637 636 550 547 550 662 523 506 510 493 543 464 467 500 478 465 460 459 470 463 464
651 602 599 745 687 673 663 688 684 628 721 727 730 807 695 655 702 767 829 824 781 777 767 787 818 769 836 794 855 830 853 847 857 852 870 876 882 891 889 879 879 895 889 879 897 890 890 883 880 888 887 881 891 877 879 889 902 884 881 890 891 882 878 872 776 811 849 795 806 857 826 754 850 789 834 603 800 591 671 506 556 526 713 545 464 635 590 500 546 528 461 461 454 546 504 459 506 462 465 458
597 584 613 597 650 601 620 603 685 693 721 698 703 643 755 665 789 692 829 790 834 826 845 776 794 703 834 817 883 886 865 862 891 887 818 876 878 854 885 885 888 882 883 888 889 891 878 872 880 888 873 883 875 877 894 878 878 873 849 899 893 891 803 838 886 882 842 852 807 761 884 794 719 718 666 767 721 670 665 667 545 630 710 563 628 502 553 596 498 458 504 461 458 464 462 500 464 452 463 461
558 644 618 636 619 658 696 736 672 646 726 741 629 691 694 750 752 741 771 742 778 774 739 771 817 755 843 837 845 836 840 836 874 859 890 881 857 852 870 883 858 896 883 881 884 888 858 882 894 885 891 886 892 877 885 902 882 882 878 881 848 900 895 890 832 806 730 862 834 832 820 772 782 665 796 768 683 704 634 687 634 541 551 631 627 545 543 456 542 467 498 467 462 451 459 457 464 455 450 468
601 643 631 588 708 621 696 627 629 651 702 728 754 766 697 729 696 835 813 783 763 810 789 852 820 846 811 832 854 843 847 864 855 885 846 890 881 852 895 827 890 866 872 857 899 882 882 887 869 887 876 895 890 883 888 891 888 835 893 886 877 881 895 877 880 827 788 789 851 832 835 755 709 697 747 678 842 599 587 702 535 539 588 534 460 677 605 510 548 462 455 496 457 468 461 460 495 458 461 458
652 593 618 607 637 622 614 658 680 698 793 771 693 734 673 717 767 805 737 792 742 766 786 696 842 854 784 808 815 821 854 883 873 832 876 847 874 857 880 884 871 892 863 875 890 893 884 880 881 886 881 893 885 884 880 885 890 882 887 889 892 887 877 809 890 889 810 893 797 888 845 874 801 726 672 547 719 671 541 632 587 713 720 587 545 509 589 591 448 502 465 455 460 507 463 455 461 456 454 459
554 625 593 594 773 666 696 646 629 659 603 727 743 684 671 652 764 728 804 814 847 741 788 855 796 862 883 834 861 843 884 840 851 832 811 890 890 853 867 852 869 897 880 883 871 886 887 880 866 883 892 896 890 896 888 886 885 884 884 857 889 853 881 800 895 888 813 797 852 809 841 750 758 734 591 709 623 644 642 590 688 672 632 512 542 540 550 548 625 497 500 453 460 508 454 501 499 462 459 466
629 552 652 678 731 653 626 711 682 704 716 732 731 784 770 727 690 676 772 765 862 796 822 847 799 768 763 815 859 883 840 884 845 844 817 879 880 879 863 860 885 890 880 878 890 894 895 892 880 893 881 888 883 887 879 892 883 900 897 890 888 887 894 880 865 833 890 844 838 766 752 765 723 717 764 681 739 647 708 681 676 593 589 649 584 546 550 499 459 506 584 506 462 456 455 460 469 459 457 451
601 591 596 612 653 611 625 642 683 646 744 728 673 786 732 756 735 762 756 815 802 765 782 827 812 864 880 794 848 849 810 844 885 847 879 833 877 881 883 893 876 886 894 891 857 881 877 883 871 866 893 891 877 886 889 883 900 881 887 892 894 873 886 847 884 879 854 721 891 874 811 850 672 762 736 756 672 674 624 632 629 713 588 516 592 465 545 490 545 544 506 506 502 452 460 468 454 461 455 464
638 628 621 635 628 683 646 623 676 700 670 671 594 777 744 717 742 744 805 816 789 804 821 794 771 808 813 825 878 810 842 852 849 881 893 879 862 885 877 892 890 882 883 882 888 871 888 891 886 884 886 884 888 883 891 871 885 890 863 885 866 881 853 883 887 810 857 836 802 870 735 759 853 680 768 762 613 713 672 684 582 631 547 469 547 460 590 632 497 460 506 468 503 459 456 464 460 457 461 454
559 570 618 603 618 606 678 627 780 682 673 781 738 721 699 756 695 825 824 728 770 826 816 812 866 812 862 855 823 798 833 833 843 869 852 867 890 893 895 879 889 856 890 877 868 894 893 893 887 886 884 886 894 892 893 895 902 861 852 852 883 888 872 884 847 844 805 797 828 808 812 750 883 795 685 845 716 577 799 673 630 585 587 513 543 512 584 504 592 500 457 452 456 458 464 459 461 465 458 456
623 601 586 566 665 697 595 647 647 659 781 764 695 760 764 785 707 812 752 734 722 806 772 786 855 775 832 783 866 825 861 896 892 888 826 818 890 895 840 863 882 817 887 887 884 884 895 883 883 886 860 884 885 886 898 885 888 895 885 888 889 875 808 882 876 814 890 888 849 675 790 711 726 677 630 723 635 593 593 627 548 594 555 560 585 542 499 544 503 461 459 466 511 465 458 459 467 504 460 463
619 689 674 641 645 675 776 652 784 631 670 794 678 673 765 792 797 761 825 729 767 783 810 763 829 817 763 867 819 862 836 807 818 891 810 846 845 868 870 883 881 877 878 898 850 890 895 894 868 892 892 894 893 887 882 895 880 887 882 878 883 852 887 860 855 845 817 779 768 762 841 733 758 760 698 719 722 708 556 518 589 500 558 503 466 585 461 467 505 506 503 462 508 454 454 491 470 460 465 452
592 576 637 608 660 649 707 649 632 620 707 700 696 710 706 757 729 748 774 714 754 801 819 831 829 787 857 839 881 788 811 874 880 837 842 865 873 879 860 887 888 880 883 831 877 889 883 878 880 889 880 894 877 891 886 873 882 891 889 887 891 884 883 886 887 851 777 894 891 725 827 637 805 756 712 717 633 640 514 603 752 578 503 597 537 507 465 505 456 458 453 455 504 454 463 461 470 450 458 451
612 640 653 632 599 674 655 592 741 603 640 681 748 806 745 683 801 743 764 821 794 878 782 711 848 827 855 813 805 854 885 883 876 886 880 851 881 879 878 857 888 877 874 888 887 882 896 875 886 890 892 889 873 879 878 892 888 872 890 853 880 875 899 852 755 829 887 820 861 794 828 720 716 783 583 812 717 631 716 598 717 675 599 508 456 501 635 493 465 461 459 475 547 461 460 460 461 459 459 467
583 658 575 679 605 616 683 692 571 700 635 691 765 673 717 728 760 807 744 716 821 842 809 815 830 765 858 858 774 876 827 793 876 871 887 881 886 888 897 884 826 867 875 894 865 884 892 893 891 888 877 886 865 886 895 896 885 881 892 891 876 882 869 829 842 881 900 839 849 802 887 793 758 787 774 677 638 754 665 589 609 587 508 597 505 539 501 505 546 497 461 499 501 464 502 497 539 463 458 467
577 636 574 634 644 706 605 722 644 635 649 697 727 669 680 765 786 740 731 745 785 760 772 737 796 840 858 887 882 829 856 852 869 876 874 882 873 866 881 835 869 887 880 886 885 890 893 886 885 894 897 890 889 895 892 886 896 886 879 883 881 886 882 847 790 880 856 766 876 815 758 712 850 726 762 717 722 768 630 769 652 717 552 544 509 550 507 465 551 460 458 465 459 455 461 454 461 459 461 455
622 686 635 591 629 645 624 630 657 711 702 723 724 677 714 783 724 727 774 757 848 863 787 784 816 726 845 802 835 883 844 879 879 832 874 870 860 877 871 873 849 893 884 884 893 881 862 896 888 885 844 888 882 887 886 883 884 882 893 894 892 879 882 853 892 880 801 896 845 785 892 712 746 684 628 590 681 676 591 678 593 682 540 581 584 545 507 507 453 500 469 453 468 461 463 459 460 463 459 462
637 649 614 649 659 644 663 687 569 641 760 675 743 690 687 707 653 829 839 801 766 835 841 789 824 847 830 810 824 838 863 869 871 858 867 876 876 836 874 875 886 890 856 892 881 886 880 863 894 889 889 887 876 890 870 889 896 891 877 878 885 891 880 886 847 839 854 877 871 803 865 841 806 707 723 599 667 594 590 543 596 699 548 591 631 548 497 515 547 503 464 466 499 461 472 461 481 459 458 459
634 648 607 652 586 683 652 621 675 679 639 642 801 743 654 732 718 722 766 779 857 691 856 826 840 773 852 817 842 820 866 847 834 866 871 890 887 896 879 882 848 881 878 889 873 883 885 882 882 889 885 893 890 892 889 879 887 885 884 900 899 863 850 827 887 896 902 878 837 761 761 837 664 798 635 755 669 592 627 757 552 591 548 633 507 552 505 469 460 459 505 457 460 454 464 458 459 458 462 461
625 664 650 653 643 705 682 737 647 664 645 657 738 743 756 808 804 764 719 731 714 840 809 824 864 779 807 795 819 838 791 829 882 846 890 854 846 838 846 856 874 888 850 877 879 879 889 896 885 888 890 895 881 888 898 883 874 885 888 889 835 887 836 884 891 892 844 822 791 855 796 718 679 674 752 759 775 629 626 594 672 543 640 502 582 586 462 499 470 498 511 462 463 500 462 486 455 465 462 455
654 651 651 597 636 627 671 653 573 690 676 659 685 699 695 776 718 659 761 785 768 747 726 799 846 837 820 812 851 820 831 841 843 881 866 877 847 852 867 882 879 890 874 883 881 886 891 887 888 880 871 898 881 887 895 890 863 871 890 848 899 878 902 893 834 832 749 882 818 763 841 844 756 839 762 597 722 673 657 591 701 633 498 503 582 503 544 606 544 499 461 503 505 503 544 464 514 468 461 458
613 609 590 600 620 716 602 693 639 685 730 706 644 756 744 729 772 752 776 738 826 795 769 784 820 788 811 874 798 823 801 883 855 883 890 879 837 886 887 884 851 896 892 879 894 881 891 877 886 884 892 887 892 876 887 882 891 875 893 880 891 883 848 889 887 879 803 801 844 850 850 693 740 680 680 643 675 761 662 542 547 574 634 531 538 550 459 592 465 477 503 465 460 459 502 457 459 464 461 458
594 633 595 642 672 598 643 643 778 643 724 636 686 735 780 683 728 744 764 668 793 776 882 800 819 785 792 870 773 807 858 842 885 879 864 864 866 893 880 874 883 884 880 883 879 865 892 886 884 889 874 883 890 891 885 886 868 878 872 875 882 875 897 826 880 844 854 824 853 808 856 715 704 768 717 596 670 677 543 460 504 509 589 591 595 499 497 499 510 477 546 460 502 465 499 462 466 502 456 462
615 611 669 557 675 665 623 705 724 649 612 810 663 816 744 768 736 697 825 804 831 756 826 723 788 785 783 817 821 844 839 844 871 866 873 824 838 882 881 883 867 883 879 890 902 868 890 897 886 890 893 884 864 888 894 883 889 889 886 889 888 887 878 855 834 818 848 865 805 756 798 757 661 718 673 709 716 503 630 593 562 504 592 717 501 547 460 500 544 501 499 462 505 461 456 459 457 453 459 458
574 612 647 579 614 750 643 718 673 649 787 735 688 721 749 760 815 734 776 799 828 797 813 769 806 819 767 874 861 854 798 873 841 876 857 880 862 857 848 889 839 877 889 879 893 882 880 878 863 856 877 888 877 886 885 883 880 871 890 890 882 839 863 889 849 827 768 882 882 807 683 856 756 638 632 641 636 587 602 585 554 583 578 543 509 539 545 535 561 500 460 461 506 462 461 508 463 458 456 458
619 657 613 610 583 631 611 581 626 626 580 716 759 734 665 759 752 704 854 672 777 830 744 784 811 800 772 852 838 849 882 845 845 813 869 849 893 868 846 818 883 881 873 886 888 885 891 896 894 874 887 886 882 871 877 892 889 876 897 893 895 879 870 889 872 883 838 832 852 790 759 736 695 796 705 805 633 663 598 713 670 590 544 592 465 507 581 522 510 546 461 464 460 457 488 455 464 456 461 458
624 552 557 592 605 697 701 572 762 671 610 659 717 670 755 663 803 719 827 811 671 788 776 823 794 851 799 842 871 883 847 837 885 868 874 848 880 883 882 860 862 877 880 849 885 891 884 887 889 896 890 897 893 882 893 884 891 893 879 814 884 889 855 850 881 899 846 845 888 728 682 750 643 769 768 715 655 553 555 632 661 670 611 626 537 503 584 535 475 498 459 555 462 458 458 457 459 455 452 456
507 689 566 604 580 634 747 659 630 695 710 692 716 699 682 688 786 601 747 770 822 834 831 830 813 825 821 778 843 834 860 816 849 873 836 866 869 887 833 891 888 844 870 900 875 848 890 897 890 871 870 891 892 887 888 891 890 828 894 889 882 890 897 884 896 839 747 845 837 846 761 725 638 625 716 633 626 638 553 595 600 547 548 498 502 557 466 509 556 464 538 462 464 483 462 458 463 460 467 457
619 584 636 636 662 632 619 753 709 736 672 756 720 789 609 703 666 768 704 786 790 799 730 815 710 801 876 834 742 835 832 869 806 820 858 884 843 889 889 883 878 884 881 870 886 865 900 888 884 892 884 890 888 888 891 886 888 887 883 887 855 881 850 840 876 840 795 836 794 768 847 799 846 761 622 805 640 676 685 602 591 550 592 544 510 490 502 507 502 463 547 454 503 455 464 457 461 458 459 471
595 625 646 605 627 633 697 547 547 678 675 749 635 670 734 766 704 683 770 727 757 725 772 746 800 823 775 807 839 836 831 840 872 792 787 880 887 822 893 864 876 868 877 849 893 875 885 879 871 887 882 886 883 883 887 876 891 876 896 852 883 887 847 881 845 850 793 871 848 803 788 828 757 746 687 723 764 641 625 549 583 666 631 576 509 463 623 506 507 545 456 450 466 465 462 463 457 455 460 458
656 627 609 599 680 614 663 618 655 729 710 666 673 730 759 691 736 724 710 770 805 742 825 755 839 801 876 853 842 851 775 812 850 849 853 833 891 884 873 868 878 847 886 892 881 863 882 873 889 887 883 881 889 876 884 881 893 840 842 878 895 893 895 849 859 810 800 836 892 885 766 671 780 796 688 758 676 593 714 635 507 549 507 582 546 541 506 636 592 464 455 465 461 457 496 462 507 499 458 455
638 611 546 627 629 671 580 653 610 771 703 758 726 702 728 708 698 792 768 766 873 745 817 823 765 800 756 851 775 850 876 874 857 852 887 842 862 881 839 854 888 838 844 893 893 887 889 870 874 876 885 891 868 886 883 885 896 896 889 886 890 854 851 874 876 851 776 848 837 764 752 797 688 680 678 674 588 543 586 720 554 673 460 545 506 545 550 507 462 461 504 460 457 465 450 459 455 454 461 459
627 583 689 584 657 603 622 668 694 652 663 673 667 739 743 787 645 817 703 785 784 839 778 850 808 748 771 818 852 841 800 847 815 882 879 846 876 832 842 886 872 868 878 886 894 886 879 865 890 888 874 886 888 879 881 872 877 893 838 888 892 880 882 892 828 850 886 846 855 805 884 875 749 684 789 757 632 637 631 725 783 506 642 587 508 501 456 505 460 459 497 501 455 499 470 461 508 465 496 451
598 669 607 644 655 563 603 672 705 717 697 655 746 676 741 796 730 838 752 727 659 742 788 786 780 819 854 860 831 878 885 835 841 851 882 885 847 881 832 852 890 879 891 895 886 887 878 894 888 852 886 877 856 886 880 884 881 883 883 890 892 866 891 877 887 858 880 841 760 847 704 709 798 714 641 621 641 607 634 614 673 622 553 633 510 505 458 503 506 507 500 454 500 461 456 458 505 457 457 457
598 630 594 599 667 630 619 663 753 710 624 682 702 787 664 719 720 760 791 699 786 797 824 847 837 859 873 838 841 783 748 845 880 850 878 894 846 887 898 880 882 896 881 853 891 885 883 885 884 878 887 879 888 881 884 887 890 889 891 888 886 868 886 882 832 834 842 772 755 795 889 842 799 799 699 839 631 583 715 593 573 552 560 544 465 629 512 460 547 468 510 459 461 468 504 502 460 468 459 497
572 569 638 638 635 692 633 597 580 691 720 729 670 724 729 652 740 729 736 674 788 727 763 833 840 808 768 808 826 824 834 847 878 844 879 868 842 884 877 888 877 860 877 869 902 877 866 877 887 877 888 893 883 886 867 901 856 887 883 897 881 887 877 831 842 840 870 801 855 759 695 827 676 828 712 745 743 639 721 735 695 579 635 546 460 548 538 542 463 504 499 496 459 461 466 507 464 457 463 459
589 595 654 619 627 621 680 689 649 661 656 720 674 720 685 701 662 741 676 758 799 801 818 818 799 872 840 816 871 844 846 873 837 890 851 877 870 838 883 884 885 894 873 884 878 890 885 893 892 881 887 877 885 880 883 876 888 873 874 885 893 897 804 886 871 835 812 893 774 721 735 768 708 719 751 670 633 543 596 677 674 635 461 546 545 462 550 507 498 509 550 472 458 511 465 496 458 458 453 461
613 648 615 581 612 677 632 597 590 671 628 666 609 707 689 730 709 691 743 713 747 769 765 795 799 840 775 803 864 873 836 853 805 879 861 897 875 870 884 891 883 885 895 890 884 872 876 887 879 888 884 886 883 888 872 893 874 877 898 879 863 885 880 817 852 802 847 827 765 831 679 757 720 796 725 716 655 624 675 581 675 555 542 457 581 586 506 550 544 455 466 503 542 459 463 456 454 500 461 456
647 666 677 620 637 615 594 669 649 685 692 648 750 786 763 707 745 698 854 778 772 753 837 752 825 763 848 817 876 758 861 851 821 826 839 833 892 887 865 894 854 848 890 884 878 896 864 887 878 885 878 894 892 880 883 882 887 877 884 894 875 856 831 893 883 831 786 850 848 879 761 685 762 721 750 720 538 720 716 637 601 588 556 594 563 511 545 501 545 541 460 471 457 458 451 462 457 460 463 457
612 619 621 623 722 688 610 729 665 716 712 753 698 659 679 790 737 734 698 748 740 797 820 758 827 816 854 845 784 821 819 818 830 779 882 854 831 885 880 885 854 883 892 882 875 860 884 891 888 893 894 881 885 880 884 884 884 891 883 890 882 889 882 846 840 862 853 843 816 884 771 760 806 719 724 719 702 723 668 646 552 508 677 585 539 464 549 464 509 503 511 453 464 497 456 455 507 460 454 462
606 581 651 613 660 592 613 623 653 747 660 632 709 744 674 721 757 735 769 734 778 833 784 832 806 717 686 824 868 801 788 873 871 838 876 869 866 853 892 850 869 884 882 885 889 886 881 863 882 881 883 887 893 893 874 891 884 883 890 884 897 852 891 879 843 889 840 833 854 853 820 846 744 614 763 577 594 542 680 634 457 673 669 512 552 548 463 583 505 550 503 460 463 463 466 464 459 458 457 457
605 614 569 613 613 668 603 689 701 662 680 685 625 671 665 631 674 727 823 745 803 748 804 720 851 824 825 840 856 826 856 874 843 810 856 846 883 885 835 867 855 870 846 890 879 899 879 885 885 877 870 874 888 888 880 892 885 893 891 890 891 898 848 892 883 885 886 793 886 828 789 799 761 714 744 719 744 550 630 668 467 631 551 467 545 517 547 583 460 496 506 500 503 462 457 462 459 461 458 457
654 643 637 649 595 648 688 616 763 655 764 704 691 683 737 711 774 748 728 804 796 756 866 827 800 818 785 754 788 838 876 871 883 878 856 825 836 877 858 865 869 870 888 887 866 888 882 879 895 893 870 878 878 895 889 892 892 894 877 846 889 892 888 842 839 805 887 797 838 804 770 732 718 846 745 728 812 640 594 630 582 571 634 581 590 550 524 457 546 471 460 472 462 500 454 456 451 457 472 462
609 615 566 669 631 647 665 718 677 713 698 743 639 719 752 726 734 790 769 737 759 791 799 808 785 803 861 833 783 843 787 814 828 848 886 827 881 836 846 865 881 897 888 885 884 863 876 892 884 888 889 887 889 896 893 889 894 879 892 868 891 859 874 810 851 894 857 876 817 732 803 845 746 808 711 649 628 639 542 684 548 671 595 621 463 517 463 514 468 510 458 456 462 453 508 459 462 461 476 504
551 531 606 662 700 577 698 581 650 680 654 681 620 700 750 709 738 809 720 773 833 771 810 770 801 794 834 833 767 832 848 844 826 855 888 878 881 817 880 882 879 891 868 887 892 854 900 881 887 886 887 894 869 858 894 883 887 885 885 893 887 819 853 815 865 896 792 812 808 852 756 717 790 760 718 591 610 630 588 666 498 547 517 586 513 549 495 518 501 474 496 496 462 460 463 457 458 466 475 464
636 608 599 636 614 583 585 745 655 614 722 656 632 718 721 736 752 685 686 829 802 766 762 824 778 821 818 820 837 797 792 866 845 856 831 833 837 873 849 888 861 880 882 853 887 873 891 889 889 885 882 890 888 888 888 882 840 889 878 889 885 838 876 835 868 862 815 826 896 746 767 709 716 762 682 680 624 715 631 744 546 543 544 468 506 565 459 554 471 461 496 548 502 464 462 497 459 464 501 461
544 653 615 650 626 615 610 635 603 734 727 696 736 693 764 673 784 786 856 811 778 806 832 783 827 857 759 841 764 814 877 868 882 877 878 892 836 884 880 853 889 884 850 899 895 897 889 884 882 892 893 880 889 886 889 888 885 862 892 882 884 854 888 845 773 891 841 884 725 809 745 832 546 683 681 653 587 713 541 696 626 641 490 628 503 585 509 619 503 465 465 456 463 455 464 459 460 448 461 457
611 645 640 588 618 594 663 668 606 682 671 650 700 745 699 608 609 809 734 771 777 781 837 810 676 759 848 811 826 800 801 863 833 882 850 883 874 887 879 886 875 886 823 886 889 883 900 883 894 888 886 866 882 895 888 879 885 884 884 894 894 877 866 788 853 854 843 803 812 834 884 667 802 759 710 700 632 666 504 714 605 551 589 546 557 540 502 503 554 459 464 459 456 463 459 454 461 465 467 466
598 582 631 626 686 666 627 703 596 597 681 766 790 794 679 647 775 806 799 696 695 772 812 781 836 782 810 878 810 857 872 858 830 785 861 878 886 842 845 882 875 865 896 881 857 865 886 892 864 890 884 886 890 898 884 883 887 870 879 887 901 858 889 889 888 878 842 808 852 761 700 808 594 801 715 678 677 717 625 669 628 504 591 594 598 557 488 499 515 500 453 500 508 461 461 449 458 456 450 462
578 620 580 681 616 645 641 674 741 696 648 675 793 613 735 764 727 714 853 734 772 677 723 845 755 820 855 871 847 871 853 852 875 887 888 879 876 849 889 852 891 897 891 875 862 873 880 892 876 885 879 887 867 897 881 893 885 877 871 888 847 870 883 868 839 756 881 831 845 840 844 759 759 712 715 758 714 636 635 711 676 581 589 590 505 463 517 546 455 459 477 467 502 465 507 458 461 470 456 456
624 598 584 595 634 635 637 585 665 680 714 634 708 649 691 788 722 771 777 774 848 859 786 828 754 847 823 830 806 834 849 864 843 823 877 879 823 855 880 885 882 869 878 895 895 889 891 893 882 886 885 889 890 884 891 880 888 888 879 869 892 883 881 875 886 790 855 837 839 838 725 758 621 807 765 695 767 544 720 676 622 502 582 471 598 466 496 467 500 452 460 505 453 463 470 502 464 461 459 455
609 649 623 642 617 597 666 609 644 720 723 608 691 739 785 781 761 793 696 774 767 764 799 749 812 850 802 873 866 844 821 860 855 839 780 875 841 872 885 890 886 873 867 883 885 884 884 888 873 874 876 891 885 890 896 893 891 886 877 882 895 882 865 878 829 832 796 797 768 744 831 801 679 666 754 802 544 598 624 675 649 508 557 498 587 504 639 499 501 458 550 456 455 453 462 462 455 454 464 460
591 588 566 567 693 645 692 642 651 670 661 643 601 790 652 756 707 727 739 841 707 776 763 804 798 860 766 812 790 881 801 838 845 842 897 874 865 883 882 860 880 850 875 828 862 873 877 879 881 893 889 881 886 884 887 895 882 881 842 816 881 890 888 823 869 740 767 848 801 727 804 799 808 600 631 671 766 555 616 586 592 676 670 551 537 502 508 501 458 506 521 498 455 456 498 451 464 459 462 457
583 573 609 672 663 620 624 603 714 670 688 697 670 737 698 746 742 708 695 783 672 786 843 706 733 778 847 826 842 805 842 835 846 822 889 840 873 868 848 891 884 882 887 892 892 873 869 872 897 887 895 874 893 872 882 885 885 885 887 891 851 884 875 898 865 837 894 820 785 890 759 848 633 715 728 715 847 591 641 663 584 619 580 508 547 461 629 460 544 545 496 461 465 460 458 462 457 466 459 459
565 616 647 594 578 579 723 703 634 732 682 725 652 741 665 700 735 698 714 732 677 794 775 839 798 718 821 873 848 809 849 816 809 839 877 886 873 869 867 857 878 896 884 885 884 885 881 893 886 896 875 885 885 879 887 876 877 897 887 861 843 833 879 792 844 847 897 835 759 840 883 844 763 591 599 587 718 573 715 628 628 603 466 564 546 541 498 550 465 501 503 462 460 459 463 455 459 460 459 466
639 597 640 597 608 681 633 572 607 652 711 684 673 721 703 737 743 789 756 780 767 719 775 803 787 797 802 800 863 874 836 886 858 833 840 885 867 888 878 842 847 891 879 888 887 893 885 886 883 891 882 885 862 878 889 885 892 893 891 886 888 881 887 891 862 784 834 776 847 792 672 760 590 711 594 706 551 639 462 588 588 588 625 555 504 545 505 540 551 500 460 460 458 456 457 460 452 452 462 464
620 589 660 636 676 595 646 632 654 538 645 644 781 718 674 683 747 697 805 800 796 794 745 835 793 727 762 785 820 885 809 815 830 852 835 870 834 884 865 874 879 843 890 885 872 890 878 894 865 890 882 894 876 898 895 873 889 886 886 841 848 839 870 825 863 816 818 854 829 797 791 806 759 594 697 674 636 765 622 641 579 502 510 496 549 503 669 463 541 461 501 461 462 500 460 454 457 461 464 458
645 588 616 668 618 629 612 610 701 677 753 660 699 671 728 586 752 769 768 721 813 840 805 829 750 759 830 813 775 802 663 880 855 871 827 867 842 846 884 886 879 890 881 857 896 892 885 889 890 888 890 884 888 884 886 879 878 888 890 873 894 868 848 845 882 890 885 850 882 834 836 813 634 711 744 698 793 707 675 548 706 590 558 589 508 465 503 486 535 500 462 463 459 463 457 462 465 456 462 463
547 635 607 694 583 694 702 667 632 692 748 637 764 778 816 735 693 773 754 738 754 882 798 784 784 751 722 819 855 820 839 807 879 879 880 877 835 854 888 878 813 783 845 893 865 859 870 891 883 881 890 876 890 888 883 866 881 866 890 874 895 889 882 894 840 830 809 758 885 846 643 767 736 728 793 713 752 738 626 675 538 680 676 514 595 505 551 517 545 513 498 460 454 460 466 458 459 457 459 461
604 590 619 647 612 655 621 614 666 706 631 616 762 660 737 809 662 691 826 748 773 820 754 784 858 838 827 816 798 878 873 860 801 815 864 847 877 853 882 885 882 889 878 888 887 899 890 883 880 884 895 881 884 884 874 888 882 880 867 889 860 867 893 879 892 852 814 850 784 756 762 713 756 676 768 685 711 662 631 765 552 612 502 605 505 499 541 547 465 458 510 547 461 460 453 462 456 463 457 468
595 604 562 635 655 674 596 609 677 607 710 757 718 755 713 643 731 712 694 777 811 788 776 777 751 803 779 767 849 845 856 826 842 857 831 862 863 878 881 877 834 884 884 872 882 887 886 892 875 891 896 885 879 872 878 889 883 895 886 840 847 894 882 889 812 849 876 788 882 834 833 727 660 791 666 702 699 606 585 807 548 623 594 584 595 460 488 464 519 466 453 474 545 462 456 456 456 460 460 460
656 574 650 603 603 583 652 669 650 705 591 642 658 716 803 630 826 666 780 757 763 746 854 816 752 781 764 751 823 845 844 853 832 886 892 877 846 863 862 865 858 868 896 856 883 885 865 888 839 883 897 876 892 886 875 897 881 888 885 878 881 886 893 801 843 723 781 846 748 802 652 778 725 760 665 600 725 642 669 554 716 580 552 509 547 669 542 461 460 466 459 454 455 467 478 460 462 461 460 459
612 664 577 664 643 663 629 739 652 654 735 701 710 677 649 754 756 802 760 704 710 741 740 767 747 864 840 815 848 801 830 870 796 854 818 872 829 833 882 876 888 843 890 878 888 889 878 881 902 895 878 866 874 895 887 878 881 890 881 876 859 864 889 831 843 850 847 886 845 787 709 750 713 758 732 597 705 711 623 632 546 547 677 501 549 503 504 549 497 459 456 466 456 459 466 463 463 458 461 503
593 631 626 616 650 695 653 689 634 710 686 742 732 767 727 679 699 752 740 829 740 712 800 785 787 883 859 825 852 843 842 847 858 856 882 876 890 879 881 842 865 831 893 881 874 886 876 879 892 866 872 889 891 887 878 855 892 882 887 890 801 844 887 885 845 861 846 883 842 848 850 719 835 713 639 555 734 680 670 673 755 627 554 466 585 605 461 457 593 499 509 456 456 465 464 458 464 460 457 460
604 659 613 628 601 610 602 661 667 666 670 717 757 619 699 740 730 756 694 766 781 752 694 754 854 809 804 765 861 863 806 836 799 842 850 819 876 878 796 823 889 891 846 885 884 883 879 891 872 883 861 884 889 886 888 878 887 890 899 886 846 887 876 838 797 844 833 784 731 842 780 805 797 723 667 681 698 594 504 638 545 508 544 605 558 511 579 508 507 471 458 459 508 503 460 513 453 461 459 456
653 677 557 597 645 603 648 632 742 603 617 622 731 768 725 737 693 671 810 728 770 785 789 822 796 842 721 845 798 803 866 808 782 821 804 838 845 777 861 855 883 891 881 880 877 889 887 872 894 892 891 883 890 881 875 888 892 882 887 820 849 871 881 844 882 858 843 844 789 800 657 849 780 760 827 758 632 639 630 639 606 513 536 665 555 554 458 589 542 485 462 467 463 456 463 514 452 506 465 466
585 595 587 659 607 591 564 573 667 662 618 662 631 742 741 733 746 710 790 697 795 714 750 819 872 787 765 866 876 807 854 854 817 856 866 829 862 865 857 887 854 888 885 891 872 864 883 868 878 899 889 883 871 886 886 894 832 890 883 878 901 893 890 874 892 849 884 856 752 804 899 644 763 679 670 714 792 642 544 598 682 548 541 457 545 586 510 502 455 500 461 455 459 463 497 462 465 461 461 457
609 622 631 581 614 584 632 681 663 648 677 773 673 627 672 583 747 731 678 784 791 746 722 838 763 844 821 830 814 857 860 856 848 847 865 859 886 877 876 869 890 880 881 893 879 876 893 878 879 885 886 888 870 872 892 882 892 886 877 841 882 894 881 853 894 872 836 885 753 819 722 749 678 718 633 666 760 678 465 670 640 551 572 530 548 467 554 505 504 459 464 463 506 519 456 462 459 460 462 467
645 581 644 536 634 603 636 627 643 630 639 684 748 708 744 776 732 785 703 742 698 770 765 818 722 749 842 754 737 832 854 843 878 788 797 869 880 874 879 878 875 882 886 883 888 878 890 874 876 900 868 892 891 898 893 887 853 892 892 886 842 885 859 813 882 863 820 766 850 773 807 826 850 631 599 613 710 550 551 585 583 618 582 503 498 545 463 508 502 458 467 455 462 461 465 482 456 452 454 458
670 617 600 550 610 591 654 561 644 659 653 699 652 713 711 736 751 704 706 785 823 665 813 803 712 786 730 791 835 797 876 863 842 877 870 872 819 880 892 891 877 885 885 857 892 887 890 878 881 888 877 890 890 890 879 884 858 869 870 843 810 842 896 883 886 856 833 870 848 790 799 732 689 732 723 648 679 593 515 697 585 609 544 504 563 525 467 502 557 508 510 470 465 551 459 459 463 460 459 457
586 605 676 589 601 675 686 639 663 649 733 646 692 719 722 779 754 820 795 736 706 833 781 785 794 744 765 807 861 780 887 804 864 892 811 859 855 879 887 878 867 871 885 849 880 874 883 891 884 891 873 885 892 864 848 888 882 885 883 861 880 883 891 871 786 739 843 838 882 835 763 753 790 636 736 686 625 600 579 500 645 549 544 572 502 603 461 497 502 456 542 458 507 456 460 458 455 457 463 455
643 565 574 599 610 606 667 569 648 788 625 637 682 666 760 735 684 652 733 760 810 749 761 728 792 835 799 780 818 844 858 838 851 750 872 875 865 844 891 878 868 846 845 896 890 892 881 883 887 889 887 891 874 888 880 877 888 878 872 879 880 852 852 790 780 802 888 849 811 818 796 754 765 635 632 669 617 555 592 572 586 589 549 550 494 474 535 553 467 632 459 462 501 458 457 450 457 467 466 465
