309 390 409 494 485 415 518 595 431 562 616 455 606 547 574 621 575 656 875 688 659 669 715 626 688 744 894 881 600 851 818 765 916 896 894 907 901 927 920 931 922 923 909 919 904 940 934 926 932 917 923 930 935 914 908 928 937 921 919 917 930 911 935 780 922 807 849 832 871 928 639 563 638 707 758 134 656 454 471 195 481 571 211 387 218 200 120 466 237 111 22 209 127 27 17 14 21 13 21 26
436 426 393 458 327 532 593 395 440 581 502 592 623 638 558 550 663 693 701 768 851 805 825 880 844 849 901 860 830 864 882 884 825 896 905 809 922 839 924 906 918 933 862 925 892 926 920 908 926 929 934 912 919 937 931 924 931 923 926 929 910 893 854 935 905 929 832 740 933 837 835 677 675 756 740 448 370 437 402 463 293 382 374 440 225 193 204 143 392 135 121 31 26 20 27 22 26 36 37 23
349 449 379 447 501 321 503 364 491 410 439 641 580 579 648 624 601 670 535 714 765 660 725 784 775 799 826 910 849 820 868 765 918 789 872 942 906 926 886 921 909 926 927 926 911 930 929 938 937 928 921 925 914 929 885 925 926 942 935 883 910 741 923 738 934 930 917 747 769 738 938 822 762 630 461 480 306 485 373 191 482 300 294 124 199 559 112 26 370 22 111 118 50 26 38 112 20 52 26 27
391 520 385 501 411 501 433 431 528 532 629 493 537 745 685 580 687 516 616 804 767 776 672 760 831 797 813 744 902 908 910 863 893 830 911 882 875 917 883 901 914 929 930 931 914 922 922 909 910 911 926 916 923 937 923 912 917 940 912 939 929 848 840 884 933 738 929 929 841 636 661 609 551 562 931 571 315 648 825 301 309 563 480 299 29 287 112 116 201 121 210 185 26 21 136 33 38 17 17 23
367 410 324 547 436 377 450 507 530 792 645 489 593 716 787 561 833 749 705 658 618 764 748 749 778 712 695 791 916 832 865 879 933 863 940 929 899 862 920 933 848 905 915 909 911 925 933 879 932 918 930 897 926 905 870 942 935 921 918 833 920 920 925 825 939 844 924 896 759 824 921 640 461 662 576 543 543 458 480 565 288 296 226 272 308 112 210 18 108 293 32 111 35 108 27 23 16 18 21 20
332 429 333 393 408 648 442 339 656 421 415 599 460 693 534 632 762 572 648 648 641 847 858 649 762 823 853 711 735 784 870 835 901 742 877 917 843 902 921 919 932 925 811 935 891 895 915 938 916 932 924 928 909 913 933 909 926 902 924 935 854 931 923 931 910 906 933 886 758 838 612 579 656 657 401 475 461 466 377 462 288 137 305 651 100 111 124 36 199 32 292 107 30 14 32 32 37 30 123 22
367 376 384 447 291 477 586 570 594 417 397 636 570 669 546 575 800 800 649 598 715 836 685 784 784 746 731 676 764 862 827 861 916 888 827 902 916 896 904 926 915 865 921 876 923 924 917 935 926 918 924 905 865 891 930 929 932 898 917 880 940 924 940 911 790 708 861 766 823 618 560 828 755 639 584 474 747 392 714 818 392 285 125 23 194 289 123 127 218 214 223 112 35 37 122 15 20 26 28 20
353 371 409 438 394 382 318 454 398 548 469 636 477 574 555 628 522 735 746 741 722 734 756 786 771 755 762 860 821 862 898 779 846 881 928 904 858 921 870 932 888 931 922 916 925 935 922 927 935 938 917 923 943 916 939 930 920 920 939 913 925 932 929 846 847 935 877 924 910 560 819 791 672 707 479 296 301 832 405 477 393 558 202 401 419 301 112 128 206 23 15 115 214 25 105 20 21 19 20 25
398 294 432 332 385 490 470 548 520 526 524 530 535 739 641 827 639 714 702 643 634 860 766 812 846 896 716 743 839 923 857 899 920 788 794 921 846 851 921 924 918 913 926 911 915 919 930 917 928 935 905 920 914 934 940 896 926 869 940 934 921 929 924 756 929 922 919 804 642 668 765 789 565 575 292 561 473 378 287 294 389 203 387 577 193 199 253 192 121 128 45 142 28 28 17 25 119 112 27 26
297 320 516 395 308 440 575 460 467 452 554 599 300 592 622 756 582 621 750 689 677 874 762 766 780 773 820 772 893 848 845 760 856 888 930 909 875 880 920 909 895 924 936 927 918 931 912 928 911 929 918 932 927 917 929 938 930 911 930 930 927 880 928 807 763 928 927 734 845 840 831 634 667 650 641 658 564 632 544 115 484 484 297 391 215 382 23 389 200 226 131 16 45 29 21 121 34 23 26 26
508 334 499 362 455 412 497 514 497 529 412 575 544 663 678 637 688 774 537 844 579 860 873 701 659 732 758 772 889 887 839 840 844 864 914 876 887 932 939 921 935 940 879 910 918 900 892 925 903 927 894 906 932 894 936 917 916 935 904 927 909 843 920 901 892 931 842 857 835 814 671 376 640 599 666 396 643 652 631 306 213 296 255 305 373 289 126 209 198 297 206 40 34 24 27 28 22 25 25 27
234 370 471 553 452 456 412 368 437 473 467 593 785 578 679 627 815 650 713 591 769 757 731 817 835 841 766 746 903 893 791 842 843 837 932 931 893 913 887 935 923 928 925 906 876 934 919 915 936 928 925 907 926 916 887 920 918 913 931 914 924 780 848 894 934 912 852 889 926 852 751 512 784 552 739 625 381 480 132 386 405 220 145 374 293 282 21 33 131 34 20 61 108 19 197 31 27 26 20 15
327 497 438 394 484 446 466 438 378 485 481 501 724 758 678 648 696 505 755 678 662 678 714 744 795 807 920 769 770 792 905 786 865 908 779 880 928 904 919 887 931 916 933 935 925 931 907 892 884 926 926 936 930 910 898 922 910 925 923 930 932 835 914 857 930 839 836 750 667 819 719 913 401 624 938 547 540 448 608 608 290 564 218 108 217 375 39 112 209 307 107 23 30 34 25 119 125 47 21 19
270 434 438 402 400 534 591 450 405 544 705 566 775 641 709 630 696 577 612 713 669 876 699 834 772 848 714 911 916 832 771 878 772 815 862 908 929 925 898 914 932 874 916 938 926 918 922 925 932 932 939 929 919 933 933 903 928 913 935 932 910 809 898 912 852 905 831 666 784 838 659 911 716 665 690 495 713 567 502 578 472 280 259 119 297 114 300 28 214 200 120 33 20 88 114 16 108 116 27 31
257 496 228 391 357 399 349 583 378 594 460 514 569 656 712 614 580 746 664 588 868 875 745 720 880 851 894 768 746 875 826 783 895 909 867 902 832 908 897 912 902 928 932 918 915 935 922 930 938 922 917 915 937 933 906 912 924 916 932 928 917 827 899 764 841 900 814 937 761 826 581 848 745 721 635 508 480 366 760 191 403 203 393 213 124 209 204 289 216 117 128 118 19 39 25 28 23 26 15 21
283 303 236 275 418 482 412 384 382 667 679 484 642 354 477 636 700 750 794 754 787 915 808 544 779 820 779 884 897 766 746 935 837 780 914 844 918 910 933 933 888 930 916 927 909 924 925 897 908 924 929 923 918 918 913 931 878 935 930 909 902 924 930 932 805 921 933 923 855 723 690 430 743 655 748 572 566 675 571 393 572 317 294 119 310 304 44 142 312 21 203 29 31 30 119 30 18 34 33 26
242 394 565 513 391 286 568 255 563 572 621 600 425 400 732 621 526 664 618 766 720 687 804 798 785 828 830 837 791 923 854 893 810 898 906 924 797 823 921 908 871 917 924 906 921 923 927 926 925 927 926 918 932 921 925 930 915 939 919 923 935 932 940 904 838 759 901 835 815 872 825 548 665 567 605 450 476 371 290 282 390 210 389 212 223 115 206 212 138 31 136 31 24 30 26 26 27 21 22 23
350 447 337 252 505 411 488 496 418 505 464 544 672 534 738 755 768 657 622 677 706 737 655 628 692 733 780 853 778 807 726 822 848 830 820 936 910 936 905 922 880 935 937 927 940 935 928 914 914 886 936 924 936 908 932 922 916 918 900 922 939 925 925 874 894 835 914 807 667 931 858 683 861 608 717 572 561 385 301 324 556 394 390 402 483 298 215 202 112 119 108 28 114 15 19 29 30 35 38 22
366 311 290 373 528 532 385 526 391 296 468 499 487 423 816 762 718 808 696 697 819 712 726 850 689 824 772 892 757 895 914 890 885 866 913 904 908 904 879 852 919 880 932 920 918 903 933 915 908 915 910 894 929 907 910 918 926 934 941 924 854 932 905 867 845 859 820 629 912 822 898 823 750 654 790 466 523 389 409 376 297 214 399 461 473 391 214 205 115 37 26 16 201 203 21 31 23 42 36 24
444 372 315 352 579 556 472 536 574 452 499 359 355 515 549 643 644 649 771 636 765 816 673 867 804 868 885 883 859 833 867 897 807 818 766 927 928 818 822 913 903 911 904 931 917 917 935 921 936 894 928 926 926 923 934 927 921 920 895 923 929 913 889 912 916 932 807 840 749 910 656 702 563 464 647 443 639 560 379 569 388 370 281 474 215 305 195 313 211 197 25 113 25 111 34 68 112 30 27 16
465 419 520 332 500 326 532 345 551 664 619 631 513 493 620 570 734 600 742 843 742 754 827 825 808 765 715 877 785 796 782 923 817 819 861 858 937 866 911 910 905 913 913 840 937 929 920 898 930 888 943 927 904 927 917 874 916 839 907 893 898 930 944 823 835 911 887 836 824 622 841 554 681 472 766 630 593 277 472 452 306 389 126 47 204 136 34 215 106 120 37 211 31 25 109 140 24 30 35 22
176 389 440 312 392 377 318 634 426 478 449 440 368 364 626 595 591 752 791 647 622 805 716 902 779 862 829 825 815 880 905 673 925 861 764 878 906 876 871 914 927 921 927 930 901 933 858 877 929 923 937 919 918 924 922 901 928 914 940 914 926 926 840 892 794 941 852 836 909 927 616 613 560 668 572 575 470 657 656 632 359 119 390 392 302 475 20 305 217 113 115 25 113 16 25 38 30 39 39 16
302 342 420 359 365 407 580 574 463 325 637 382 435 409 663 599 561 656 635 501 827 775 731 606 746 794 806 799 853 837 932 771 881 897 928 898 906 939 825 931 927 921 881 925 923 872 930 921 916 931 940 933 922 930 937 929 934 916 847 916 920 849 933 850 928 940 729 943 925 832 775 836 727 560 473 372 468 281 573 305 371 211 413 301 29 292 32 112 30 31 26 38 108 23 21 14 28 30 30 36
307 386 221 331 292 484 676 313 371 583 401 451 502 759 585 726 358 721 726 563 797 592 720 818 861 812 781 842 865 786 578 916 811 864 895 930 913 920 933 908 796 931 844 930 838 917 928 936 934 926 920 912 928 919 925 890 911 935 827 919 918 908 940 836 917 865 840 746 642 829 662 634 483 689 394 213 288 615 721 296 303 383 216 296 285 305 290 32 94 200 22 22 37 21 24 18 105 24 27 28
363 406 395 314 407 425 454 444 596 431 547 545 530 564 534 607 562 605 725 835 685 825 559 831 774 869 871 771 806 867 829 865 907 932 907 906 888 924 912 922 868 845 926 925 926 926 938 915 925 927 933 920 899 936 913 931 919 920 924 933 925 935 884 941 913 886 919 933 936 751 814 635 692 470 479 388 655 814 286 288 378 207 294 254 214 292 29 27 195 42 303 128 106 21 24 41 30 20 24 29
377 283 366 422 433 488 442 414 493 459 540 590 633 469 663 679 556 700 798 823 777 764 796 746 625 799 678 814 889 846 884 911 842 907 931 918 925 921 872 931 929 918 931 879 908 897 909 890 930 914 926 897 916 911 932 820 922 912 888 904 918 929 925 942 830 921 846 839 895 572 789 532 573 477 469 478 386 570 649 383 365 480 214 308 205 206 220 119 207 207 120 123 33 114 118 21 111 17 37 26
300 543 365 420 353 288 497 445 505 541 513 501 610 334 543 683 474 618 623 751 581 775 672 796 703 879 719 740 801 802 840 893 668 830 901 843 928 802 932 816 854 910 820 913 916 921 924 889 918 929 927 937 931 928 920 917 937 922 922 835 854 929 928 903 803 930 780 914 832 707 806 553 689 563 547 370 565 392 390 598 467 475 290 208 557 118 191 25 113 23 117 32 23 27 18 13 27 114 72 24
242 443 412 262 465 467 388 440 369 590 388 437 601 491 479 532 616 762 568 687 690 776 614 718 768 864 791 742 818 906 815 844 915 849 807 923 931 838 907 922 834 910 928 912 850 912 928 923 933 937 861 919 922 914 931 932 935 906 925 916 879 807 933 763 840 932 838 857 940 736 546 716 651 604 558 427 389 364 563 400 389 216 210 213 456 152 125 123 99 204 31 32 104 63 29 26 19 36 26 34
420 331 303 634 498 487 449 500 495 380 572 575 596 758 517 428 530 674 802 781 702 680 672 709 766 671 814 710 851 792 842 842 855 846 889 905 919 915 931 912 913 938 927 910 920 921 928 911 923 926 923 913 929 906 904 924 935 931 919 928 937 910 899 904 696 774 847 732 748 861 800 653 845 712 821 330 749 297 465 127 222 156 564 208 34 393 294 112 212 159 27 28 17 212 118 21 118 26 35 15
310 289 355 315 413 321 359 321 489 521 576 532 538 412 645 462 716 504 805 717 810 796 832 690 737 535 802 775 928 917 874 867 915 927 779 898 894 859 915 918 918 928 907 933 925 927 906 910 917 923 896 911 905 904 935 929 910 902 841 940 935 926 744 831 907 910 830 846 756 670 924 731 573 569 465 669 579 471 454 476 203 386 548 234 380 115 229 304 112 24 110 27 25 33 28 102 29 19 36 32
230 415 353 393 362 456 518 603 472 419 573 603 379 520 521 645 643 607 673 630 694 682 606 669 770 636 833 826 829 801 817 805 895 861 922 912 850 844 890 922 862 939 917 913 920 933 865 918 938 925 931 922 928 902 926 940 923 911 904 914 841 941 939 925 812 745 584 857 827 805 760 681 709 455 732 674 482 544 394 503 392 204 224 393 382 208 205 20 195 31 114 35 22 15 28 21 32 23 8 45
318 409 375 294 542 366 516 370 380 426 538 579 653 670 511 602 522 806 761 691 663 760 707 849 779 836 759 794 867 820 837 867 871 913 834 929 911 835 942 799 933 875 900 864 942 912 908 927 880 924 909 933 923 905 920 932 911 827 933 924 899 912 929 912 901 796 721 715 852 799 810 654 549 517 628 483 825 322 282 529 180 201 290 188 31 481 330 127 211 32 19 114 22 37 24 23 99 20 29 16
432 305 350 337 397 366 367 442 486 513 716 678 512 608 469 558 673 760 609 722 618 675 706 527 825 847 694 753 768 784 856 915 888 795 899 824 879 853 905 911 875 922 863 885 925 934 920 915 908 920 916 935 914 923 923 920 922 906 930 928 932 930 898 759 929 928 759 932 741 927 826 895 748 582 479 209 576 468 201 386 294 566 571 297 204 127 293 302 10 112 30 12 32 113 30 26 24 19 22 22
221 376 308 311 688 456 513 423 387 442 325 578 624 501 465 428 659 577 735 763 845 620 709 852 726 868 920 800 868 826 920 821 844 820 767 926 935 848 883 855 879 938 913 915 892 926 936 913 878 917 933 943 929 938 922 917 916 912 916 862 933 843 913 753 931 934 772 741 831 749 833 631 654 607 301 554 370 408 402 301 515 467 394 130 205 201 210 212 377 110 118 14 21 125 16 113 111 34 24 37
382 223 426 487 597 439 381 544 486 541 551 603 594 707 671 586 503 478 674 670 868 722 777 827 738 678 649 765 864 918 826 909 851 827 770 913 912 886 867 860 919 932 903 890 933 928 936 922 913 927 916 925 910 929 903 927 926 941 942 936 914 933 938 917 864 824 937 828 815 667 642 660 576 571 665 486 615 428 546 492 485 301 304 427 293 211 216 113 25 119 291 126 28 22 22 26 39 25 26 19
322 297 302 341 416 344 365 411 494 414 624 580 473 713 587 644 599 660 645 773 750 667 697 798 759 875 908 725 849 847 757 834 915 840 907 794 916 904 913 928 892 915 937 927 858 908 898 914 898 886 929 933 903 928 914 904 941 917 929 930 942 890 933 836 920 905 857 572 928 901 764 847 466 657 602 646 471 472 375 383 374 561 297 142 297 34 200 98 207 209 120 118 112 16 23 44 17 22 28 33
405 380 361 395 368 494 422 364 485 531 464 475 298 696 628 553 628 628 751 772 721 743 779 731 676 755 757 791 911 756 828 846 839 903 934 911 869 914 902 937 925 922 914 910 924 902 911 927 925 921 924 919 919 913 924 899 913 932 880 923 885 914 853 917 922 758 865 826 749 894 592 652 833 483 667 657 344 558 473 496 288 390 217 46 211 23 286 392 111 31 113 47 121 23 20 31 30 19 34 12
222 264 356 325 350 328 487 368 714 492 464 697 615 566 529 648 513 790 787 585 673 791 783 767 879 760 876 854 796 739 811 811 816 893 854 868 920 935 938 909 920 868 922 904 890 939 936 922 932 917 916 924 930 929 931 932 944 866 849 841 902 933 899 920 833 841 741 736 800 756 774 640 916 729 495 826 549 263 741 483 382 297 297 134 200 136 300 115 303 111 22 18 17 19 22 25 28 39 22 23
370 323 294 237 456 525 302 417 414 437 695 675 514 658 672 708 542 765 634 600 585 748 684 713 848 691 800 698 879 793 863 937 923 926 790 784 921 935 805 879 909 784 918 912 925 908 932 904 925 923 873 930 926 924 938 920 924 933 935 924 927 908 750 919 884 760 935 926 839 476 719 559 581 483 389 573 396 310 308 375 212 306 222 245 292 204 108 197 120 31 29 30 139 30 28 27 30 118 22 29
355 501 467 403 414 482 694 427 694 384 468 738 478 459 658 721 722 656 792 585 666 706 755 651 800 794 658 880 782 860 826 762 783 920 765 842 844 892 893 920 916 909 903 931 840 917 928 939 885 928 925 925 930 927 917 935 904 928 909 920 921 841 915 863 853 833 766 694 676 657 838 595 658 665 541 571 574 556 218 144 298 115 224 120 33 291 23 42 117 124 106 27 135 19 17 94 43 30 34 17
292 266 401 338 449 423 545 409 382 355 550 531 521 545 538 654 606 625 678 562 639 733 781 794 798 706 855 818 911 705 770 885 908 802 829 876 891 908 865 920 921 897 921 808 889 925 908 907 924 934 909 930 910 933 916 900 910 934 927 922 933 921 923 923 925 851 680 936 927 577 789 387 752 644 559 566 386 395 136 320 648 276 117 316 194 121 32 124 15 24 14 20 116 18 30 27 40 15 22 17
354 401 419 385 313 478 429 299 610 325 391 484 643 742 624 494 741 621 656 787 729 907 696 553 844 786 853 760 748 857 899 909 895 909 911 856 907 904 918 861 918 902 902 921 915 905 931 905 927 934 925 915 904 901 911 922 919 895 927 843 896 907 943 845 643 803 923 791 869 725 798 582 562 708 286 756 569 371 570 314 565 486 310 123 25 120 391 105 37 25 21 61 211 25 25 22 35 29 26 33
288 437 267 492 328 356 488 511 253 526 389 514 665 467 567 584 646 758 630 566 773 833 751 761 802 667 870 847 690 899 786 733 887 894 911 924 914 918 930 913 796 878 909 936 868 909 938 935 920 932 911 917 881 924 929 938 923 918 931 925 893 908 885 795 838 911 939 806 833 748 932 724 650 710 690 481 393 646 466 294 338 284 126 307 115 193 115 121 221 107 33 110 121 30 117 103 194 29 23 40
272 393 266 393 422 544 336 572 416 397 425 517 588 463 493 657 718 613 597 624 707 642 672 596 722 824 858 915 907 805 855 843 878 896 891 917 893 871 917 824 892 923 913 912 924 917 928 921 919 938 929 922 926 932 926 914 933 934 913 911 916 927 916 832 728 920 860 657 914 761 655 559 840 586 660 563 572 683 389 684 424 566 210 208 127 204 125 36 220 28 24 38 27 17 25 16 28 27 37 16
364 505 391 297 384 411 382 378 443 551 528 579 575 482 550 695 584 591 698 645 848 875 705 703 765 583 843 736 806 911 830 924 916 822 894 877 863 901 900 889 843 938 920 913 932 919 880 934 924 908 836 934 914 922 918 914 909 909 938 929 927 901 926 852 930 922 747 940 830 715 939 543 626 492 381 299 486 478 305 488 304 495 195 283 298 202 123 122 14 113 43 16 46 29 27 24 23 34 22 24
404 420 338 433 441 410 450 497 257 407 654 471 611 517 502 540 420 798 830 734 672 810 814 713 799 838 800 764 791 822 869 890 890 867 901 891 902 810 886 879 914 922 852 930 914 911 910 871 932 921 928 913 896 932 883 928 934 930 904 893 911 937 902 925 833 819 843 892 890 745 877 828 739 539 580 324 473 302 297 196 310 533 206 301 390 216 111 132 206 122 31 32 112 32 46 37 77 25 20 32
392 417 331 427 289 500 433 368 474 480 400 401 742 622 437 602 573 580 669 689 858 518 858 797 822 689 845 787 828 782 873 839 808 872 896 929 925 931 914 917 828 891 907 926 894 924 910 912 910 926 927 933 935 936 927 902 927 927 914 942 938 882 852 793 923 934 937 911 818 655 659 813 449 745 400 649 456 298 370 657 214 300 210 383 130 232 120 38 22 26 128 25 25 20 28 21 32 23 28 33
387 453 426 431 401 538 498 603 418 449 421 441 610 617 654 759 741 666 557 590 555 817 762 780 872 699 757 727 786 815 723 790 919 838 927 853 843 824 831 858 907 923 836 905 907 898 919 935 925 920 927 927 915 921 944 918 894 914 917 925 805 913 813 924 928 933 836 784 726 846 733 567 478 475 652 649 681 388 375 315 475 201 401 119 296 289 35 115 49 105 134 29 33 117 25 86 23 28 30 20
436 418 429 318 393 371 463 421 263 515 468 443 498 530 511 690 566 434 648 704 676 630 592 731 834 808 776 759 839 778 797 830 838 913 864 900 832 851 873 909 906 930 896 915 908 918 926 921 926 912 900 933 911 919 934 931 861 884 928 841 944 887 940 931 813 808 631 900 775 657 811 825 645 821 663 316 576 477 429 302 527 399 114 122 289 114 199 347 204 108 25 110 122 117 202 31 132 32 23 22
344 343 306 324 356 566 333 505 403 497 590 548 413 650 620 589 668 649 692 606 796 729 662 707 789 713 758 919 730 787 738 915 847 913 920 896 821 926 916 924 851 933 931 913 933 908 920 901 925 917 931 922 923 902 929 917 915 911 927 889 936 903 844 931 918 894 748 744 834 831 839 512 620 474 485 415 480 654 466 204 202 263 395 180 193 214 25 301 38 45 118 29 28 29 113 26 24 37 21 23
304 385 317 413 472 308 412 408 695 414 580 383 496 600 696 489 582 622 664 464 715 693 910 746 792 708 732 906 686 762 866 824 916 910 865 870 872 932 914 893 920 922 905 915 902 877 933 925 921 921 896 925 925 933 915 925 875 914 889 898 907 888 932 793 913 830 844 789 843 767 870 567 555 663 558 301 463 481 204 26 115 133 295 302 306 102 116 119 122 62 205 31 117 37 110 30 24 110 21 31
357 336 459 229 482 455 367 531 582 420 344 773 442 773 614 675 607 521 789 753 809 652 799 574 713 702 710 781 778 821 803 828 904 872 892 787 833 907 915 907 889 908 904 931 939 890 937 933 922 930 933 921 876 923 933 917 929 926 917 930 930 913 912 846 834 775 841 881 756 651 724 656 441 573 464 547 557 114 387 307 245 117 305 566 115 198 34 121 200 110 110 29 121 22 18 23 19 17 29 16
269 338 418 276 345 639 407 567 484 414 711 606 504 566 631 654 768 603 681 739 801 728 760 680 744 770 664 900 856 854 741 906 815 900 861 907 866 857 841 933 823 905 924 907 928 908 912 911 890 857 912 920 899 921 929 924 913 888 936 933 914 829 866 931 845 805 663 909 909 756 493 849 652 391 397 411 396 299 319 290 222 291 273 200 125 195 202 184 231 114 24 30 117 26 27 118 34 20 22 30
360 444 352 340 278 384 339 276 365 379 278 570 657 593 452 649 637 534 851 465 677 810 604 710 765 737 672 841 817 854 912 830 827 763 889 849 923 885 821 769 931 904 902 917 928 923 925 935 924 897 905 917 920 898 905 921 928 895 925 927 937 905 892 916 898 917 828 796 843 724 656 606 526 739 525 752 384 459 314 563 476 298 197 310 37 125 294 150 134 208 22 28 27 22 79 24 32 17 30 16
359 219 219 306 325 525 529 259 660 466 349 445 576 470 643 447 734 565 794 755 461 702 695 788 728 844 739 823 887 917 845 824 918 883 882 845 898 916 907 872 854 922 920 839 915 928 922 919 933 934 934 938 933 911 933 918 925 937 918 757 910 927 850 847 910 938 831 825 927 588 489 629 409 670 669 565 446 221 223 384 463 473 343 384 191 115 284 184 54 111 25 227 25 21 25 20 27 20 19 28
130 512 244 320 269 382 627 444 387 525 552 520 564 520 481 505 708 318 618 671 789 816 808 787 767 791 786 698 822 807 870 770 839 897 806 870 874 933 801 934 928 844 892 935 902 843 924 931 931 908 879 932 937 919 920 917 926 806 935 922 919 919 939 921 924 810 616 838 823 831 655 576 384 374 543 393 377 392 219 305 319 210 204 105 116 222 38 128 225 36 195 33 42 79 29 20 40 16 39 21
357 291 388 403 452 382 363 640 551 591 471 639 562 710 334 536 468 656 536 716 712 736 584 781 552 732 891 806 607 815 798 880 746 774 864 918 826 927 934 922 904 925 906 882 929 876 932 925 922 927 911 925 918 909 918 922 919 926 920 919 855 909 843 816 901 824 716 832 720 666 841 737 843 644 358 746 405 478 499 312 301 203 295 208 137 86 121 117 116 28 206 19 121 21 28 26 23 29 29 41
323 374 427 337 368 400 522 198 208 479 476 628 387 465 595 670 537 491 680 597 653 577 681 621 742 786 683 756 821 813 796 826 894 719 712 902 921 775 927 876 903 880 887 843 938 893 915 902 894 919 925 930 920 921 931 900 919 894 933 839 915 919 843 919 837 844 724 889 850 743 729 800 639 622 491 577 663 418 386 203 285 465 397 274 120 31 372 117 126 201 23 12 36 42 35 29 19 20 28 26
435 381 337 316 487 358 450 355 432 584 551 449 482 598 647 494 599 577 559 676 750 618 796 649 832 736 897 840 830 844 681 776 848 850 860 804 931 924 883 884 904 824 921 938 905 874 925 895 933 920 917 910 915 905 911 927 932 827 835 902 941 933 939 844 858 754 742 805 917 927 666 472 698 736 501 656 473 305 564 392 119 212 122 293 209 200 119 387 305 28 17 28 31 20 100 26 123 116 15 15
408 344 208 375 384 478 280 424 334 690 535 652 583 535 596 552 532 719 671 669 887 629 771 788 665 748 642 846 686 840 896 905 854 848 928 834 858 910 827 858 920 805 832 934 920 920 931 872 902 896 925 921 886 926 912 904 938 939 928 934 927 858 832 902 898 845 687 847 838 656 656 742 495 488 482 478 293 195 278 575 234 479 26 200 119 206 216 122 30 23 118 27 20 35 18 24 18 23 28 19
379 286 512 294 441 326 363 461 514 422 457 467 456 609 619 704 420 766 536 706 709 830 693 855 759 630 666 788 837 820 744 846 769 900 900 840 897 812 828 916 889 886 903 922 929 929 922 870 930 935 899 922 921 901 917 899 917 932 827 925 930 904 923 928 797 849 924 847 842 746 920 911 635 498 722 652 392 410 387 577 708 122 394 291 124 121 21 130 18 32 108 115 18 110 40 30 121 28 113 14
312 462 331 408 443 241 327 473 534 555 521 437 624 475 618 728 597 803 647 584 448 614 733 711 685 770 845 858 803 899 915 815 823 849 919 921 833 915 820 856 927 911 935 928 920 911 892 936 920 850 930 880 864 924 916 918 904 904 899 923 931 877 925 909 919 864 913 823 656 830 542 528 739 561 406 373 413 335 399 351 474 365 214 393 134 122 31 116 123 122 122 18 109 24 20 29 125 22 22 24
319 376 304 311 450 387 353 453 633 546 363 484 535 710 458 563 575 656 710 534 708 727 793 841 823 874 898 814 810 697 625 830 904 837 898 926 838 930 943 918 897 937 902 850 930 924 920 916 916 907 928 904 924 906 924 924 914 933 926 930 928 875 928 921 809 812 828 674 638 735 928 824 744 731 525 827 382 285 562 300 260 216 232 190 43 385 138 24 206 35 132 29 18 39 124 108 31 44 26 105
255 250 396 397 395 508 388 313 272 506 564 576 469 574 570 415 606 588 613 467 719 582 658 798 813 749 672 758 785 785 809 838 910 841 902 876 834 933 908 924 901 863 906 896 943 902 873 899 918 909 919 935 912 912 877 937 864 930 918 937 908 919 887 820 837 830 884 739 854 645 515 791 486 798 564 637 618 406 566 597 525 284 405 206 31 208 188 190 27 117 112 112 25 29 38 129 33 27 39 27
293 317 437 355 374 363 488 495 423 456 430 564 490 570 499 521 450 613 477 653 750 739 781 768 735 890 828 762 890 825 827 898 811 918 836 898 885 818 910 919 905 928 883 916 896 930 915 932 930 916 919 905 911 911 920 914 926 892 905 915 937 939 751 928 882 807 753 931 682 569 604 669 545 575 637 473 385 198 307 473 483 393 24 203 196 29 214 116 118 138 215 48 28 128 32 105 30 25 29 28
346 419 350 292 344 480 384 317 300 472 378 453 335 554 508 587 542 516 623 559 624 676 654 736 738 826 682 753 880 901 814 845 745 903 872 932 900 900 921 923 913 918 934 922 917 902 898 927 912 930 908 924 928 911 888 938 899 898 941 917 870 910 914 793 840 747 838 792 665 818 488 658 570 737 577 562 444 381 474 286 478 223 195 21 281 301 134 211 214 15 32 111 202 32 30 16 18 111 24 23
418 461 479 357 386 351 308 458 430 503 505 411 630 712 670 540 619 518 863 692 671 642 813 645 783 663 838 782 898 647 857 838 779 795 832 802 926 916 864 932 860 847 922 917 911 935 868 927 898 914 909 933 929 905 912 903 918 908 904 931 916 849 813 929 924 808 708 845 827 900 666 493 662 580 641 577 192 576 561 396 330 294 232 309 244 130 212 123 208 195 22 48 27 23 18 32 21 32 33 24
343 366 362 370 579 497 335 585 459 551 548 638 535 448 491 718 600 594 504 634 608 740 777 659 790 788 849 829 699 778 765 772 811 687 921 852 811 923 920 921 840 906 934 926 909 862 908 931 917 936 929 923 917 905 930 920 919 918 913 927 916 921 908 834 813 876 851 835 773 929 687 654 751 572 580 569 538 574 468 416 220 125 486 291 197 34 212 31 120 113 136 21 36 101 20 16 124 22 16 36
324 278 420 345 435 308 344 364 430 642 445 381 545 630 483 564 646 597 676 600 683 804 684 812 748 568 501 793 874 747 722 889 892 823 907 875 870 857 921 848 883 925 914 911 926 935 910 880 906 909 919 930 936 939 902 927 919 913 915 918 939 848 929 911 826 925 823 809 848 848 786 832 618 345 659 279 307 198 487 384 17 475 460 129 219 209 33 298 121 206 117 23 28 36 33 31 26 19 15 28
330 341 259 342 337 475 322 502 521 448 484 490 361 464 451 397 474 579 774 622 740 634 751 563 848 788 789 812 854 793 847 897 825 763 864 837 910 917 820 877 844 882 822 925 909 934 907 919 919 900 872 902 924 924 906 930 915 931 929 932 940 934 843 931 910 927 911 727 926 800 705 740 656 560 621 567 622 210 380 474 36 383 214 38 208 135 203 290 22 113 121 122 107 29 24 36 24 28 24 28
435 418 396 417 304 411 495 340 659 430 670 527 506 499 602 549 696 624 590 740 737 640 878 790 740 782 725 629 719 823 899 890 904 913 844 799 819 917 872 883 895 896 923 923 874 925 914 916 930 922 896 909 892 934 915 926 929 929 908 837 918 924 925 825 812 747 922 743 819 750 669 591 566 829 621 583 771 414 309 388 281 255 393 290 298 215 159 26 202 55 28 60 39 112 23 23 22 20 48 27
339 345 250 468 392 422 450 563 472 547 530 616 397 565 635 579 596 717 674 609 647 717 720 753 700 748 864 802 701 814 702 748 800 839 917 782 918 803 836 878 907 939 924 917 907 859 913 931 921 923 921 916 930 935 934 922 929 913 933 880 932 864 896 753 839 933 849 896 775 601 749 827 618 763 550 419 389 391 185 487 205 476 302 367 26 150 23 147 42 132 19 21 28 20 126 31 31 25 71 118
212 170 338 453 525 273 532 263 412 480 437 481 361 521 636 544 619 753 569 676 802 692 770 681 746 723 812 805 666 801 842 827 776 856 917 898 897 774 910 913 904 933 892 925 925 854 936 920 931 916 926 932 897 868 938 913 920 920 918 926 919 783 853 779 873 938 728 760 759 852 651 569 723 653 569 303 334 388 295 464 100 215 142 296 129 215 108 148 113 59 108 106 33 26 27 22 24 40 53 37
392 334 323 395 345 289 292 618 432 346 574 438 391 567 569 607 650 495 504 801 743 662 665 782 697 782 770 785 818 736 718 874 830 849 798 787 812 884 828 910 859 906 914 850 919 895 925 930 927 917 917 921 930 923 918 907 824 928 908 932 924 835 906 806 899 877 759 799 932 626 666 542 562 660 487 485 366 565 384 622 209 204 210 40 116 243 26 227 59 32 102 215 114 32 31 112 22 34 113 30
201 436 347 433 360 355 344 387 332 605 589 516 609 514 644 473 706 702 862 757 690 744 799 696 794 855 659 816 663 776 909 876 904 898 897 927 815 923 914 846 933 912 842 933 929 939 933 924 915 928 935 909 926 915 920 923 928 860 925 920 917 844 930 834 687 932 838 928 584 770 617 813 211 489 486 437 288 564 208 523 384 402 86 383 121 297 127 366 116 30 36 18 25 18 28 25 31 9 26 28
343 421 392 302 358 294 451 457 319 488 469 432 526 620 537 333 340 769 606 678 692 702 815 755 467 658 838 763 797 734 753 864 819 915 839 914 898 925 900 916 887 915 790 925 930 917 941 918 929 922 928 874 912 931 924 899 922 916 915 927 935 910 861 719 841 839 832 756 756 808 913 469 739 652 552 527 388 462 117 560 334 211 298 219 222 203 110 114 220 17 33 18 21 27 23 15 29 33 38 37
317 283 385 365 485 461 382 537 315 308 485 669 716 722 483 418 686 751 731 519 518 677 762 694 824 696 751 910 770 865 867 863 800 701 866 887 918 821 823 915 899 859 934 905 851 861 923 930 875 923 913 922 921 927 919 920 929 888 913 930 936 848 913 923 930 892 832 755 843 662 536 765 309 739 568 470 477 562 377 456 379 115 301 304 311 231 91 113 141 111 11 111 126 31 25 14 22 18 15 25
280 366 278 485 351 417 405 472 610 516 424 469 712 357 596 658 592 556 844 600 679 478 575 826 639 775 858 890 840 874 852 851 899 918 924 899 900 833 930 845 931 935 931 903 866 901 899 923 905 923 912 922 878 937 911 932 918 892 881 920 839 886 908 877 814 648 914 807 841 809 826 648 649 556 555 652 569 391 397 556 481 283 301 292 120 32 134 213 19 21 69 32 110 37 127 19 30 37 17 16
373 314 279 314 391 386 407 283 448 477 560 389 540 416 509 719 566 675 686 669 839 865 702 789 634 827 779 798 748 801 827 867 839 786 907 913 781 854 903 913 921 890 910 932 938 919 933 919 917 913 920 919 921 903 927 913 928 927 891 879 927 909 922 889 923 709 852 824 825 820 575 655 366 754 666 526 661 206 568 475 364 116 277 39 307 39 109 40 109 18 28 117 16 31 50 115 34 27 25 19
331 426 365 394 354 313 459 339 417 571 579 337 509 610 710 697 654 723 525 681 679 666 750 647 759 833 748 900 875 832 780 866 852 824 702 894 821 889 931 928 918 892 890 925 920 918 917 926 876 896 905 916 924 929 941 931 932 917 903 902 937 909 875 898 795 813 734 736 659 626 799 743 487 463 646 742 205 310 366 479 418 116 225 122 297 124 399 111 111 22 213 16 21 19 30 31 21 22 35 25
303 301 258 240 513 415 514 412 416 464 444 401 312 721 428 644 545 582 612 818 549 677 657 761 734 870 659 768 718 912 745 825 828 822 933 892 876 904 912 857 906 847 901 791 870 891 905 897 920 927 915 902 923 915 925 938 915 913 832 767 918 906 916 788 877 606 667 843 739 581 745 743 753 327 390 464 657 237 353 292 312 479 470 212 188 114 124 114 23 125 164 106 21 31 114 14 34 24 30 36
279 257 329 473 451 356 362 314 555 462 512 530 468 592 521 620 612 543 507 704 474 700 826 536 591 697 835 803 819 739 827 812 840 801 921 817 892 876 835 927 907 912 923 927 931 893 887 896 941 918 920 898 933 885 918 924 918 918 918 928 843 915 885 937 881 826 935 790 711 933 664 840 386 568 590 559 837 291 406 452 287 362 272 123 207 25 385 27 204 217 112 25 45 23 18 29 27 40 20 19
241 365 415 299 271 268 569 526 386 589 482 568 428 612 448 519 597 526 563 602 469 716 687 822 746 551 776 895 837 761 835 769 756 824 912 925 889 885 875 842 910 929 923 920 920 916 920 926 917 936 897 923 933 909 931 908 909 934 922 869 830 816 903 724 848 849 937 814 646 829 916 840 659 299 309 289 570 269 560 379 375 324 43 241 212 195 115 213 30 115 114 34 29 23 39 14 23 21 21 33
402 322 402 317 332 486 378 253 322 422 554 494 470 570 537 610 606 721 641 695 655 566 685 761 704 737 730 731 873 903 819 916 854 808 821 922 889 908 900 830 842 921 914 928 927 917 899 918 908 926 914 910 867 905 930 914 925 924 928 910 928 901 922 930 866 709 812 685 836 740 458 662 292 551 303 550 217 401 33 296 290 296 382 232 128 203 119 195 213 108 31 25 25 22 17 21 17 15 20 35
358 305 455 391 473 315 413 384 440 185 410 415 700 546 464 485 625 522 738 734 725 717 614 819 724 581 660 705 771 909 754 774 803 837 809 878 815 914 876 884 914 821 926 918 897 926 904 934 865 928 912 928 906 935 929 877 926 919 916 835 843 819 881 790 867 760 776 848 815 734 716 758 656 306 516 473 402 663 366 396 274 117 135 94 210 112 460 38 200 30 113 31 34 110 33 25 19 23 30 20
406 289 354 461 359 383 342 335 537 484 636 441 523 452 588 280 642 676 666 568 763 817 749 798 636 651 801 757 690 748 448 901 854 879 802 895 830 837 918 924 894 923 906 864 927 915 921 926 929 926 928 926 927 912 919 914 910 921 927 886 938 884 857 836 918 919 928 847 903 811 807 763 396 545 618 536 722 552 471 215 547 299 231 298 128 30 118 84 189 118 30 28 27 27 19 30 36 19 38 33
208 379 329 510 285 535 531 472 390 514 633 398 668 693 776 600 507 679 653 615 635 904 741 701 696 632 582 778 847 781 818 758 911 911 894 902 808 843 917 903 779 703 834 926 887 857 884 925 916 905 931 891 916 921 917 876 904 883 935 897 938 925 913 931 829 804 766 658 926 837 418 668 606 580 736 567 639 619 380 482 194 489 479 140 304 127 223 150 208 127 114 30 19 28 45 21 25 20 24 27
327 298 358 410 335 436 355 338 452 522 381 350 661 454 606 760 448 513 792 632 678 777 629 688 858 815 795 761 733 907 899 852 749 764 871 831 902 863 909 910 914 922 905 913 933 933 921 910 910 918 935 895 910 913 910 923 899 905 881 922 871 885 930 914 938 849 759 851 709 642 658 570 636 479 674 500 559 460 379 666 214 355 111 331 128 105 203 210 38 19 127 207 24 26 19 31 20 28 16 40
305 334 246 387 434 473 305 331 482 337 556 653 556 633 552 417 595 557 509 694 768 713 689 687 633 757 696 671 844 836 846 791 817 860 802 875 868 892 903 890 812 905 912 887 901 922 919 928 904 929 931 926 896 894 907 927 925 927 905 813 837 930 916 932 763 847 897 718 917 822 808 593 450 722 451 539 528 333 294 752 214 368 304 283 314 21 80 36 149 35 13 56 212 35 29 23 20 23 25 23
447 268 427 314 329 285 437 456 418 533 302 406 440 557 738 380 790 455 687 645 663 625 853 762 631 694 651 649 780 824 823 846 804 921 920 898 843 869 866 886 871 888 929 852 910 920 887 923 823 910 936 900 926 924 899 939 910 926 917 890 903 922 938 738 832 561 694 840 637 745 421 707 573 660 455 312 577 408 462 226 563 280 204 125 216 474 196 23 25 39 26 20 16 40 63 29 34 27 21 24
332 445 277 452 408 458 381 601 425 426 602 530 550 476 417 630 641 754 646 549 545 612 616 665 634 869 820 768 848 742 810 885 733 848 782 881 804 807 907 906 935 834 918 895 909 929 916 903 943 932 896 870 889 931 914 908 910 924 914 894 860 875 921 794 825 836 840 912 832 702 557 633 557 656 588 309 545 547 378 391 206 213 484 117 207 116 111 218 113 27 23 31 24 22 36 33 22 19 29 110
306 379 380 351 411 519 426 505 392 554 504 622 595 666 583 475 521 641 611 796 605 554 741 707 712 906 858 773 839 824 826 833 865 850 905 898 917 899 907 822 881 800 931 911 882 916 900 911 916 875 894 924 931 913 906 858 926 908 921 933 743 830 929 912 838 859 841 912 822 830 837 563 814 569 397 221 601 494 459 479 642 376 222 34 294 328 27 22 312 107 123 16 21 36 30 20 34 32 21 24
334 455 342 366 315 333 321 446 460 461 464 559 639 353 517 624 589 651 522 658 692 642 508 640 848 747 749 666 865 858 750 815 725 822 847 772 891 912 735 793 927 921 835 917 902 908 905 918 899 924 865 912 923 922 905 897 919 921 935 926 840 923 892 810 730 835 803 709 583 826 693 746 740 575 464 486 525 301 121 401 210 126 217 327 217 127 277 125 129 56 24 25 124 123 31 139 21 28 33 16
435 492 229 313 418 324 419 379 614 319 354 369 591 659 584 612 509 462 750 589 669 711 713 788 713 816 567 821 731 741 872 756 701 780 743 818 823 686 858 845 910 920 893 911 903 930 911 889 937 930 926 911 930 905 899 917 934 911 921 790 839 881 917 837 894 877 833 839 715 721 453 853 705 647 795 653 382 406 383 397 327 139 183 472 217 212 20 294 209 86 29 39 34 24 22 131 14 118 31 46
286 302 301 434 335 302 243 257 462 441 356 444 382 611 607 601 621 554 712 517 728 554 622 775 888 710 660 870 900 740 855 853 773 847 890 807 871 879 857 927 854 924 921 917 886 872 913 868 891 937 926 923 890 912 919 932 825 919 922 903 940 932 926 883 937 837 918 847 639 740 935 415 663 482 474 575 720 405 200 307 486 210 202 20 199 291 132 112 20 113 43 19 26 26 112 31 35 34 31 15
339 353 388 277 339 288 379 494 450 418 478 681 465 363 473 293 623 600 480 714 715 639 568 823 658 819 770 804 753 857 861 849 834 840 870 846 920 907 890 880 923 911 898 932 905 899 932 897 901 914 922 924 890 891 928 912 933 910 906 826 917 932 922 837 931 879 809 925 640 787 570 629 479 566 387 454 652 484 33 473 395 216 260 175 209 40 224 117 122 23 35 22 122 149 20 30 24 29 28 38
416 274 412 183 379 322 399 374 404 391 405 502 635 542 623 685 585 692 527 607 523 667 669 783 578 632 832 641 605 810 845 808 891 708 732 874 914 895 896 907 900 908 920 904 917 901 931 893 908 937 879 938 924 938 931 925 838 930 934 920 821 913 861 750 917 873 782 671 851 675 758 790 839 381 312 344 569 215 216 287 298 368 277 123 101 201 35 131 120 29 43 23 26 23 35 78 18 23 15 23
460 348 310 227 339 307 429 237 415 443 428 522 427 560 550 591 629 532 545 708 779 448 756 743 562 703 591 722 813 732 888 873 840 907 876 891 786 913 928 927 903 922 909 861 927 924 914 904 907 924 890 929 928 923 903 913 873 887 891 845 754 824 929 923 915 852 819 870 843 714 735 584 511 601 576 411 487 299 138 526 290 342 209 123 238 169 31 113 232 128 124 43 30 213 23 28 29 29 23 20
279 329 489 291 310 472 497 397 448 431 597 417 511 560 572 695 644 768 733 599 537 803 696 708 727 608 665 745 856 682 910 744 862 925 756 869 844 904 922 909 866 887 921 847 906 894 915 923 914 926 894 929 933 871 840 923 911 917 902 860 908 901 933 884 722 608 837 833 908 815 658 640 723 396 600 502 381 307 278 110 423 219 207 266 113 324 25 112 103 19 207 23 127 16 23 20 20 26 28 13
414 262 263 317 328 323 463 253 417 708 370 390 489 458 653 604 496 430 596 651 756 623 654 583 723 808 738 695 782 826 862 805 846 637 881 891 874 831 928 901 886 823 822 933 910 932 903 918 915 909 915 921 894 929 911 889 928 907 903 904 900 830 842 716 695 746 921 840 766 771 736 640 669 399 388 470 351 224 308 271 287 300 211 218 103 60 187 214 32 393 22 29 113 21 26 18 25 35 36 32
