327 409 433 522 511 439 544 626 454 593 650 478 641 574 601 653 606 689 920 722 692 703 754 660 721 780 937 927 629 897 861 806 963 943 939 955 950 978 975 978 969 968 961 969 948 990 982 971 977 966 970 979 984 962 955 973 990 970 963 963 976 956 984 823 973 847 894 874 915 981 672 592 670 744 800 145 690 483 495 210 512 601 229 412 231 213 133 492 255 123 29 222 138 31 24 22 29 20 28 31
461 449 417 483 348 561 625 418 461 610 529 621 656 673 586 580 698 729 739 807 895 848 866 928 890 893 950 908 869 911 928 930 863 939 956 853 970 890 974 950 967 978 908 977 937 976 968 960 975 978 985 957 966 988 984 970 983 970 972 976 955 940 899 985 952 981 878 782 983 881 874 713 712 798 780 473 395 461 426 494 311 404 396 465 239 206 217 156 415 144 129 38 32 27 36 28 34 40 41 28
371 475 400 473 529 337 531 387 520 431 462 674 607 611 679 658 635 707 563 753 807 692 762 830 811 841 865 956 890 857 911 804 966 826 917 992 952 971 933 968 953 974 974 973 958 982 976 989 984 978 971 969 959 982 933 971 974 989 983 931 962 779 969 776 981 975 966 787 811 775 992 866 805 669 488 505 330 513 392 205 511 319 311 135 215 593 121 32 393 29 120 133 58 31 45 120 26 64 32 33
415 549 408 527 433 530 457 456 557 561 660 519 567 780 720 608 725 540 649 846 809 813 702 795 874 838 854 780 949 956 959 910 937 877 960 926 918 963 931 946 963 978 977 981 963 971 969 953 957 956 974 962 968 990 973 959 966 994 959 988 978 892 887 931 981 778 980 980 885 668 696 646 582 593 987 602 336 686 867 321 325 594 504 316 35 305 123 124 217 131 226 198 33 25 149 40 45 23 22 25
387 436 345 577 461 399 475 535 559 835 681 515 625 753 829 592 874 788 740 693 649 801 785 785 819 755 732 831 965 876 907 923 983 910 984 974 948 907 964 980 891 948 966 962 960 972 978 922 982 968 981 944 976 953 915 992 985 965 969 872 970 966 975 870 989 888 973 942 799 871 971 674 490 697 605 575 574 486 509 595 305 314 242 291 329 121 224 24 117 315 40 122 41 119 35 29 21 26 27 27
351 452 352 419 434 686 466 357 694 443 437 632 487 725 563 666 803 604 680 681 675 893 905 683 805 866 897 748 775 823 912 881 947 788 920 964 887 946 974 962 976 971 854 985 937 941 963 986 969 983 968 976 954 961 981 956 974 948 976 988 897 979 974 982 961 953 978 935 796 887 649 609 693 695 426 501 486 496 399 488 303 147 325 684 107 122 137 42 211 37 310 116 37 20 38 38 42 37 133 26
389 399 405 471 308 504 617 599 623 440 418 671 604 703 575 606 844 844 685 632 751 882 723 824 826 784 765 709 805 907 871 902 963 937 871 946 965 942 952 973 965 908 972 923 967 975 967 981 975 969 975 949 907 940 980 976 982 943 965 926 989 969 985 960 830 747 905 806 871 654 590 874 793 675 619 503 787 417 753 864 415 303 137 29 210 307 136 136 231 231 239 123 42 43 132 19 24 34 32 24
373 394 433 463 413 403 336 480 420 575 496 670 504 604 586 661 548 773 786 776 759 770 795 827 813 798 800 901 864 907 943 820 886 926 974 951 904 970 912 987 933 981 965 965 974 984 969 975 986 987 963 974 994 962 984 983 965 971 983 958 974 979 979 891 892 987 924 972 959 590 859 830 710 744 505 315 319 884 431 505 416 591 216 425 447 325 121 140 223 26 21 125 228 32 114 26 24 24 24 30
423 314 453 350 405 515 499 579 547 558 550 557 562 778 673 871 671 756 737 674 666 904 807 857 889 945 751 784 883 968 904 947 968 824 835 971 892 897 968 976 966 960 975 960 964 966 979 967 976 983 954 968 959 983 988 944 975 915 987 984 969 979 977 792 979 969 967 845 674 704 802 832 596 607 311 593 501 403 306 314 413 218 411 607 208 212 272 207 132 141 52 152 34 35 23 30 127 122 32 31
315 340 547 418 325 466 606 483 493 479 581 633 316 623 656 796 613 653 789 726 713 919 805 804 823 812 864 811 939 894 889 794 900 935 980 954 920 922 966 960 939 973 982 975 961 982 961 978 958 979 967 982 972 966 983 988 977 962 980 976 976 928 976 849 800 975 981 773 892 884 877 667 706 686 677 696 596 666 576 125 513 511 314 413 231 405 28 411 217 244 143 24 52 36 27 132 39 27 31 32
536 351 530 381 481 434 527 541 523 556 433 605 573 695 713 672 722 811 562 887 609 905 920 740 692 770 795 813 934 936 880 881 883 913 966 920 931 976 988 970 984 991 929 958 964 943 936 979 949 978 940 957 982 935 986 965 968 982 950 973 957 884 973 947 938 979 885 905 879 851 710 401 676 632 704 424 676 687 667 328 227 318 273 326 399 305 137 224 212 317 222 45 38 30 33 35 27 33 30 33
247 394 500 582 480 481 438 390 459 498 491 624 828 607 713 660 856 682 751 625 813 798 767 858 875 883 806 784 948 944 833 885 889 880 984 986 942 959 934 986 972 976 976 953 917 983 968 959 985 979 974 950 975 961 930 972 968 963 981 963 972 826 889 936 986 960 896 937 977 895 791 537 827 583 783 662 406 504 141 409 428 236 159 398 314 300 27 40 145 40 28 68 118 25 213 38 32 31 25 20
350 523 461 418 509 470 491 465 401 512 507 528 763 797 714 685 732 534 791 715 699 711 751 782 839 849 967 811 809 829 951 825 908 949 819 929 979 952 964 935 980 963 979 985 978 980 953 939 926 978 978 983 978 956 946 970 957 975 973 981 982 881 962 902 978 883 878 787 700 862 758 959 425 657 992 575 570 473 645 642 307 595 233 119 235 398 47 120 222 328 116 30 37 40 32 129 133 54 26 25
286 460 463 424 421 562 626 473 426 575 740 595 816 672 743 663 729 605 642 749 703 924 733 882 809 894 753 957 963 877 809 924 815 859 904 955 979 972 944 964 982 918 961 985 977 967 972 975 980 982 989 982 969 980 981 954 977 963 985 981 960 855 947 958 896 951 876 702 825 881 694 960 753 699 728 521 748 597 529 613 502 296 276 130 316 120 320 35 229 214 129 39 26 99 125 21 118 126 31 37
271 523 241 411 378 421 367 613 401 628 484 543 602 689 749 646 609 786 698 619 914 920 782 755 931 898 939 805 788 921 865 826 943 961 907 952 877 956 944 960 946 975 981 966 959 986 970 982 987 972 965 961 982 978 955 959 972 962 980 977 972 869 946 803 887 944 853 985 802 872 615 892 784 759 668 540 509 388 802 207 431 218 418 229 135 225 218 309 230 130 140 129 23 45 31 37 30 30 19 27
299 321 250 291 440 505 435 407 402 701 713 511 674 371 503 669 737 792 837 789 829 965 852 575 820 864 820 931 940 804 780 986 879 821 960 887 969 955 981 982 936 980 965 974 957 969 973 943 956 971 978 975 966 966 961 981 923 983 980 955 951 973 980 981 851 973 982 972 901 759 728 453 783 692 786 605 601 712 606 416 603 336 313 130 330 325 51 154 335 28 218 33 37 36 132 33 23 40 39 30
256 417 595 542 412 301 600 270 594 602 655 629 446 421 770 651 555 694 649 807 763 721 848 835 825 872 875 881 832 974 896 941 855 947 953 975 837 865 967 954 910 965 969 953 969 970 977 971 973 974 971 969 979 970 974 975 959 989 965 968 983 982 990 954 884 798 948 878 859 917 871 573 702 599 640 474 504 394 309 300 410 224 415 230 242 126 222 225 149 34 148 39 30 36 31 34 36 27 27 30
374 473 356 266 532 433 514 524 440 535 486 573 708 564 778 797 809 692 655 710 742 776 688 664 732 769 821 895 818 845 764 864 893 876 864 984 956 983 953 969 927 981 987 975 989 984 978 961 962 934 984 973 985 951 979 968 964 967 947 969 991 973 971 921 940 878 969 847 703 981 903 717 904 637 753 607 594 408 320 345 589 418 414 425 513 317 228 215 124 131 121 33 124 19 23 33 35 43 42 26
386 328 305 392 558 561 407 555 410 311 495 526 512 443 862 805 756 852 733 738 863 749 764 891 725 865 815 936 793 944 966 936 931 909 965 954 954 951 923 899 969 929 978 966 970 947 978 964 954 964 957 940 975 954 955 966 976 983 990 976 902 982 953 909 888 903 862 664 960 867 945 868 791 690 834 492 553 414 434 399 318 229 425 488 500 412 227 219 126 44 32 21 214 219 27 36 30 47 41 29
469 394 330 371 610 587 498 566 605 477 527 379 373 540 578 678 675 684 814 669 801 857 708 916 844 908 931 931 904 874 911 941 845 859 802 974 974 860 863 964 950 958 953 978 967 963 983 972 985 941 978 972 977 975 982 975 973 968 937 972 980 961 934 956 968 979 846 883 787 957 692 740 597 492 682 470 673 591 402 601 414 393 298 503 231 326 211 332 224 210 30 123 31 123 37 76 121 35 30 21
490 441 549 350 529 346 562 364 578 697 652 666 543 520 654 601 773 630 782 887 781 788 870 867 852 807 751 921 827 836 821 973 859 861 905 898 986 913 962 958 949 958 958 884 985 983 968 945 974 937 994 977 950 974 968 919 968 886 951 936 942 982 991 867 880 957 937 878 869 653 888 583 716 498 810 667 625 293 494 477 324 413 138 57 218 148 42 232 117 129 45 226 38 30 119 152 29 35 39 27
187 410 467 330 413 398 335 666 450 504 472 464 387 383 657 625 622 790 831 680 651 845 753 947 820 905 873 863 861 926 951 708 976 906 802 923 954 921 913 964 978 969 974 984 949 979 903 919 975 971 983 970 967 975 965 947 975 959 989 963 972 974 883 943 834 992 899 882 960 979 648 646 590 707 603 608 498 693 692 668 381 130 416 413 323 505 24 324 231 122 126 29 122 21 28 43 36 46 44 21
320 361 442 379 389 429 616 603 489 341 671 406 459 431 696 628 592 689 668 530 870 813 766 634 780 835 849 838 895 880 974 811 924 946 974 945 954 988 866 980 977 973 927 975 971 919 981 968 962 978 991 976 975 980 988 973 981 964 887 968 970 890 984 899 978 991 764 993 976 878 811 881 766 589 499 394 497 297 605 323 393 226 437 320 36 309 38 124 39 36 30 48 119 29 25 22 33 36 37 45
326 409 234 351 311 511 712 328 392 613 421 475 529 802 619 763 376 760 766 589 841 622 759 861 903 853 820 884 909 825 606 967 850 907 940 979 959 966 983 955 835 982 889 981 878 964 975 984 987 970 969 962 977 968 969 932 955 983 868 972 964 957 988 880 968 911 886 785 675 872 696 668 515 728 417 227 304 648 756 316 322 408 230 316 303 327 311 38 107 215 27 30 43 25 34 24 114 32 33 35
384 426 418 333 431 447 478 467 629 453 574 573 558 595 562 637 589 640 762 877 718 869 591 875 813 918 919 809 846 908 873 911 951 978 951 952 937 970 960 969 911 889 973 972 975 973 987 961 980 976 979 967 946 987 962 985 969 969 975 980 974 982 926 990 962 931 961 978 984 791 859 665 729 495 510 411 693 858 302 308 401 222 317 272 227 310 37 31 211 51 325 137 117 27 31 48 36 25 29 38
399 300 388 447 457 515 465 435 518 481 570 625 664 495 698 714 585 735 842 865 816 806 836 782 656 840 712 853 938 891 928 959 887 957 982 964 972 970 916 983 976 971 982 928 957 944 958 932 977 962 978 943 962 959 984 858 971 964 936 954 968 976 970 992 874 969 889 883 941 607 833 559 608 503 496 504 406 605 686 409 386 511 224 324 222 221 234 127 220 220 130 133 42 125 129 26 123 24 42 33
318 576 385 443 373 305 527 470 531 571 539 528 643 348 572 720 501 650 652 791 610 817 708 831 740 919 758 774 841 845 883 939 702 874 947 886 972 843 976 857 896 961 857 959 968 968 973 935 966 973 975 984 979 974 970 962 981 970 973 878 897 978 976 950 842 975 817 956 877 743 848 586 725 592 577 388 601 415 413 629 494 503 308 221 590 130 202 31 123 30 128 38 29 33 24 20 36 126 80 29
258 471 434 275 488 495 410 461 388 620 411 461 633 519 501 557 648 799 598 723 727 818 644 756 808 910 829 778 863 950 859 884 960 893 848 971 980 882 952 966 877 958 976 958 897 955 977 970 985 987 903 968 973 960 976 980 985 954 969 962 927 846 981 799 882 980 885 899 989 775 579 754 687 638 593 452 416 385 597 424 411 233 226 228 482 162 138 133 107 220 38 36 114 74 32 34 25 41 31 39
443 350 319 671 524 519 473 526 520 403 602 602 629 798 542 449 559 710 845 819 740 711 707 744 800 706 854 741 893 831 882 887 899 891 936 953 969 959 981 962 963 987 976 959 960 966 977 957 976 976 971 961 977 954 950 972 977 985 970 977 988 956 944 954 737 819 893 771 786 907 844 691 889 749 868 351 791 313 493 138 236 166 598 223 39 416 312 120 228 169 34 35 24 227 128 25 129 33 41 19
326 307 377 332 434 338 378 340 515 550 605 560 567 435 679 487 753 528 849 755 853 836 875 725 777 561 840 814 981 964 919 911 957 976 819 944 937 905 961 965 964 982 952 985 974 974 953 963 967 971 942 957 955 952 983 986 959 952 885 986 985 973 782 879 949 956 874 890 798 710 975 771 606 602 494 704 613 499 479 508 216 408 577 249 403 127 247 324 126 32 118 32 31 40 33 112 36 25 44 38
244 439 373 416 382 484 547 634 499 441 601 632 398 549 550 683 677 637 706 665 729 716 637 702 807 664 878 871 869 838 856 844 942 905 968 960 891 888 937 974 907 988 965 962 968 985 911 967 989 975 980 971 975 948 977 984 974 957 951 964 885 988 988 972 855 782 613 900 876 846 795 717 748 482 771 712 509 575 418 530 414 221 239 421 406 223 220 25 207 35 124 39 28 23 34 28 37 31 14 57
335 434 395 309 571 387 542 390 399 447 568 607 689 707 535 638 549 846 799 723 698 800 742 892 819 879 797 830 916 861 880 909 921 959 876 978 959 875 993 841 983 919 949 909 990 959 954 977 923 974 960 979 970 949 967 982 953 875 980 973 944 960 975 963 946 837 763 752 898 839 852 693 578 542 661 509 868 343 297 557 192 217 308 202 37 507 350 137 225 41 25 126 29 43 29 30 108 25 35 23
457 320 368 357 421 387 391 467 510 537 753 713 539 642 492 585 708 804 640 759 650 713 741 554 867 890 725 790 807 824 901 963 932 831 946 861 920 895 951 957 914 967 905 928 972 982 969 965 954 968 965 983 959 974 976 969 968 950 981 977 981 982 943 799 978 977 799 979 783 976 866 941 789 615 509 224 608 495 217 410 311 601 603 318 220 135 312 322 18 124 36 18 39 124 36 34 29 24 29 25
235 398 327 329 727 480 541 448 410 465 342 607 656 530 487 451 691 604 769 800 890 655 744 895 760 914 971 838 912 868 970 863 887 868 808 974 986 891 929 901 922 985 962 961 940 976 989 962 923 965 981 993 977 986 969 964 964 958 964 905 984 884 962 796 978 986 815 781 870 787 879 665 689 641 321 587 391 432 426 320 546 492 420 140 220 218 223 228 401 121 131 21 27 139 24 124 119 40 29 41
404 239 449 515 631 465 404 570 511 571 578 637 624 743 705 615 528 504 706 706 912 757 815 866 778 716 679 801 909 967 870 954 902 867 808 963 961 924 909 902 967 981 947 931 983 973 984 967 963 973 966 973 956 979 948 973 978 987 991 988 957 985 987 967 905 873 990 870 857 704 678 693 607 603 702 512 650 455 575 521 514 319 324 454 315 227 231 124 34 129 311 136 36 26 30 32 45 29 32 26
343 315 317 359 436 363 384 434 520 437 659 608 496 750 614 677 630 693 678 814 792 704 732 839 797 921 955 762 897 893 795 878 962 886 954 829 968 949 960 975 934 962 986 973 901 954 942 961 945 935 976 983 950 980 957 948 988 967 980 977 993 935 987 879 969 952 903 603 976 949 806 893 491 691 633 680 497 497 399 405 396 593 316 153 317 41 215 111 223 224 132 127 121 23 28 56 23 26 34 38
431 402 379 417 386 523 445 383 511 560 489 503 314 735 662 579 662 662 791 810 760 779 819 769 711 792 791 832 960 793 870 890 881 947 983 959 914 961 950 987 972 974 962 956 972 953 954 974 975 971 973 968 965 961 969 948 959 981 927 972 933 964 899 965 970 797 911 873 790 942 622 687 872 512 700 692 364 590 500 525 307 415 235 54 228 32 301 417 121 37 123 55 133 27 27 36 36 26 40 17
236 281 376 341 369 348 516 386 755 520 487 735 650 593 558 682 539 831 829 613 707 833 827 808 924 797 924 897 839 779 853 854 853 942 899 909 965 984 987 958 967 915 968 951 938 988 985 966 984 963 963 974 976 976 978 979 991 910 892 884 943 984 948 970 874 887 777 777 842 795 818 677 964 768 522 866 576 280 782 514 406 316 315 146 213 146 325 126 325 120 29 30 22 26 26 34 33 45 30 29
392 341 312 250 482 555 320 439 437 459 730 715 542 692 710 744 568 807 667 630 618 786 719 751 890 728 838 730 926 836 907 985 968 975 828 827 966 983 841 926 955 826 964 956 977 952 978 947 977 972 921 984 977 973 985 969 972 979 989 972 975 958 789 970 925 798 986 974 882 501 757 593 612 510 413 604 422 329 326 396 226 326 236 264 311 219 118 209 130 36 36 36 154 38 34 31 35 129 27 34
374 528 492 423 438 509 733 448 728 405 492 780 502 480 690 758 758 692 834 614 699 742 792 682 840 840 690 924 822 902 871 804 824 965 807 885 890 941 941 970 966 959 949 975 883 961 973 989 932 974 970 969 976 976 966 984 950 978 954 973 971 883 961 907 897 876 804 731 713 693 886 627 697 704 574 603 607 589 233 154 317 125 239 131 37 312 30 48 127 133 114 31 150 26 23 105 50 36 42 22
308 280 425 356 474 444 576 430 404 372 581 561 548 571 565 689 641 656 711 591 670 768 822 831 838 740 897 859 958 736 811 928 955 838 872 920 936 955 908 968 968 939 971 852 931 973 953 956 978 986 956 977 960 982 961 950 956 983 975 970 983 970 975 972 974 897 712 984 973 608 828 408 791 678 592 599 408 416 147 341 687 292 127 335 209 133 36 134 22 29 20 27 126 25 37 34 47 24 28 23
376 424 440 407 331 504 449 315 641 345 408 507 679 778 657 521 778 654 687 828 769 956 732 582 888 823 896 798 787 904 938 955 941 953 960 904 953 951 971 905 964 949 952 968 958 949 976 953 977 985 970 958 954 946 960 966 966 942 975 885 937 957 991 889 676 845 970 835 915 763 840 619 592 747 303 795 602 388 604 331 598 518 328 131 34 131 414 115 44 30 25 72 226 28 31 29 41 36 34 40
305 460 283 520 348 377 513 537 268 553 409 542 699 492 598 614 676 798 664 596 810 877 788 798 843 702 917 887 724 945 825 773 929 942 955 977 960 963 974 960 837 922 960 985 909 954 989 984 964 983 961 963 927 973 974 986 972 967 978 972 936 954 930 834 885 959 984 844 874 788 984 762 684 746 728 510 415 683 497 310 361 301 135 328 122 207 125 132 241 118 39 121 133 36 127 113 211 32 30 47
287 414 282 415 447 574 357 603 440 419 448 544 618 486 521 688 759 642 629 655 743 670 704 624 757 867 902 960 952 847 899 884 920 941 936 966 939 915 966 868 940 971 963 957 975 961 974 969 967 987 973 967 974 979 971 959 980 987 963 958 966 978 965 875 769 973 905 689 967 798 689 589 884 619 695 593 604 724 415 724 449 597 222 224 136 217 135 44 235 35 31 47 32 23 29 22 34 34 46 21
385 535 414 313 404 433 404 398 469 582 553 609 604 508 577 728 615 623 736 676 893 922 739 738 803 614 889 771 845 958 871 978 966 870 938 918 907 948 950 934 886 988 969 959 980 970 928 980 972 951 881 986 961 970 964 961 955 955 988 975 974 946 980 897 978 975 788 989 873 754 990 569 659 518 402 318 515 503 325 515 322 525 209 301 318 215 133 134 22 121 50 25 53 36 33 29 28 40 29 29
428 443 354 459 463 433 473 521 274 430 688 495 639 548 529 567 439 838 875 769 707 851 854 748 843 881 842 804 832 864 912 938 937 914 953 935 950 849 929 919 960 967 894 978 963 955 957 915 979 968 976 957 941 982 926 976 981 979 951 935 956 988 946 976 876 862 884 935 936 784 923 873 775 566 611 347 502 320 316 210 329 564 219 320 416 230 122 142 218 136 39 40 123 39 55 47 87 32 26 36
415 439 348 448 305 529 457 389 499 504 422 422 780 656 461 634 603 614 704 724 901 545 902 839 864 727 888 832 872 822 916 881 848 914 944 978 973 976 964 966 866 931 955 973 939 975 954 960 956 974 979 981 986 986 976 946 977 979 960 988 985 930 899 833 971 980 980 961 862 689 697 854 473 787 425 685 480 316 390 695 228 319 226 404 142 252 134 44 27 32 142 31 33 26 34 28 39 29 35 40
412 479 450 456 421 564 527 633 440 473 445 465 641 649 688 799 777 702 582 619 582 856 803 817 917 737 796 764 827 856 762 826 969 879 975 896 889 868 872 903 958 970 876 952 954 942 964 982 975 965 974 972 963 968 992 967 939 959 962 973 846 957 854 974 975 982 880 826 765 888 772 598 502 503 691 683 715 411 398 338 503 215 422 128 319 310 42 126 58 115 146 35 39 130 31 98 29 34 37 26
462 440 454 336 413 391 486 442 276 544 490 466 525 558 537 726 595 453 677 740 711 664 625 767 876 846 814 796 880 816 835 874 884 962 903 945 874 896 916 956 954 979 942 962 955 965 972 968 975 961 949 978 958 965 980 979 901 927 976 886 992 927 985 979 855 851 663 944 814 691 848 866 679 865 701 335 610 506 451 323 555 424 124 133 309 123 212 370 220 116 31 120 134 129 216 38 141 37 27 28
365 364 324 344 375 598 356 530 425 525 621 580 434 684 652 620 700 684 728 635 836 765 693 744 831 750 795 974 766 827 772 963 889 960 964 939 866 976 961 974 896 979 979 962 980 954 965 948 975 964 979 970 968 948 979 966 957 963 972 929 987 947 890 981 965 936 789 785 879 872 880 537 656 497 514 440 508 689 498 219 217 280 419 195 207 228 32 319 47 52 131 35 36 36 124 37 28 40 25 29
320 405 338 437 499 325 435 430 732 437 610 401 522 629 731 513 609 653 699 489 748 729 956 785 837 744 771 960 723 805 910 866 963 959 906 912 915 981 963 939 970 972 950 963 947 922 982 975 971 967 942 977 972 982 961 973 916 965 933 944 951 931 978 833 962 872 886 832 886 811 920 600 591 695 585 317 489 509 219 30 129 145 314 321 325 109 126 132 131 70 221 39 128 45 121 37 30 122 27 37
379 353 484 243 509 480 387 557 613 442 364 818 463 814 643 711 639 548 828 794 853 688 840 600 749 736 746 822 817 860 837 868 956 915 937 826 882 952 963 952 937 952 950 981 983 937 990 978 970 979 981 971 922 971 981 964 978 974 964 979 980 957 961 887 885 814 886 929 797 685 759 693 464 607 488 577 585 126 412 327 261 128 324 596 126 211 38 133 216 119 120 37 133 27 24 28 23 23 35 22
286 355 441 292 363 675 430 596 512 434 747 639 530 595 664 688 807 633 713 777 843 765 798 715 779 806 695 948 895 898 782 957 854 947 905 953 909 898 884 984 865 953 971 954 974 954 960 959 940 901 962 965 944 967 981 975 961 932 988 983 962 875 908 980 891 850 697 956 955 796 521 892 690 411 422 437 420 319 336 309 237 310 293 216 135 209 216 201 244 126 31 36 127 32 31 127 42 25 28 37
382 471 374 357 294 405 358 291 384 401 293 603 693 623 475 681 670 560 894 487 707 854 630 748 805 774 705 879 856 902 960 871 867 802 936 894 968 931 859 806 985 948 951 963 977 973 971 983 968 942 944 963 970 947 952 965 977 939 966 973 986 952 939 961 947 966 874 834 886 765 692 640 558 781 549 794 406 488 332 597 506 318 212 334 47 135 317 162 147 222 28 33 32 28 89 32 38 22 39 22
377 234 232 323 343 554 557 274 695 490 368 469 609 496 676 468 767 594 834 792 481 733 734 827 765 887 778 865 932 967 890 870 966 929 922 888 940 964 952 916 893 976 972 882 961 975 972 966 984 980 985 986 982 958 982 966 971 987 970 792 955 976 891 892 958 984 873 865 977 622 515 661 431 705 705 596 474 236 239 405 492 500 365 409 205 125 303 197 62 123 30 244 30 28 32 25 33 26 23 35
140 541 260 337 284 401 660 469 406 555 581 548 593 546 505 532 743 333 647 704 829 860 850 822 806 832 825 732 860 847 916 808 882 944 843 911 914 985 839 985 977 892 938 979 950 889 970 976 981 962 921 981 987 966 966 959 973 849 984 968 969 964 987 970 966 848 644 883 867 874 691 607 401 395 567 418 401 414 232 325 338 226 218 115 129 236 44 139 240 46 211 37 50 89 36 27 49 20 48 26
380 309 407 428 478 403 384 674 580 619 495 671 589 745 350 564 495 685 563 756 746 772 611 824 582 766 933 845 636 857 837 924 782 811 909 966 869 976 986 973 950 977 951 926 980 922 975 973 971 973 957 972 963 950 961 970 965 975 969 965 899 956 887 855 948 867 750 881 755 700 886 776 890 675 377 784 428 505 528 330 320 218 311 225 150 94 131 128 127 34 221 24 132 28 33 32 29 35 35 46
345 395 453 359 387 426 549 210 220 502 501 661 406 489 622 705 564 517 715 629 689 603 715 652 780 825 718 796 861 853 834 870 941 754 748 947 969 811 972 922 949 924 928 886 988 938 962 948 941 966 977 982 969 971 982 946 962 938 979 879 963 965 888 970 880 889 762 934 897 780 773 841 668 654 515 608 700 447 411 216 303 494 422 291 129 37 396 127 135 215 28 19 42 48 42 33 26 26 37 31
458 403 358 336 513 380 474 376 455 611 580 473 511 631 679 515 627 605 587 709 788 650 839 683 877 773 942 879 872 886 715 818 892 896 908 844 980 975 924 930 950 861 970 988 950 918 977 942 984 967 965 957 958 953 956 980 980 871 881 948 991 981 988 890 900 791 783 845 958 978 702 499 734 777 529 694 498 323 596 417 129 228 132 314 223 217 127 410 326 31 21 33 34 27 108 34 133 129 19 19
433 364 221 396 405 505 295 447 352 731 564 686 614 563 628 583 561 754 705 702 932 663 809 827 697 789 674 888 721 881 941 955 896 892 979 878 900 958 870 903 965 842 875 983 963 966 981 912 951 941 975 965 933 976 958 945 986 987 978 987 974 902 870 952 946 889 724 894 888 691 697 784 521 517 510 505 312 207 293 608 252 507 31 213 129 224 231 131 36 28 130 34 24 42 26 31 26 33 35 23
401 303 541 311 467 342 382 486 540 444 482 492 479 640 651 737 444 802 565 741 746 874 727 902 799 662 695 831 876 861 782 891 807 942 944 886 942 854 872 962 933 931 949 970 974 980 975 910 979 987 947 970 968 945 966 948 969 980 873 974 978 949 975 974 839 894 974 894 884 784 970 964 669 527 761 689 415 437 410 609 747 131 413 309 135 135 28 140 24 37 118 126 24 120 46 36 132 31 125 19
329 489 349 430 470 255 345 499 563 583 548 459 656 499 651 765 629 839 682 612 472 647 776 748 718 805 886 900 845 944 962 857 864 893 969 970 874 964 865 902 975 960 985 972 967 954 932 985 966 893 982 918 908 972 966 966 948 947 940 968 979 920 971 957 966 909 961 864 691 871 572 553 780 593 430 394 438 355 424 372 503 385 229 418 144 134 37 127 134 134 132 26 118 29 25 39 136 30 30 32
337 399 321 327 473 409 372 479 664 573 380 507 562 747 483 590 604 688 741 563 744 762 836 886 865 923 945 854 845 731 654 871 949 879 942 970 881 981 992 968 938 985 945 894 978 973 969 963 963 956 979 950 972 951 975 972 956 983 972 980 979 916 979 972 851 853 871 708 669 775 977 866 784 767 554 872 404 302 595 317 277 230 248 204 50 410 151 28 220 41 142 34 23 46 135 119 39 53 33 115
270 266 419 418 419 534 410 332 287 532 593 603 494 602 595 434 635 617 646 488 757 609 690 833 851 783 705 796 823 824 850 882 959 888 947 920 876 987 957 973 945 906 954 945 989 948 916 943 964 957 965 983 958 956 919 981 910 981 966 984 954 966 927 869 883 876 928 776 897 678 539 829 515 839 597 673 652 429 595 629 557 302 431 220 40 221 202 202 31 127 122 122 30 37 44 141 39 32 48 32
308 337 462 372 392 383 515 518 446 484 452 593 519 598 526 547 472 643 501 687 792 776 821 804 771 936 873 798 935 865 868 946 850 963 875 942 929 858 956 968 948 974 924 963 940 979 961 980 978 965 965 953 954 960 969 965 976 937 954 962 987 987 792 979 925 845 788 978 717 598 636 703 573 608 671 501 408 212 327 498 511 417 29 216 208 35 230 125 131 151 231 54 36 141 39 115 38 32 34 33
365 441 372 311 364 504 405 337 316 498 395 476 353 585 534 615 568 544 655 589 654 710 683 778 775 868 715 794 927 951 855 886 782 949 917 977 947 949 970 967 960 965 981 968 964 950 943 976 962 980 951 973 981 953 933 988 946 943 990 966 914 954 963 840 882 788 881 832 700 865 515 695 600 777 606 592 471 403 499 303 505 239 209 25 299 324 147 227 233 22 38 122 216 38 34 20 22 122 30 30
440 487 506 378 404 371 324 480 455 533 530 430 661 749 708 565 651 542 912 726 702 674 854 680 819 697 880 823 945 680 897 878 818 834 878 841 971 961 902 979 906 892 968 965 959 981 910 976 942 960 958 981 976 950 959 946 965 957 946 978 969 890 857 975 975 851 743 889 866 945 704 517 699 614 676 613 206 610 592 420 353 313 247 327 261 142 228 135 223 210 26 59 34 28 25 39 27 40 37 28
362 389 383 390 611 523 354 616 483 576 574 671 564 472 517 755 630 621 525 667 640 779 816 693 828 833 892 870 731 816 798 809 855 721 972 894 852 973 972 971 879 950 983 979 958 904 953 979 961 986 974 976 964 951 982 969 968 961 959 975 965 967 953 877 852 923 895 880 814 982 723 690 790 604 613 598 567 604 496 441 236 135 515 310 212 40 226 36 128 125 149 28 44 111 24 23 136 30 22 43
341 293 442 364 457 326 362 382 453 681 469 402 573 665 512 591 678 624 711 632 716 843 714 854 785 597 525 834 916 786 759 932 938 867 956 915 913 901 965 892 928 975 961 956 974 989 957 928 950 955 968 981 985 989 950 974 967 960 958 966 987 892 978 960 869 973 865 850 891 891 828 874 648 362 694 298 327 211 514 405 21 501 485 139 236 224 40 321 132 219 128 29 34 42 42 39 34 22 20 33
351 360 277 362 354 505 338 528 547 473 510 515 378 486 472 420 498 608 809 654 775 667 791 591 891 828 828 850 897 833 889 943 863 801 911 878 956 964 863 920 883 927 860 972 957 978 954 966 966 945 910 949 972 971 952 978 960 978 977 982 992 979 886 978 957 978 955 764 976 840 739 780 692 592 654 598 655 224 402 505 41 406 230 42 223 145 217 310 30 125 135 135 115 34 30 41 29 35 28 35
458 442 417 438 319 432 520 355 693 452 709 551 532 526 632 577 735 654 621 776 777 673 923 829 778 823 768 658 756 865 945 935 948 963 884 842 862 969 919 931 944 945 971 971 918 973 961 966 975 965 944 957 932 980 959 972 977 975 956 879 961 969 974 867 850 786 969 785 862 791 702 619 595 872 655 615 815 439 327 412 299 273 418 312 317 229 171 31 217 64 32 69 45 125 31 26 30 26 56 32
358 364 265 497 415 445 472 592 496 574 557 646 417 594 667 607 625 753 709 640 677 755 752 790 735 786 906 840 734 851 734 779 841 882 964 817 969 838 879 923 953 987 971 964 950 898 964 979 971 969 967 960 979 982 982 968 974 961 982 923 981 907 942 791 880 981 889 940 817 635 790 869 649 806 578 443 413 410 195 512 219 504 318 390 30 163 30 163 50 146 23 26 36 27 135 38 39 32 84 128
224 178 359 480 552 291 562 276 433 504 461 505 378 545 669 570 652 790 597 708 840 730 812 716 786 757 852 844 697 840 885 867 809 901 963 942 939 812 957 961 949 983 940 974 970 895 980 970 982 960 976 978 947 913 987 959 966 968 966 970 963 824 897 821 915 985 767 800 802 898 686 601 761 689 600 321 352 414 314 493 108 230 151 313 139 231 119 159 124 67 119 117 40 33 32 30 30 47 62 43
413 352 343 417 363 306 307 649 454 365 602 461 412 597 599 639 688 521 528 841 780 694 700 820 732 821 806 827 859 777 753 916 870 890 835 820 850 926 868 951 898 952 961 892 964 941 971 980 975 963 966 967 980 970 962 951 868 977 955 982 973 883 955 846 950 922 795 842 978 660 699 568 590 695 513 512 387 599 405 657 222 220 224 48 125 259 30 243 68 39 111 232 123 36 37 123 29 40 122 38
212 463 366 458 377 375 362 409 351 638 621 542 642 540 672 498 742 736 909 793 724 780 838 729 834 898 695 854 697 816 958 918 947 942 939 974 858 972 964 887 984 958 884 977 975 987 983 975 962 974 984 956 974 961 965 970 979 899 971 970 964 885 981 878 726 981 886 981 616 814 649 857 225 515 513 463 308 596 225 553 408 425 95 407 132 319 136 390 126 35 44 21 34 24 34 34 38 15 32 37
362 447 410 319 378 310 475 480 334 513 494 456 552 650 568 351 357 812 638 713 727 737 856 791 489 692 879 802 839 769 794 906 863 963 879 962 946 973 944 962 929 961 829 974 979 965 988 966 974 968 979 917 958 976 971 943 971 963 961 972 983 960 899 754 881 877 877 798 793 850 959 497 778 686 582 554 411 488 129 591 356 223 319 237 237 222 119 123 234 23 39 25 27 35 28 22 37 41 45 40
335 299 406 384 508 487 405 566 333 323 508 705 752 759 508 439 722 788 767 546 543 711 800 727 869 729 787 958 812 912 903 907 839 735 910 926 964 861 861 964 945 898 981 947 892 900 971 978 920 969 959 970 966 969 968 969 980 934 961 981 979 887 956 969 981 934 876 795 885 698 568 809 327 777 601 495 502 593 401 481 401 125 319 323 331 247 102 120 153 123 19 122 138 37 31 20 27 22 20 30
298 387 295 512 370 440 428 496 641 543 448 492 746 377 623 690 623 583 885 630 714 502 603 864 669 809 902 936 883 914 896 895 946 964 972 942 946 872 980 888 980 980 979 951 909 950 942 967 952 972 960 970 923 984 958 980 964 932 923 965 881 930 953 919 855 683 963 851 887 847 866 681 683 587 584 689 603 414 421 588 508 299 321 311 129 37 143 229 26 26 80 38 120 43 138 24 38 44 23 23
394 331 295 333 412 406 429 299 469 500 589 410 566 438 534 758 593 707 720 698 881 910 735 826 664 865 816 836 784 837 866 909 885 825 954 963 819 898 946 958 972 937 958 978 986 965 983 962 965 957 968 964 966 944 974 960 976 976 930 920 971 954 973 932 971 743 896 868 869 863 605 691 388 794 700 558 695 222 596 502 386 128 293 43 325 47 123 49 119 24 38 126 21 35 59 128 40 33 32 25
350 451 386 413 373 330 484 356 440 601 611 357 536 642 745 732 689 757 552 715 716 701 793 683 796 871 785 949 918 873 817 909 895 866 739 938 860 934 983 976 964 937 936 977 968 966 965 974 913 943 953 957 974 976 989 977 981 963 950 945 984 956 919 941 834 855 774 776 692 660 838 782 516 490 683 780 219 329 388 505 442 124 240 136 316 137 424 122 121 30 228 22 29 23 37 37 26 30 42 29
324 322 275 254 540 439 542 434 438 488 465 419 325 760 449 676 572 610 643 857 579 707 690 804 771 916 691 805 753 960 782 867 867 862 977 935 920 946 959 897 951 892 949 827 914 934 953 939 971 973 959 945 972 961 974 986 963 961 875 803 969 945 959 827 918 635 702 888 777 611 783 784 791 349 413 489 689 255 374 310 333 506 498 228 203 122 136 125 29 136 180 115 26 38 128 21 43 31 34 46
293 270 345 499 478 374 378 329 583 487 542 559 490 618 545 650 642 572 529 739 500 732 866 562 619 733 878 846 857 776 868 853 885 846 966 856 938 918 876 974 949 959 971 973 979 937 932 943 990 963 961 944 981 926 967 973 964 966 964 974 886 960 925 983 928 873 983 833 748 984 703 884 408 601 622 590 882 309 429 478 304 384 289 135 218 30 411 32 217 237 126 33 54 28 24 35 33 46 24 25
253 389 438 314 286 282 597 553 403 618 507 592 449 643 471 543 626 555 595 633 490 750 721 864 788 575 813 941 878 799 875 807 795 866 962 973 933 930 918 880 959 972 974 967 968 962 970 971 964 982 944 972 986 955 983 957 958 980 969 912 872 859 948 761 897 898 984 856 678 874 964 887 693 316 327 304 601 287 589 401 399 346 50 258 229 210 130 227 36 124 124 42 33 29 46 20 30 26 26 39
424 342 426 334 351 513 395 266 338 443 581 520 492 598 564 640 634 759 671 731 682 592 718 805 737 775 763 764 917 951 861 961 894 849 861 971 937 948 944 872 886 965 964 977 977 958 939 964 953 971 961 953 909 951 980 959 970 967 975 954 978 944 968 977 907 745 853 720 877 784 479 700 307 580 321 581 232 425 37 313 306 312 407 249 139 216 130 209 227 120 40 29 31 28 23 26 21 20 23 40
377 325 482 414 498 334 432 405 466 194 430 438 736 568 484 507 657 546 772 768 760 750 642 862 761 610 693 739 806 952 791 814 845 875 849 918 855 959 921 924 963 858 974 964 944 973 949 981 904 975 958 973 954 981 973 916 974 965 961 879 887 861 923 829 908 796 816 892 861 773 751 801 691 326 542 498 428 698 386 417 290 128 147 101 225 122 485 46 216 36 126 37 43 123 41 33 24 29 36 24
427 304 374 487 380 404 360 352 569 508 669 463 548 472 619 293 675 711 698 595 800 856 787 839 668 682 841 793 724 786 471 944 895 920 842 945 873 880 967 972 935 969 950 909 969 955 969 972 977 975 975 977 975 956 966 963 958 967 974 928 987 930 905 880 967 963 980 892 946 853 845 802 419 573 648 566 758 583 497 229 578 316 246 319 140 36 127 95 204 129 35 35 32 35 25 36 43 24 47 37
223 398 349 537 302 570 559 501 412 540 666 417 704 730 817 630 530 712 691 648 666 948 780 734 727 662 613 816 887 819 859 797 959 959 934 949 849 882 962 947 823 738 876 970 935 898 929 970 965 948 980 934 958 967 966 919 947 929 986 942 987 972 960 978 874 846 809 696 976 881 443 706 637 609 779 600 672 655 405 510 208 518 507 152 323 140 238 167 224 136 125 38 28 35 52 28 31 23 32 33
347 316 379 431 350 461 374 355 474 546 400 368 696 481 637 800 470 540 831 665 710 814 657 716 901 855 835 796 768 953 947 890 788 800 915 872 947 911 955 954 961 968 950 955 986 977 965 955 957 965 981 935 954 959 961 969 941 950 925 966 916 929 976 964 989 893 796 896 747 674 691 604 667 506 709 527 591 488 398 701 228 377 119 352 137 114 217 225 45 25 139 221 31 31 22 38 29 35 20 45
322 354 264 407 459 497 323 348 506 355 586 686 583 662 576 441 626 585 531 729 809 748 723 719 663 799 733 705 887 879 885 829 855 905 840 920 911 934 946 930 853 946 957 932 942 969 966 975 952 977 976 977 938 938 954 976 976 970 945 849 881 975 962 982 803 893 940 756 966 866 851 627 477 760 474 569 556 353 315 791 229 390 320 300 334 26 87 44 161 42 17 61 231 41 36 29 24 29 30 28
475 282 451 329 347 302 463 479 438 558 319 427 462 584 774 399 829 476 719 677 696 657 895 798 658 727 679 685 816 863 860 887 843 968 962 941 888 913 908 933 917 936 972 892 954 968 935 969 865 954 982 944 970 973 946 986 957 974 962 929 945 971 987 774 875 586 728 886 671 784 442 747 601 698 480 331 608 433 488 242 596 297 217 135 231 505 208 27 31 47 32 27 22 45 73 36 41 32 28 31
349 468 295 474 430 487 402 629 446 446 635 558 577 501 437 657 672 795 676 579 569 641 647 696 665 912 859 807 893 780 852 930 768 889 822 923 845 848 952 953 987 878 961 937 949 979 966 946 988 978 937 909 929 977 956 956 956 970 963 938 903 918 966 830 865 878 884 956 876 735 587 667 588 693 618 327 579 576 401 415 221 227 514 128 220 128 121 236 125 33 29 37 29 27 40 42 29 23 37 120
325 399 404 371 429 548 447 531 412 585 530 654 625 699 611 498 545 674 641 835 634 579 779 742 748 949 899 805 878 862 866 872 909 889 949 943 960 943 952 861 927 837 977 958 920 962 945 960 957 919 939 970 980 955 951 901 972 953 966 983 779 871 978 956 882 901 885 958 863 869 878 592 857 605 419 233 633 523 485 507 676 397 237 41 314 348 32 30 336 117 134 21 27 47 39 26 41 40 25 30
354 483 361 383 331 350 337 469 485 487 488 587 669 370 541 658 618 685 551 689 722 676 529 674 890 779 785 696 909 899 785 855 757 861 889 808 932 961 774 836 974 965 875 963 942 953 951 961 946 975 906 957 969 969 944 940 965 964 979 975 885 970 934 848 766 878 843 746 611 867 730 784 781 606 491 513 552 320 133 423 225 137 237 347 230 138 295 137 143 65 31 32 132 135 35 150 27 34 43 22
462 522 243 331 442 343 441 398 645 335 372 388 621 689 614 643 532 484 784 618 701 749 747 827 744 854 595 858 766 777 913 793 737 817 779 858 859 718 897 884 955 963 934 959 949 980 953 931 984 977 973 955 978 949 945 960 983 957 966 831 881 924 967 881 934 926 876 884 749 752 481 899 744 679 835 685 405 430 404 419 346 150 195 502 233 224 25 311 225 94 35 46 42 32 26 139 20 127 37 56
303 319 321 455 354 318 255 270 486 464 374 467 401 642 635 631 651 582 746 543 764 580 649 812 931 746 690 912 945 772 899 895 811 886 938 848 915 924 898 977 897 971 969 959 928 913 958 907 931 982 973 973 933 955 966 979 874 962 971 948 985 978 973 922 987 878 966 888 673 776 979 440 700 507 504 609 756 426 213 326 512 225 214 25 216 310 144 121 25 126 50 23 33 31 125 38 44 42 38 18
360 372 410 293 358 306 397 520 474 440 501 714 488 379 498 311 652 631 505 752 751 675 596 865 688 856 804 844 786 900 902 889 872 883 909 882 967 954 929 922 968 959 938 979 950 943 979 940 944 959 970 970 935 935 974 957 981 951 952 869 964 977 973 875 976 919 847 975 675 830 599 661 505 596 409 480 686 510 38 501 415 229 277 189 223 46 241 127 133 28 40 28 131 166 27 37 32 35 34 45
441 289 434 192 397 340 422 392 425 414 427 528 669 569 657 717 610 722 553 635 546 696 702 826 606 662 873 671 634 851 883 841 930 743 768 912 962 940 938 954 945 952 968 944 959 943 980 934 954 980 922 988 969 985 977 972 875 977 982 967 860 957 903 784 965 918 823 705 897 708 800 829 881 402 330 363 607 231 231 303 322 391 293 136 108 214 43 145 131 39 52 28 32 27 41 87 23 32 20 27
485 367 324 243 357 326 449 249 437 465 450 546 449 590 576 616 658 555 573 742 817 467 790 778 591 737 620 758 851 768 930 917 888 955 915 934 827 962 975 973 949 970 951 906 972 972 955 949 952 971 930 976 976 969 946 959 920 931 936 893 790 864 972 974 959 894 864 910 887 748 771 613 541 634 606 430 513 317 149 557 308 364 226 133 253 184 38 123 247 141 136 50 35 228 29 34 36 35 28 25
295 347 519 307 326 498 524 418 470 454 628 438 536 588 599 730 676 803 770 627 561 841 729 743 763 633 696 779 896 711 951 779 902 970 792 914 881 948 969 956 905 931 967 890 950 935 961 967 959 971 939 979 981 912 880 968 956 963 943 901 952 940 982 925 761 638 882 879 954 857 692 671 760 421 629 530 407 326 296 120 449 235 224 283 123 344 32 124 112 26 223 31 137 23 28 24 28 33 36 17
438 280 279 334 342 339 488 268 437 743 389 410 513 481 685 635 522 452 626 683 791 651 687 611 758 846 774 728 824 867 905 840 888 667 920 933 916 872 975 945 933 856 857 978 949 979 946 965 958 949 958 964 938 977 957 930 975 951 952 950 941 866 882 751 730 785 965 882 806 810 775 673 705 423 410 499 371 241 332 290 305 322 226 236 113 68 200 228 39 420 26 36 124 25 31 25 31 44 44 41
