15 18 15 16 18 18 18 19 20 17 15 16 15 18 21 19 17 16 15 13 19 15 21 15 16 19 14 18 16 18 21 16 16 20 16 17 18 19 16 16 17 18 17 18 21 17 17 15 16 15 16 19 18 14 18 17 16 18 18 20 19 17 18 19 20 17 20 19 20 17 22 18 17 19 19 18 16 21 15 20 17 18 17 15 17 17 19 16 19 14 16 17 16 14 16 17 16 17 13 17
21 20 18 15 17 16 16 17 21 19 20 18 18 19 19 24 17 19 17 17 16 17 19 17 17 15 17 18 19 18 22 18 18 18 21 15 18 16 18 18 17 18 14 18 17 20 17 19 18 17 18 15 16 19 17 17 15 20 17 15 20 21 21 18 18 17 19 16 19 18 15 14 16 19 16 18 17 17 18 18 18 15 17 19 18 19 20 16 17 17 15 16 19 21 19 18 15 18 19 16
18 16 17 17 17 18 20 17 19 17 16 17 18 19 16 18 17 21 14 19 18 16 13 14 15 17 12 20 21 19 14 18 17 21 19 16 16 16 16 17 15 22 16 19 15 14 16 21 16 15 18 16 16 19 19 16 16 12 15 14 19 15 18 18 17 18 18 19 16 17 17 20 18 17 18 17 14 17 16 17 16 16 20 21 16 20 22 15 18 15 17 18 19 14 15 17 16 20 16 20
17 17 17 17 16 16 18 16 19 15 18 17 16 18 18 17 18 17 18 18 16 17 15 18 18 19 16 20 19 19 16 18 17 16 16 15 18 17 16 15 15 20 19 19 16 14 16 15 17 17 18 15 23 16 20 17 20 19 19 17 18 16 14 19 19 17 15 16 18 15 16 14 19 17 14 17 17 19 20 19 20 18 17 14 15 16 17 21 17 20 19 16 16 22 18 18 17 16 15 16
20 15 18 16 16 14 14 17 19 18 18 18 23 17 17 15 18 17 17 15 20 17 20 18 18 19 16 17 18 14 17 21 17 17 16 18 15 15 15 18 17 20 22 17 17 23 17 15 16 13 17 17 18 17 17 19 16 18 20 12 15 18 16 14 16 14 15 16 20 21 18 14 15 13 15 15 20 17 20 18 17 18 16 20 16 17 16 18 14 16 16 17 16 17 19 19 19 16 17 17
20 14 17 16 13 16 14 22 18 18 17 21 14 18 17 16 15 17 15 17 15 16 17 18 18 16 19 18 19 17 19 16 18 16 16 20 17 19 16 17 19 20 20 14 21 13 20 15 15 17 16 19 18 18 16 17 15 17 18 20 19 16 16 14 17 16 13 19 16 19 18 15 15 18 19 18 17 17 19 16 14 15 17 19 14 19 14 17 17 19 16 18 22 22 15 15 19 16 14 17
20 14 19 14 19 18 18 17 14 19 21 17 15 20 15 23 19 17 19 17 17 18 21 20 16 18 17 19 17 16 21 17 17 19 18 19 19 17 18 18 19 17 19 17 18 24 18 18 21 19 20 20 15 20 18 15 16 16 20 15 18 17 16 20 16 19 20 16 16 17 17 18 19 16 19 17 15 22 17 16 15 19 18 15 19 17 16 19 20 15 18 18 15 16 15 19 16 20 20 19
18 18 19 14 17 20 20 18 19 17 17 19 16 19 19 17 18 17 17 18 21 16 17 18 16 14 20 20 16 16 19 19 15 18 15 17 15 15 18 18 21 16 19 16 15 17 18 17 16 13 20 15 19 18 18 20 17 16 15 17 17 16 18 15 13 19 18 17 16 21 16 16 17 18 22 15 17 18 18 14 18 19 17 22 17 15 18 19 15 18 13 15 18 16 19 16 15 19 17 16
17 16 19 16 17 18 14 20 15 15 16 15 14 16 18 21 16 19 13 18 18 19 17 15 21 14 15 16 17 18 16 16 17 17 14 17 17 17 16 14 14 14 19 15 15 20 19 18 19 17 18 20 16 18 17 18 18 19 13 17 17 17 19 16 19 15 19 16 14 17 16 17 21 18 18 19 13 17 16 13 18 18 19 16 15 16 14 17 20 16 19 17 17 17 19 20 18 17 18 20
18 16 16 19 15 21 14 18 16 18 19 15 21 20 21 21 16 16 15 17 17 15 18 18 16 12 19 17 15 20 17 15 18 20 19 17 18 13 18 19 15 16 17 19 14 21 17 16 14 16 16 20 18 19 16 19 20 18 18 18 17 18 19 19 17 17 16 22 19 17 16 17 19 19 18 19 17 15 15 18 17 17 15 16 14 16 18 18 17 17 15 18 17 19 19 21 15 18 19 17
18 17 18 17 16 16 17 14 17 17 16 16 19 19 17 17 14 20 17 17 14 19 18 17 14 15 14 16 15 21 14 20 16 16 17 18 18 15 19 14 20 18 16 13 16 20 18 18 19 16 21 17 17 17 18 17 17 17 17 15 19 14 19 18 19 18 19 16 15 16 16 16 17 20 16 14 18 19 19 18 17 13 18 16 18 19 15 18 17 17 13 17 14 16 17 18 19 20 19 20
17 22 15 16 17 16 18 17 19 17 20 18 21 21 17 15 18 17 17 21 14 19 20 16 17 15 19 17 17 17 18 15 20 17 18 23 16 17 18 15 21 15 18 17 19 16 17 17 17 19 17 15 16 18 14 17 16 16 14 17 16 16 21 19 16 16 16 18 16 21 15 18 17 20 17 17 14 18 18 16 17 15 16 16 18 18 18 19 20 12 19 15 15 17 16 16 14 13 16 20
15 21 17 17 19 16 15 14 18 17 17 19 20 18 18 19 14 15 15 18 17 13 18 18 18 17 14 17 19 16 12 17 18 18 17 17 18 20 16 16 16 16 17 17 14 18 15 20 18 19 19 18 21 21 18 19 18 20 16 18 18 21 13 21 16 18 19 20 17 23 15 18 21 18 18 15 17 17 15 20 17 18 19 16 16 20 16 19 18 16 17 16 20 16 20 18 16 16 15 19
16 19 16 21 15 15 16 17 17 17 15 19 19 16 21 17 17 17 17 17 17 20 18 21 19 19 15 16 18 17 16 14 17 21 17 17 18 20 14 17 15 19 19 21 16 14 20 16 20 15 19 14 17 17 21 19 18 20 17 18 17 21 15 18 15 16 19 18 17 15 16 15 16 20 18 20 14 17 20 16 15 15 19 14 20 20 17 16 15 18 16 16 18 20 18 16 16 19 20 14
20 18 16 19 18 20 19 16 18 17 16 16 13 15 17 19 19 17 18 19 18 21 19 17 17 15 19 17 16 16 17 18 18 17 15 17 18 18 17 16 19 15 18 17 18 18 20 16 18 15 18 16 17 15 18 16 18 15 16 19 18 17 18 17 15 18 14 20 19 16 16 14 18 15 19 18 21 21 19 17 21 18 19 14 19 16 17 18 18 20 17 17 15 20 17 21 19 18 18 17
16 17 13 18 16 16 19 13 19 17 22 15 17 19 18 14 16 18 18 16 17 17 19 21 19 17 15 17 15 16 18 18 16 19 17 16 17 18 18 18 18 19 19 14 17 18 13 21 18 18 18 14 22 16 18 16 16 18 15 17 16 20 15 17 16 15 15 19 17 17 18 17 20 18 17 19 15 17 14 16 17 17 18 15 15 16 15 14 18 18 19 17 19 15 17 17 20 18 19 20
15 18 18 20 18 22 17 18 17 16 21 16 17 21 20 19 16 18 15 19 18 16 19 17 17 16 19 16 16 19 20 15 16 17 17 15 17 17 19 16 16 17 15 18 15 18 17 17 16 16 18 20 21 20 16 15 17 18 17 17 18 15 15 14 16 21 17 18 18 15 18 14 22 19 16 17 17 16 17 15 15 18 15 18 18 17 15 13 17 18 12 19 17 18 17 15 20 16 18 19
18 17 22 17 14 20 17 18 17 21 14 17 19 18 19 19 13 21 13 17 17 16 17 18 19 19 16 19 17 18 17 20 20 15 18 20 18 17 18 15 17 18 16 16 20 18 20 17 18 18 16 20 16 15 15 16 21 19 18 18 17 18 17 19 19 20 16 16 17 18 14 17 17 15 18 16 18 16 22 14 17 16 16 17 19 18 19 17 15 20 18 16 17 16 18 20 16 18 16 18
16 18 16 16 18 12 18 17 14 17 17 18 15 20 16 18 23 15 18 20 15 18 17 16 16 15 15 16 23 18 16 17 17 16 18 17 16 13 20 17 13 17 22 20 18 18 18 15 19 15 18 19 18 20 16 18 19 17 15 18 20 16 17 16 21 17 17 17 18 20 14 18 17 17 17 14 16 21 18 19 19 18 14 16 15 13 18 20 18 17 20 17 17 19 20 20 16 23 17 18
19 18 14 19 18 17 18 20 16 18 17 18 21 17 20 17 13 19 16 21 17 19 18 19 14 18 16 18 15 19 19 19 15 14 17 17 18 15 17 18 19 21 20 15 20 19 18 16 18 18 19 22 15 17 17 17 19 17 18 16 19 16 15 14 13 17 15 15 16 18 18 16 15 16 21 17 18 19 15 16 17 21 18 19 16 13 17 19 20 17 15 19 16 19 18 17 16 18 21 19
18 15 16 17 16 19 19 17 18 16 15 15 16 18 17 17 17 17 17 16 14 19 19 14 13 14 18 18 14 18 19 20 19 17 16 17 16 18 19 20 18 17 14 18 17 17 20 18 16 18 19 14 17 16 22 17 16 18 21 20 15 17 16 19 15 20 17 15 16 17 15 19 17 19 15 19 17 14 20 15 16 18 17 16 20 19 20 15 20 14 17 20 18 16 15 14 18 17 15 21
17 15 16 20 20 17 18 13 17 16 17 16 16 18 18 13 12 14 14 15 16 17 20 16 18 18 15 18 18 20 19 15 16 19 14 16 16 19 17 17 16 18 17 18 16 19 18 14 15 16 17 15 18 17 19 18 15 17 17 18 21 17 19 14 15 17 20 17 14 18 20 18 18 20 19 19 20 18 13 20 17 16 16 16 18 20 17 18 18 19 20 21 16 17 19 16 15 18 16 15
17 13 18 16 18 18 19 18 18 18 16 17 15 21 16 18 18 16 21 15 19 16 19 14 16 19 14 17 19 15 17 21 22 16 15 14 15 19 17 19 18 15 17 15 21 19 14 16 18 17 18 16 16 17 14 19 18 21 17 19 16 16 17 17 15 15 16 16 17 21 15 21 15 16 13 21 17 14 20 14 18 16 18 14 16 17 17 19 15 21 15 16 17 16 17 17 18 21 17 17
16 16 19 17 17 16 17 19 19 21 18 16 19 14 16 18 18 17 15 19 17 17 17 19 18 18 18 18 15 17 19 15 18 16 16 15 15 20 20 19 17 16 19 18 17 17 16 19 19 19 14 17 17 13 19 16 18 18 15 16 17 16 15 18 21 21 17 16 18 19 16 17 20 17 13 19 14 15 16 17 18 15 18 13 21 18 16 15 17 18 17 16 19 17 16 16 20 19 17 22
17 17 13 16 24 19 19 19 18 17 15 17 17 18 16 17 14 17 19 16 20 18 18 17 17 22 18 15 16 16 16 13 17 16 15 17 20 14 17 20 17 17 15 18 15 17 16 18 14 17 19 20 15 17 18 16 17 20 19 19 17 18 16 18 15 15 19 17 16 16 19 18 17 17 15 18 15 15 16 15 16 19 15 19 15 16 19 15 15 19 19 18 19 17 17 16 17 24 13 19
19 17 16 16 17 18 19 16 19 19 16 18 18 16 15 14 17 21 19 20 18 18 16 17 17 17 17 19 18 18 16 15 16 21 20 19 16 17 20 15 15 18 18 14 18 19 19 16 21 19 17 18 18 18 16 16 18 14 19 20 17 21 16 14 17 16 18 18 18 19 15 17 16 18 18 19 18 17 18 18 16 19 18 18 14 19 18 20 19 19 23 15 17 16 21 15 19 16 13 20
19 16 16 16 19 16 16 16 15 20 20 20 21 18 18 18 15 17 19 16 15 17 17 21 19 20 18 19 15 17 16 18 18 16 17 16 21 20 18 18 15 17 18 23 17 14 16 18 15 18 16 16 19 14 18 17 20 18 18 19 19 17 13 17 15 17 16 19 21 18 17 17 17 18 20 14 17 20 18 17 19 18 18 16 15 13 17 19 19 18 19 16 18 19 14 16 14 17 16 17
16 21 16 14 19 17 14 20 19 17 18 18 16 19 16 16 15 17 17 20 16 18 17 17 20 18 15 19 17 18 13 18 18 16 20 18 19 18 19 20 15 16 20 17 17 19 17 19 13 19 17 21 19 16 20 19 13 16 18 16 16 15 18 16 17 17 18 16 18 15 15 18 16 18 17 16 18 18 22 20 18 17 16 18 16 18 19 18 15 18 17 17 16 15 18 16 18 15 18 16
18 20 16 18 15 14 16 16 18 21 15 17 20 15 19 15 17 19 16 21 21 13 16 15 16 17 16 14 19 18 20 17 19 17 18 15 22 17 17 17 18 17 18 17 16 18 15 14 15 17 17 18 22 18 17 19 17 19 16 13 18 18 18 18 20 14 20 19 17 16 22 15 20 21 21 18 15 18 19 18 16 17 19 20 19 17 18 18 15 16 15 19 18 15 15 17 18 18 20 23
16 19 17 17 13 17 17 17 15 16 15 18 17 22 18 14 17 18 16 20 19 16 18 18 15 18 18 17 20 17 15 19 17 18 17 16 17 18 16 18 16 17 20 18 18 20 15 17 20 16 19 13 15 16 17 19 17 18 17 15 15 16 18 15 15 17 17 17 16 21 13 17 18 21 19 21 16 16 18 19 17 20 21 18 18 18 17 16 19 21 17 16 17 18 16 13 18 18 15 18
16 17 19 16 18 19 16 19 19 19 18 15 17 17 17 18 20 15 16 19 20 21 17 15 15 18 18 18 18 14 16 18 18 22 16 20 15 15 21 16 17 17 19 18 17 18 20 15 16 18 16 19 19 19 16 15 15 14 19 18 18 16 19 17 16 15 19 15 18 16 14 21 16 13 20 17 12 20 19 17 18 20 15 16 17 20 20 16 14 16 18 14 18 16 18 18 14 14 17 18
17 16 18 15 13 14 21 16 17 16 17 15 18 17 19 19 15 15 17 17 15 16 18 20 17 17 16 18 15 16 17 16 14 19 18 14 19 15 16 17 19 17 17 18 17 19 19 18 17 14 18 15 19 16 15 16 18 21 17 17 16 16 14 20 20 15 16 16 20 17 15 18 17 16 19 17 17 16 18 19 13 19 17 17 20 15 20 19 19 16 17 16 20 17 14 17 17 18 17 19
17 16 15 16 15 15 22 16 17 17 23 19 18 13 17 17 15 15 19 21 17 21 17 19 17 19 17 19 19 17 16 19 13 18 20 15 15 16 18 17 13 15 18 18 17 21 18 18 17 19 19 22 15 15 19 15 16 19 17 18 18 21 18 18 19 18 18 17 19 18 17 16 17 12 22 20 13 16 18 20 20 19 17 20 18 17 17 17 20 15 16 18 19 18 17 17 17 18 16 20
18 17 18 14 18 16 14 16 20 18 19 17 13 17 19 14 18 18 13 16 18 14 20 18 20 19 19 13 19 15 19 18 15 20 17 18 17 16 17 16 16 19 19 20 17 19 19 14 19 18 18 16 17 13 18 14 19 14 17 17 19 18 12 20 19 18 19 14 17 15 15 19 14 17 17 17 19 18 18 18 17 18 15 17 18 18 18 16 18 16 18 15 17 15 21 12 18 18 18 16
18 15 20 18 17 17 17 17 18 16 19 17 16 17 15 19 19 18 17 17 19 16 19 16 19 19 17 18 19 19 15 20 15 18 17 20 18 19 18 20 18 18 15 18 16 15 16 20 16 13 22 17 22 15 14 17 16 13 17 17 17 15 21 18 18 17 17 22 18 17 20 19 22 18 19 13 17 17 16 15 18 16 16 14 19 19 19 17 14 18 17 19 19 20 16 19 17 17 14 20
17 18 17 16 16 15 19 16 19 25 20 17 16 18 16 17 16 14 17 19 19 14 18 17 21 17 18 15 15 15 15 18 14 17 16 22 17 18 14 15 16 17 17 19 15 16 17 17 14 19 19 14 17 15 18 19 20 14 15 17 17 16 14 18 20 17 16 17 15 18 21 17 18 16 15 15 17 17 21 17 17 21 18 21 19 15 19 20 17 17 17 21 17 17 16 22 19 19 16 18
15 16 17 18 18 18 18 16 21 19 20 18 18 18 15 21 18 18 14 19 18 17 15 18 17 21 16 20 19 17 15 20 20 17 17 17 17 17 15 15 21 18 16 13 19 20 18 18 17 18 22 19 20 16 18 16 18 18 16 17 17 20 15 19 14 18 14 19 19 14 15 17 15 20 16 14 18 16 20 21 14 17 16 18 14 20 18 20 16 20 20 19 16 18 15 17 16 20 19 19
15 17 16 16 18 18 14 14 14 18 16 16 19 17 18 16 16 20 15 16 17 21 15 19 17 15 18 21 19 21 17 17 20 18 19 13 20 15 18 18 23 20 19 18 19 19 19 15 16 14 17 18 16 19 18 19 18 16 16 19 17 15 17 16 17 17 17 19 18 18 18 21 18 17 20 19 18 20 20 15 22 19 16 17 17 20 19 12 15 16 17 14 18 13 16 18 16 20 22 18
18 19 19 18 16 17 16 16 17 19 19 19 20 15 16 20 16 20 19 16 17 20 19 19 16 18 18 16 21 16 18 24 19 15 17 19 17 17 16 17 14 21 18 18 19 17 18 18 16 17 20 18 17 16 18 17 17 17 13 20 19 17 16 16 16 16 17 17 16 21 20 15 18 19 20 21 19 17 19 13 15 19 20 19 17 20 17 18 15 14 16 15 17 20 19 19 16 15 20 15
18 17 17 15 18 17 20 18 16 16 16 22 15 16 18 13 17 17 16 17 15 13 17 19 19 15 18 16 19 16 15 19 21 16 20 19 18 18 19 19 19 15 19 20 14 16 18 17 17 20 19 21 18 15 18 19 18 19 17 18 16 18 18 20 20 18 19 18 15 16 18 17 17 18 14 16 16 16 18 18 17 17 19 14 20 17 20 18 15 19 17 19 14 16 18 17 22 22 18 17
14 18 16 18 18 18 14 17 17 19 14 20 18 17 18 16 18 16 19 18 18 15 17 16 20 16 19 18 19 14 19 17 18 18 22 18 16 14 17 17 16 16 17 19 17 15 18 16 15 13 14 15 17 15 14 18 20 17 18 16 18 17 18 20 18 18 19 16 18 18 16 15 15 16 18 17 18 15 16 16 16 18 19 19 19 16 19 19 17 15 22 17 17 18 14 17 20 18 20 20
21 14 17 18 18 16 19 17 20 14 16 18 18 21 18 17 17 19 21 16 19 21 21 21 18 18 17 18 17 15 20 17 15 17 19 19 16 18 18 17 13 19 17 18 17 18 15 17 17 17 18 17 17 20 16 20 16 19 20 18 18 16 19 18 16 18 18 18 19 18 16 11 16 18 21 19 18 16 17 17 18 18 15 14 16 17 17 16 20 17 17 17 17 18 20 19 17 17 17 15
17 14 16 19 18 18 22 15 17 18 17 15 16 19 18 15 18 18 17 17 16 14 15 19 19 20 17 22 18 20 18 19 22 20 17 17 15 16 18 13 16 18 17 19 16 18 19 15 18 17 20 19 20 18 15 19 14 18 17 17 13 18 16 14 15 18 17 15 16 14 18 15 15 17 18 14 18 22 15 19 18 18 18 16 16 18 17 19 18 18 18 18 17 19 19 18 16 16 18 18
20 17 19 21 16 19 16 19 16 18 19 14 20 17 21 19 15 19 15 18 14 18 16 18 16 17 22 16 14 15 20 16 21 19 17 17 18 17 19 14 18 18 16 18 18 22 16 17 20 15 18 17 20 18 17 19 17 23 16 17 17 16 17 16 18 18 21 19 14 16 18 15 17 15 17 14 16 17 13 20 16 17 13 15 19 18 16 16 18 15 16 19 18 19 21 15 17 21 19 19
18 17 17 22 15 18 19 15 14 15 19 18 16 20 16 20 20 15 19 19 20 18 20 15 15 17 19 23 15 17 21 20 16 16 17 18 19 18 19 16 14 17 17 17 19 20 17 20 19 16 18 19 22 19 17 18 17 18 22 16 15 19 17 18 18 20 13 19 16 18 21 18 17 16 21 18 16 17 17 15 16 16 20 17 13 16 18 17 17 19 17 18 19 17 15 19 16 16 17 18
15 17 21 18 19 14 18 18 15 17 18 17 19 17 16 19 19 18 18 14 16 17 22 17 14 19 16 18 18 18 16 19 19 18 16 17 17 16 16 21 18 18 15 18 16 14 17 19 20 15 21 20 20 17 19 15 22 15 19 20 17 19 16 18 16 16 17 15 18 19 15 18 19 18 21 17 21 16 15 16 14 21 16 18 16 20 19 17 16 19 17 17 18 17 16 18 14 17 17 14
16 21 18 19 19 14 13 15 18 13 18 17 19 17 17 13 17 20 17 17 15 19 17 17 18 19 16 15 14 17 17 17 17 19 13 18 20 15 17 16 18 17 19 19 17 17 16 16 17 17 21 22 17 17 19 16 20 18 19 16 17 21 22 19 21 17 19 22 19 14 16 18 17 18 18 17 18 18 18 16 16 18 19 16 20 18 19 21 16 18 16 19 17 18 17 20 14 19 17 16
17 16 16 18 16 17 17 18 20 20 17 16 20 17 16 17 17 23 14 19 19 16 16 19 15 18 20 16 16 13 16 16 19 17 15 18 20 19 19 15 18 17 19 16 16 15 17 17 19 14 20 15 17 19 17 20 21 14 20 16 18 18 19 18 17 15 15 15 15 19 16 18 14 16 19 15 14 15 17 17 13 14 19 16 19 15 18 18 21 22 17 17 15 16 18 19 19 13 20 16
15 21 15 19 20 16 17 17 16 16 16 18 17 15 15 18 19 13 17 19 18 21 19 21 20 20 14 18 16 18 19 18 22 18 15 16 23 16 20 17 17 15 16 21 14 19 14 19 18 15 17 17 17 19 17 18 18 17 19 18 17 17 17 16 17 20 19 16 18 17 15 17 16 18 17 17 14 17 22 18 16 17 17 18 18 19 16 20 17 17 19 20 15 18 18 20 17 18 16 16
19 18 20 17 15 17 17 17 18 17 19 16 14 18 18 15 17 15 17 16 19 17 17 16 18 16 18 16 14 19 15 15 19 20 15 16 17 16 19 18 16 16 17 16 17 15 18 19 18 19 16 19 15 17 15 18 19 18 17 17 16 16 15 21 17 16 17 19 20 15 15 16 16 15 14 17 18 16 18 13 19 16 19 15 17 18 19 20 16 19 20 15 20 18 17 18 18 18 18 19
17 18 18 18 13 20 16 15 21 14 17 18 16 19 15 13 22 16 17 17 18 16 14 15 17 16 14 15 19 15 17 17 19 14 12 17 17 17 17 18 17 18 16 19 14 16 14 18 21 21 17 18 15 15 19 17 17 19 18 13 19 17 19 20 18 15 19 17 19 17 18 18 15 18 17 16 14 15 19 18 15 21 18 14 17 17 16 15 16 17 18 18 17 19 19 18 18 18 19 19
16 17 18 18 20 18 18 15 22 15 17 17 19 18 17 17 15 18 21 17 18 17 17 16 17 20 15 17 13 17 16 17 19 18 15 18 15 17 17 17 18 19 16 14 19 18 18 18 16 17 20 13 18 19 17 14 19 14 18 19 19 18 17 15 23 17 20 15 19 15 16 18 18 13 19 16 14 17 19 18 19 17 19 18 20 18 16 18 20 18 21 17 18 15 19 23 19 17 17 20
18 18 16 17 16 16 17 17 17 17 17 20 18 16 18 16 16 19 19 20 18 18 17 16 13 20 16 16 18 17 18 15 16 19 16 16 15 14 20 19 20 15 17 18 13 17 17 19 22 17 20 18 21 15 18 14 20 14 18 18 19 17 18 18 21 18 19 18 16 17 19 15 18 15 17 13 16 16 19 20 17 15 16 19 18 16 15 19 20 19 14 16 17 20 17 18 20 17 21 17
17 20 15 14 17 14 15 19 19 18 20 19 19 17 16 16 21 18 17 14 17 14 20 17 14 17 19 18 18 17 15 17 21 21 23 21 16 16 16 19 17 17 19 17 17 20 18 18 18 18 17 16 19 17 12 19 16 16 21 16 19 19 15 17 15 17 13 17 13 16 20 15 17 14 22 14 14 21 17 18 20 19 21 16 19 13 17 18 19 14 16 14 20 18 13 21 18 18 16 21
18 23 17 18 20 18 21 18 17 19 17 16 17 18 17 18 18 17 19 18 15 17 18 18 16 17 18 21 17 15 14 18 18 19 13 17 18 15 18 18 18 19 15 17 18 20 16 14 15 15 15 16 17 14 15 15 15 17 16 18 16 17 16 21 19 19 15 19 20 20 18 17 19 17 16 17 20 15 17 19 18 17 16 17 20 20 18 16 14 21 16 20 20 18 17 17 13 17 16 18
19 17 18 17 16 15 17 21 17 16 19 15 17 17 18 18 18 14 20 17 16 20 21 18 19 16 18 21 15 17 22 19 20 19 18 17 17 16 20 18 13 21 17 19 16 16 15 19 15 19 18 17 16 15 17 17 19 18 19 17 18 20 17 15 18 16 18 16 17 18 19 17 16 17 16 17 14 18 15 16 18 21 17 17 17 17 18 18 17 16 19 18 22 15 18 19 17 20 21 20
17 21 20 22 18 16 17 20 13 17 17 17 16 15 20 17 17 17 16 16 19 19 20 19 19 17 14 17 14 17 18 16 14 22 19 14 18 17 17 16 16 19 18 17 17 18 21 17 17 19 17 15 13 18 14 18 22 20 17 18 16 18 17 19 17 17 18 22 21 18 20 16 17 18 18 17 18 18 20 19 19 16 16 19 14 18 15 17 15 18 19 17 16 18 18 18 13 18 19 17
18 16 16 17 16 16 17 17 16 14 19 17 21 16 19 18 15 18 18 19 19 16 16 16 20 16 17 20 17 16 21 19 15 16 16 18 19 17 15 15 17 18 18 19 16 17 14 17 17 16 16 20 15 17 16 15 16 15 14 17 19 19 16 19 20 17 17 16 14 19 20 16 20 15 17 17 19 18 14 18 18 19 15 17 17 17 17 15 16 17 14 16 16 15 22 19 19 18 15 15
18 18 16 15 18 16 20 20 17 17 15 19 14 17 18 16 15 18 20 18 15 16 15 20 18 20 19 20 20 19 16 18 19 17 15 16 16 17 16 13 16 21 18 19 20 15 18 17 17 17 15 15 16 19 14 16 15 17 18 17 16 20 17 18 16 18 16 21 20 16 19 17 17 16 16 18 19 16 20 17 18 13 16 15 17 19 19 15 20 20 17 19 17 18 18 16 18 18 17 17
21 14 16 18 18 18 18 17 23 19 15 18 17 18 15 20 19 20 15 17 17 19 16 19 17 16 16 16 16 14 18 19 17 19 17 18 17 16 17 14 17 18 14 16 17 15 18 16 23 15 15 17 17 14 19 18 18 17 19 17 18 17 17 18 17 17 18 18 14 19 16 16 19 18 20 15 17 16 20 18 19 15 14 18 13 15 16 15 16 15 20 16 18 18 17 14 16 15 20 19
17 20 18 18 17 16 18 20 21 20 16 13 18 18 19 18 17 19 19 18 16 19 17 18 17 19 15 17 14 18 16 18 18 21 18 17 17 19 17 18 17 20 15 16 19 18 18 17 16 16 18 19 18 17 18 18 20 18 18 16 16 14 20 18 19 16 20 16 17 19 14 18 19 17 14 17 16 18 21 19 18 16 17 16 19 15 17 18 15 14 13 13 17 16 17 18 17 20 17 17
16 20 20 17 14 15 18 16 18 18 17 18 18 17 17 16 19 20 16 18 20 19 21 18 21 16 13 17 21 13 18 15 15 18 15 21 16 15 18 19 22 15 18 19 16 19 18 15 17 21 17 16 18 19 17 16 17 18 14 16 18 18 15 15 19 18 15 19 19 17 12 20 17 15 21 18 16 18 17 18 17 14 17 16 18 15 17 18 15 15 16 16 14 17 16 17 17 16 14 18
18 15 20 16 18 15 15 18 17 15 21 15 16 15 15 17 16 19 15 17 19 20 18 15 19 16 22 16 19 16 17 17 17 18 15 16 17 17 18 16 21 14 14 15 19 21 19 14 17 16 19 15 19 18 20 20 15 20 18 20 20 19 18 18 19 19 17 19 20 17 15 18 14 19 22 19 15 17 13 16 18 21 15 18 16 17 18 18 19 18 17 19 19 16 22 17 19 17 20 18
14 18 18 19 20 16 16 18 18 20 23 16 18 19 15 18 16 14 19 15 18 18 15 16 16 15 22 18 18 18 17 19 16 17 17 20 16 14 19 17 18 18 16 17 18 20 16 18 20 19 18 20 16 18 18 20 14 14 16 17 16 18 17 20 19 20 17 16 16 16 17 18 17 18 18 16 17 18 19 17 17 16 16 19 19 21 15 15 17 17 19 18 18 18 16 18 22 15 19 13
17 18 17 20 23 17 17 19 22 19 16 18 19 18 17 16 18 18 18 17 22 17 18 17 17 18 18 18 18 15 18 12 19 17 17 18 14 17 17 17 17 16 18 17 20 19 20 20 16 19 20 18 18 19 17 16 19 16 18 18 16 14 17 16 19 13 15 19 19 17 16 16 19 19 17 19 20 18 15 19 18 16 17 20 18 19 14 18 16 19 19 19 15 18 19 17 18 19 20 14
19 17 18 18 16 19 24 14 18 18 18 17 16 16 16 17 18 16 18 16 18 17 18 18 18 18 18 17 15 19 21 16 17 17 18 18 19 18 17 17 18 16 17 20 17 19 16 20 16 19 19 20 16 17 15 17 20 16 15 12 15 18 20 15 19 16 16 15 17 18 15 16 14 18 13 19 15 17 17 16 16 19 18 16 19 16 19 16 15 17 20 18 17 19 16 19 14 17 18 14
16 17 16 18 18 18 18 18 16 21 17 19 18 21 18 17 14 17 16 19 19 19 18 21 18 18 19 18 19 15 19 16 18 18 15 19 18 18 18 15 16 18 17 19 18 19 19 17 19 14 19 15 16 19 19 14 23 17 15 18 16 17 17 17 17 17 17 19 18 20 15 15 15 15 18 20 19 17 19 15 19 17 16 16 17 16 18 19 16 16 16 20 21 16 19 17 20 21 17 17
15 18 18 18 17 18 21 17 14 20 20 18 16 18 18 15 14 16 16 17 17 17 18 18 18 16 16 13 19 17 17 16 17 15 18 18 16 18 16 16 14 18 17 18 16 17 20 18 16 21 17 17 19 16 16 15 17 14 22 20 16 20 16 17 16 16 17 19 20 21 19 21 13 15 18 17 15 15 15 17 17 18 18 16 20 18 13 19 17 17 18 15 16 16 18 20 16 21 17 21
18 18 18 17 17 17 15 19 18 19 20 17 15 19 20 16 15 21 15 12 17 20 14 18 18 18 17 18 16 15 19 21 19 20 16 19 14 18 19 17 15 20 19 20 19 18 20 18 17 18 18 18 14 17 21 17 15 16 17 19 18 11 16 17 18 15 19 16 19 16 18 20 16 16 18 19 20 14 16 18 21 20 17 14 17 18 15 16 17 17 17 19 17 16 21 18 19 20 23 17
15 20 18 21 15 20 18 17 19 18 18 19 19 15 15 14 16 17 16 18 16 18 17 18 18 14 18 17 16 16 18 15 14 19 18 17 17 17 18 15 21 18 17 17 21 20 18 16 16 17 17 21 17 16 17 16 19 19 17 16 19 17 22 20 19 15 16 16 13 17 18 16 18 20 17 19 19 17 18 19 16 21 13 17 17 19 21 16 16 22 19 17 19 17 22 17 21 18 20 17
19 18 20 18 19 16 18 19 17 20 19 15 17 22 17 20 20 20 17 17 17 19 14 17 17 17 18 16 15 17 14 19 17 21 18 16 20 19 18 19 16 18 18 16 16 19 17 18 18 17 17 20 19 18 17 19 16 16 17 13 15 16 19 13 15 16 22 19 17 17 19 13 17 16 19 16 18 17 14 16 18 15 18 20 17 17 17 17 19 14 18 16 18 18 19 22 15 17 16 16
16 14 20 18 17 18 19 13 17 20 15 16 17 19 15 18 19 14 17 15 21 18 17 19 18 17 17 17 16 21 16 19 19 19 16 15 16 18 19 18 17 20 16 19 18 19 17 17 18 18 17 15 17 16 19 15 20 17 17 19 16 17 17 17 19 16 18 18 16 15 17 19 16 19 16 17 17 16 17 19 18 15 14 14 17 19 19 17 17 16 18 17 16 19 15 14 20 16 14 18
15 14 15 14 18 18 18 17 16 16 17 17 16 19 15 18 18 19 18 16 17 20 18 18 16 16 19 18 15 20 16 15 12 19 17 18 16 16 17 20 18 18 21 18 18 20 17 20 19 15 20 17 18 18 17 19 15 15 19 16 18 16 18 18 20 13 17 14 21 17 14 17 18 18 16 17 16 16 18 20 16 19 15 17 19 17 17 17 19 18 18 17 18 19 18 19 16 17 14 20
18 20 17 17 16 21 18 22 17 18 17 15 12 18 17 17 17 14 19 16 15 21 17 18 16 15 20 19 18 17 17 18 18 17 18 18 18 16 16 20 19 17 20 18 14 16 16 17 14 18 17 20 16 14 19 17 19 15 14 18 16 19 15 15 16 19 20 19 18 18 18 17 17 15 18 15 14 19 20 16 18 16 18 19 18 19 17 19 16 18 18 19 19 19 18 16 13 16 17 18
16 18 18 15 19 20 17 14 16 19 16 20 20 16 18 19 17 19 12 21 18 15 17 16 15 19 19 15 22 17 18 19 18 19 19 18 18 17 18 18 17 16 17 16 16 21 17 17 18 18 20 18 19 16 18 16 19 16 22 19 18 16 19 18 19 16 16 17 18 15 22 16 17 18 16 18 18 20 15 21 16 18 15 19 15 16 18 20 18 18 17 21 17 19 18 21 19 21 17 16
19 17 20 15 18 14 14 18 16 20 18 19 19 17 13 19 18 17 17 20 21 16 19 16 18 17 21 14 17 18 18 18 21 17 18 17 18 12 19 17 19 16 17 22 16 18 16 15 17 15 21 19 19 16 19 20 17 17 16 16 18 14 18 14 15 18 14 19 14 20 17 16 15 16 17 18 22 16 15 22 17 17 15 16 16 16 17 17 14 15 19 17 19 18 16 18 16 17 15 18
19 16 19 19 17 18 15 16 16 21 17 16 18 13 21 15 19 15 14 17 17 16 16 16 18 18 18 17 15 17 14 19 18 18 19 16 16 22 19 15 18 19 15 20 18 17 15 17 18 17 19 16 20 16 15 18 17 17 19 19 14 19 15 20 16 21 18 19 17 18 22 15 18 17 18 17 18 15 17 18 19 17 20 16 18 18 16 17 17 17 16 17 20 18 20 15 16 21 19 20
18 20 14 16 15 18 16 18 16 15 18 18 17 17 17 16 19 16 15 15 18 15 17 15 20 18 18 17 20 17 18 17 18 16 18 16 18 18 15 16 18 17 18 18 18 13 17 18 21 17 19 19 17 16 19 14 18 18 20 18 21 19 18 18 16 21 19 13 15 17 16 18 18 18 21 17 17 14 18 18 16 16 18 16 15 17 20 19 16 15 15 15 15 20 19 15 19 20 17 18
17 22 15 16 19 20 18 18 19 17 15 14 16 17 17 14 18 15 15 17 17 16 18 16 16 18 19 17 20 16 16 20 13 17 15 19 15 20 16 15 14 20 20 16 16 17 18 18 17 15 17 14 18 14 20 17 18 18 18 14 17 16 15 18 19 14 20 16 18 19 20 20 17 15 18 19 19 19 20 20 16 19 16 17 18 18 17 17 16 20 15 13 19 15 20 18 16 15 12 19
19 16 16 19 11 16 18 16 18 20 16 13 21 16 18 17 15 18 17 17 19 17 21 19 18 14 16 17 18 14 19 17 17 15 20 20 17 17 21 17 20 14 16 12 19 16 17 19 18 16 18 20 19 17 18 17 18 17 20 19 17 15 19 16 14 17 14 21 16 19 16 16 17 16 16 16 17 19 16 20 17 19 21 14 16 23 15 20 17 17 16 15 16 22 19 19 17 16 17 17
15 19 17 19 18 18 19 21 18 17 13 21 18 17 19 21 17 17 18 16 15 18 15 17 16 17 20 17 16 17 19 17 22 21 18 18 15 16 16 13 16 16 15 17 16 20 15 16 15 20 17 17 17 18 19 20 17 19 18 20 20 20 14 17 18 13 20 17 19 16 15 18 18 16 19 16 18 16 17 13 15 17 19 15 18 17 16 18 15 22 19 16 13 17 19 17 15 18 17 17
16 16 21 16 20 18 19 18 17 19 16 16 17 19 21 16 15 18 14 17 19 18 18 18 17 17 17 18 19 18 19 17 20 18 19 21 23 19 16 18 20 17 18 19 18 16 12 20 18 20 19 15 16 16 16 17 17 18 17 16 18 20 18 16 19 21 19 16 19 16 16 16 16 24 19 16 17 16 17 14 19 17 14 17 19 17 16 17 18 17 15 17 16 17 20 18 18 18 17 15
19 18 18 21 15 19 17 21 16 17 16 20 16 17 14 19 18 19 15 19 16 19 17 18 16 17 18 17 16 16 18 20 14 19 19 17 16 21 14 19 19 17 16 18 18 15 19 17 17 17 18 17 19 19 18 20 16 19 15 18 19 16 15 15 18 19 21 17 15 17 17 17 18 17 20 20 16 18 15 18 14 19 20 18 15 16 22 17 20 17 14 19 20 18 14 19 18 17 18 16
21 15 16 18 16 16 16 14 16 15 17 18 17 17 16 18 15 19 18 17 16 16 20 17 16 16 20 19 15 16 14 17 21 20 17 20 16 19 18 16 16 16 14 19 18 16 16 17 16 19 18 15 18 18 18 22 17 18 19 17 20 20 14 16 15 15 16 13 21 20 17 19 19 17 17 19 12 17 18 18 19 16 17 16 17 18 16 14 16 17 20 17 16 20 18 16 16 19 18 17
13 21 18 14 16 17 16 19 14 19 18 17 20 18 17 19 18 17 19 16 16 16 18 17 19 17 16 20 14 19 23 20 19 16 18 19 21 17 16 15 14 18 15 19 17 17 15 19 17 20 19 23 18 17 19 17 12 15 14 15 17 17 17 16 20 17 16 21 16 19 15 18 13 18 18 16 18 24 17 18 15 17 16 15 17 19 15 19 16 19 18 19 17 19 19 16 19 17 13 15
19 16 16 20 17 14 17 13 20 18 17 17 15 17 17 17 15 17 21 19 17 21 18 16 18 16 16 16 16 14 19 17 19 14 17 19 15 18 17 15 17 18 19 18 18 15 19 16 19 15 16 18 18 17 16 18 15 16 16 20 15 17 16 17 18 19 19 18 19 17 21 17 18 18 17 17 16 15 19 18 16 17 16 17 20 18 15 17 15 20 19 18 14 15 19 18 18 20 18 18
16 16 14 19 18 14 18 16 17 19 19 15 16 19 16 17 17 17 19 15 20 21 16 16 14 15 17 20 15 15 17 15 16 17 15 17 19 18 19 17 17 23 15 20 21 14 18 18 21 18 15 17 17 14 14 13 20 18 20 18 19 18 17 20 17 14 17 19 17 16 18 20 16 15 16 17 20 16 19 20 19 16 17 18 17 17 18 18 14 17 16 17 16 13 17 21 17 20 15 18
17 16 18 15 17 18 18 19 18 19 17 19 19 12 13 17 19 18 17 18 16 15 15 17 19 15 19 18 16 18 18 20 20 20 16 17 19 16 13 14 18 18 20 17 18 18 18 19 16 14 16 15 17 17 18 15 17 19 19 19 16 17 16 22 20 17 13 17 18 17 19 23 18 19 19 17 16 14 18 16 18 19 14 18 20 17 17 17 18 17 16 14 16 14 19 17 20 17 17 17
20 14 15 19 17 16 16 17 19 14 17 16 16 17 20 16 15 15 13 15 19 18 19 16 18 17 14 17 17 20 16 18 17 15 14 17 17 16 17 18 18 20 17 16 18 16 14 17 19 15 21 16 16 17 15 17 18 15 18 20 17 19 17 19 16 18 20 17 16 19 19 17 17 20 17 18 15 19 17 19 16 15 15 18 17 14 20 13 19 16 17 19 19 15 16 18 18 18 17 16
16 20 19 19 18 19 18 14 19 19 16 15 18 16 19 13 18 15 13 17 20 19 15 21 16 13 19 17 17 18 15 15 18 20 18 16 20 17 14 18 17 17 15 16 17 20 15 17 17 17 21 18 17 17 17 19 17 16 15 15 16 18 17 14 17 18 17 15 16 18 17 16 18 15 14 19 16 18 16 16 15 19 15 21 15 17 19 16 16 19 18 14 14 22 20 15 16 17 18 18
16 20 19 15 17 17 20 16 17 17 15 19 18 18 17 19 14 14 17 16 19 17 17 16 20 17 21 15 18 19 19 17 19 18 19 18 17 13 16 21 19 15 18 21 18 16 15 19 17 17 15 20 16 15 16 16 20 18 17 15 17 19 17 20 17 17 19 16 15 17 17 17 15 18 16 17 18 14 16 19 16 20 16 13 21 20 17 20 18 17 16 16 17 19 17 22 18 17 17 18
18 18 16 16 16 21 17 18 16 14 16 17 19 17 16 19 17 17 16 17 19 15 16 18 17 17 20 18 18 18 19 15 19 18 17 16 18 17 18 15 14 17 16 18 19 14 16 18 17 18 18 19 18 16 19 19 17 20 17 21 19 19 17 16 18 17 20 20 16 15 16 18 17 16 18 14 14 17 19 18 19 18 18 18 18 18 15 15 21 19 18 15 18 15 15 21 20 16 19 18
17 16 17 16 19 17 13 14 18 17 19 15 16 20 15 15 15 16 19 16 16 16 19 18 21 18 18 17 20 16 16 19 18 20 18 21 16 14 17 20 14 19 17 15 16 15 15 17 18 17 15 17 17 20 15 20 18 16 13 19 19 19 15 17 18 17 17 17 16 19 20 16 17 17 17 18 18 16 21 21 17 16 18 14 20 15 18 19 15 19 18 18 14 12 15 19 17 16 17 13
16 16 20 15 16 16 18 19 15 15 18 19 18 16 19 21 16 19 19 18 17 16 13 19 15 17 17 15 17 16 18 16 17 16 18 13 14 19 18 19 19 20 19 20 17 21 14 22 18 18 20 18 16 16 17 19 16 16 17 16 17 13 16 18 13 17 17 16 16 15 16 19 15 17 18 17 17 13 17 18 17 19 17 17 15 17 19 14 15 16 16 14 15 19 16 15 19 14 19 17
17 19 19 17 19 20 16 21 21 15 14 15 16 17 20 19 17 18 19 17 17 17 16 15 17 14 20 16 21 15 20 18 20 14 17 23 18 19 18 20 19 18 19 19 16 18 19 18 14 17 17 17 20 19 20 20 17 17 18 17 20 16 21 19 15 17 20 21 21 16 15 18 19 17 16 17 22 19 17 18 15 15 17 18 18 21 20 22 18 17 18 21 20 20 20 16 18 16 19 16
19 24 15 18 15 20 20 15 19 24 27 26 16 19 27 30 20 38 34 25 43 41 39 55 29 36 73 44 32 34 47 63 35 29 32 64 59 47 80 64 64 55 47 57 43 73 77 88 58 76 55 51 84 29 97 71 54 54 52 71 66 120 84 62 98 70 101 98 81 50 81 96 141 101 87 139 99 122 139 130 111 88 114 132 159 143 114 139 85 125 116 102 141 111 107 140 134 121 103 114
159 103 219 159 235 146 162 244 267 231 154 232 216 183 252 193 268 221 258 275 233 282 221 257 255 293 255 247 319 265 258 336 340 276 312 332 358 360 332 315 335 303 347 285 374 345 341 397 377 397 339 407 260 343 368 384 406 388 373 329 387 418 398 348 349 398 387 397 385 372 361 343 411 427 430 395 396 409 398 421 406 427 406 428 437 377 435 387 452 396 419 403 428 424 436 408 451 436 444 408
488 488 484 481 491 485 489 487 494 493 494 490 496 496 490 496 492 499 497 495 490 480 498 493 492 497 486 494 496 494 497 495 495 498 497 497 498 496 489 497 493 500 489 498 501 500 500 490 494 495 500 499 496 500 499 494 505 497 495 497 499 498 498 499 503 498 498 498 495 498 496 501 500 499 502 498 499 502 497 499 497 496 501 498 499 499 497 500 499 496 499 496 495 497 499 500 498 497 497 499
414 444 440 429 464 442 459 430 469 460 464 423 446 456 487 448 461 485 477 452 460 475 469 463 479 456 479 464 481 473 480 474 496 490 480 491 489 485 486 494 492 478 494 497 488 494 482 491 499 489 496 493 491 494 494 497 495 499 499 492 498 489 497 497 497 501 498 492 498 497 499 494 504 496 495 494 498 503 495 499 497 500 496 497 493 494 496 501 498 497 493 497 494 498 495 497 498 488 502 494
186 166 157 222 202 188 181 230 186 219 204 236 223 242 241 231 252 254 257 264 268 279 320 283 266 295 313 320 294 318 314 342 327 314 359 316 361 366 356 337 341 342 391 380 319 372 374 380 395 408 391 416 395 439 397 410 416 411 427 428 418 430 457 433 419 429 441 438 441 451 452 440 452 446 427 441 448 429 442 459 462 447 428 441 460 446 459 442 462 461 450 454 458 458 460 458 460 451 455 458
