0.04 0.04 0.04 0.04 0.05 0.04 0.04 0.05 0.05 0.05 0.04 0.04 0.04 0.05 0.05 0.05 0.04 0.04 0.05 0.04 0.05 0.05 0.06 0.04 0.04 0.05 0.04 0.06 0.05 0.04 0.05 0.05 0.05 0.05 0.05 0.05 0.06 0.05 0.05 0.05 0.05 0.05 0.05 0.05 0.06 0.05 0.05 0.05 0.06 0.05 0.06 0.06 0.06 0.05 0.05 0.05 0.04 0.05 0.06 0.07 0.07 0.05 0.06 0.07 0.07 0.06 0.06 0.06 0.06 0.06 0.07 0.06 0.06 0.06 0.06 0.07 0.06 0.08 0.06 0.07 0.06 0.06 0.06 0.06 0.06 0.06 0.07 0.06 0.07 0.06 0.07 0.06 0.07 0.06 0.07 0.07 0.06 0.07 0.05 0.07
0.05 0.05 0.05 0.05 0.05 0.05 0.04 0.05 0.05 0.05 0.04 0.04 0.04 0.05 0.05 0.05 0.04 0.05 0.04 0.05 0.05 0.05 0.05 0.03 0.04 0.04 0.05 0.05 0.05 0.05 0.05 0.05 0.05 0.04 0.05 0.05 0.05 0.05 0.05 0.05 0.05 0.06 0.04 0.05 0.05 0.06 0.05 0.06 0.05 0.05 0.06 0.06 0.05 0.06 0.05 0.05 0.04 0.06 0.06 0.05 0.06 0.07 0.06 0.06 0.06 0.06 0.06 0.05 0.06 0.06 0.05 0.06 0.06 0.07 0.06 0.07 0.06 0.06 0.06 0.06 0.06 0.05 0.07 0.07 0.07 0.07 0.07 0.06 0.07 0.06 0.05 0.06 0.07 0.08 0.08 0.07 0.06 0.07 0.08 0.06
0.04 0.04 0.05 0.04 0.04 0.04 0.05 0.04 0.05 0.04 0.04 0.04 0.05 0.05 0.04 0.04 0.05 0.05 0.04 0.05 0.05 0.05 0.04 0.04 0.05 0.05 0.04 0.05 0.06 0.05 0.05 0.05 0.05 0.05 0.05 0.05 0.05 0.04 0.05 0.05 0.04 0.06 0.05 0.05 0.04 0.04 0.05 0.06 0.05 0.05 0.05 0.05 0.05 0.05 0.06 0.05 0.06 0.05 0.05 0.05 0.06 0.05 0.06 0.06 0.05 0.06 0.06 0.06 0.06 0.06 0.06 0.07 0.06 0.06 0.06 0.06 0.06 0.06 0.06 0.06 0.05 0.06 0.07 0.08 0.06 0.07 0.08 0.06 0.07 0.06 0.07 0.07 0.07 0.06 0.06 0.07 0.06 0.08 0.07 0.08
0.04 0.04 0.04 0.05 0.04 0.04 0.04 0.04 0.05 0.04 0.04 0.04 0.04 0.04 0.05 0.04 0.05 0.05 0.05 0.05 0.05 0.05 0.05 0.05 0.05 0.05 0.05 0.04 0.05 0.06 0.05 0.05 0.05 0.04 0.05 0.04 0.06 0.05 0.05 0.05 0.04 0.06 0.06 0.05 0.05 0.05 0.04 0.04 0.06 0.05 0.05 0.04 0.06 0.05 0.05 0.05 0.06 0.06 0.06 0.06 0.05 0.05 0.05 0.06 0.06 0.05 0.05 0.05 0.06 0.05 0.05 0.05 0.07 0.06 0.05 0.06 0.06 0.06 0.07 0.07 0.07 0.06 0.06 0.05 0.06 0.06 0.07 0.08 0.06 0.07 0.07 0.06 0.06 0.09 0.07 0.07 0.07 0.06 0.06 0.06
0.04 0.04 0.05 0.04 0.04 0.04 0.03 0.04 0.04 0.05 0.05 0.05 0.06 0.04 0.04 0.04 0.05 0.05 0.05 0.04 0.05 0.05 0.05 0.04 0.05 0.04 0.04 0.05 0.05 0.04 0.05 0.06 0.05 0.05 0.05 0.05 0.05 0.05 0.04 0.05 0.05 0.05 0.06 0.05 0.05 0.07 0.05 0.05 0.05 0.05 0.05 0.06 0.05 0.06 0.05 0.06 0.05 0.06 0.06 0.04 0.06 0.07 0.04 0.04 0.05 0.05 0.05 0.06 0.07 0.07 0.06 0.05 0.05 0.05 0.05 0.05 0.07 0.06 0.07 0.06 0.06 0.06 0.06 0.07 0.06 0.06 0.06 0.07 0.05 0.06 0.06 0.07 0.06 0.07 0.08 0.07 0.08 0.06 0.06 0.06
0.04 0.04 0.05 0.05 0.03 0.05 0.04 0.06 0.04 0.05 0.04 0.05 0.04 0.05 0.04 0.04 0.04 0.05 0.04 0.04 0.04 0.04 0.05 0.05 0.04 0.04 0.05 0.05 0.05 0.05 0.05 0.05 0.05 0.05 0.05 0.06 0.05 0.05 0.05 0.05 0.06 0.05 0.06 0.04 0.06 0.05 0.07 0.05 0.05 0.06 0.05 0.06 0.06 0.06 0.05 0.05 0.05 0.05 0.06 0.06 0.06 0.06 0.05 0.05 0.05 0.05 0.06 0.06 0.06 0.06 0.07 0.05 0.06 0.06 0.07 0.06 0.06 0.06 0.06 0.05 0.05 0.06 0.06 0.07 0.06 0.07 0.06 0.07 0.06 0.07 0.07 0.07 0.08 0.08 0.06 0.06 0.07 0.06 0.06 0.06
0.04 0.03 0.05 0.03 0.05 0.05 0.05 0.05 0.04 0.04 0.06 0.05 0.04 0.05 0.04 0.05 0.05 0.04 0.05 0.04 0.05 0.05 0.05 0.05 0.04 0.05 0.05 0.05 0.05 0.04 0.06 0.05 0.05 0.05 0.05 0.05 0.05 0.05 0.05 0.05 0.06 0.05 0.06 0.06 0.06 0.07 0.05 0.05 0.05 0.06 0.06 0.06 0.05 0.06 0.05 0.05 0.06 0.06 0.06 0.05 0.06 0.06 0.05 0.06 0.06 0.06 0.05 0.06 0.05 0.06 0.05 0.06 0.06 0.06 0.06 0.06 0.05 0.07 0.06 0.06 0.06 0.07 0.07 0.06 0.08 0.06 0.07 0.07 0.07 0.06 0.07 0.07 0.06 0.07 0.06 0.07 0.07 0.08 0.08 0.07
0.05 0.04 0.05 0.04 0.05 0.05 0.05 0.05 0.04 0.04 0.04 0.05 0.04 0.05 0.04 0.04 0.05 0.05 0.05 0.05 0.06 0.04 0.05 0.05 0.04 0.04 0.06 0.05 0.04 0.05 0.05 0.05 0.05 0.05 0.05 0.05 0.05 0.05 0.05 0.05 0.06 0.05 0.05 0.05 0.05 0.06 0.06 0.05 0.05 0.04 0.06 0.05 0.06 0.06 0.06 0.06 0.05 0.05 0.05 0.06 0.06 0.05 0.06 0.05 0.05 0.06 0.06 0.06 0.05 0.06 0.05 0.06 0.06 0.06 0.07 0.05 0.06 0.06 0.06 0.05 0.06 0.07 0.07 0.07 0.06 0.06 0.07 0.07 0.07 0.07 0.05 0.06 0.07 0.06 0.07 0.07 0.06 0.07 0.07 0.06
0.04 0.04 0.05 0.04 0.04 0.05 0.04 0.05 0.04 0.04 0.04 0.05 0.04 0.04 0.04 0.06 0.04 0.05 0.04 0.05 0.04 0.05 0.04 0.04 0.06 0.03 0.04 0.04 0.05 0.05 0.05 0.05 0.05 0.05 0.04 0.05 0.05 0.05 0.04 0.05 0.04 0.04 0.06 0.04 0.04 0.05 0.05 0.05 0.06 0.06 0.05 0.06 0.05 0.06 0.05 0.05 0.05 0.07 0.04 0.06 0.06 0.05 0.06 0.06 0.06 0.06 0.06 0.05 0.05 0.05 0.06 0.06 0.07 0.06 0.07 0.07 0.05 0.06 0.06 0.05 0.06 0.06 0.06 0.06 0.06 0.06 0.06 0.07 0.07 0.06 0.07 0.07 0.07 0.07 0.07 0.07 0.07 0.07 0.07 0.08
0.04 0.04 0.04 0.05 0.04 0.05 0.03 0.04 0.04 0.04 0.05 0.04 0.05 0.05 0.05 0.05 0.05 0.05 0.04 0.04 0.04 0.04 0.05 0.05 0.04 0.04 0.05 0.05 0.04 0.06 0.04 0.04 0.05 0.06 0.05 0.04 0.05 0.04 0.05 0.06 0.05 0.04 0.05 0.05 0.05 0.06 0.05 0.04 0.05 0.05 0.05 0.06 0.06 0.06 0.05 0.06 0.06 0.05 0.06 0.06 0.06 0.06 0.06 0.06 0.05 0.05 0.05 0.07 0.06 0.05 0.05 0.06 0.07 0.06 0.06 0.06 0.06 0.05 0.05 0.06 0.06 0.06 0.06 0.06 0.05 0.06 0.06 0.07 0.06 0.07 0.05 0.07 0.07 0.07 0.08 0.08 0.06 0.07 0.07 0.07
0.04 0.04 0.04 0.05 0.05 0.04 0.04 0.04 0.04 0.04 0.05 0.04 0.04 0.05 0.05 0.04 0.04 0.05 0.04 0.05 0.04 0.05 0.05 0.04 0.04 0.04 0.04 0.05 0.05 0.06 0.04 0.05 0.05 0.05 0.04 0.05 0.04 0.04 0.05 0.04 0.06 0.05 0.05 0.04 0.05 0.05 0.05 0.05 0.05 0.05 0.06 0.05 0.06 0.05 0.06 0.05 0.05 0.05 0.05 0.05 0.07 0.05 0.06 0.06 0.06 0.06 0.06 0.05 0.06 0.05 0.06 0.06 0.06 0.06 0.05 0.05 0.06 0.07 0.06 0.07 0.06 0.05 0.07 0.06 0.06 0.07 0.06 0.07 0.06 0.06 0.05 0.07 0.06 0.06 0.06 0.07 0.07 0.08 0.07 0.07
0.05 0.05 0.04 0.04 0.04 0.04 0.04 0.04 0.05 0.04 0.04 0.05 0.05 0.05 0.04 0.04 0.04 0.05 0.04 0.05 0.04 0.05 0.05 0.05 0.05 0.04 0.05 0.04 0.04 0.05 0.05 0.05 0.06 0.05 0.05 0.06 0.04 0.04 0.05 0.04 0.06 0.04 0.05 0.05 0.06 0.04 0.05 0.05 0.05 0.06 0.05 0.05 0.05 0.06 0.05 0.06 0.06 0.05 0.05 0.05 0.06 0.05 0.07 0.06 0.06 0.05 0.05 0.06 0.06 0.07 0.06 0.07 0.06 0.07 0.06 0.06 0.05 0.06 0.07 0.05 0.06 0.06 0.06 0.06 0.07 0.07 0.06 0.07 0.07 0.04 0.07 0.06 0.06 0.07 0.06 0.06 0.05 0.05 0.06 0.08
0.04 0.05 0.04 0.04 0.05 0.05 0.04 0.04 0.04 0.05 0.04 0.06 0.05 0.05 0.05 0.05 0.03 0.05 0.04 0.05 0.05 0.04 0.05 0.05 0.04 0.05 0.04 0.05 0.05 0.05 0.04 0.04 0.05 0.05 0.05 0.05 0.05 0.06 0.05 0.05 0.05 0.05 0.05 0.05 0.05 0.05 0.05 0.06 0.05 0.05 0.05 0.06 0.06 0.06 0.05 0.05 0.05 0.06 0.05 0.06 0.06 0.07 0.05 0.07 0.06 0.06 0.06 0.06 0.06 0.07 0.06 0.07 0.07 0.06 0.06 0.06 0.06 0.06 0.06 0.07 0.07 0.07 0.06 0.06 0.05 0.07 0.06 0.07 0.07 0.06 0.06 0.06 0.08 0.06 0.08 0.07 0.06 0.06 0.06 0.07
0.04 0.04 0.05 0.05 0.04 0.04 0.05 0.04 0.04 0.04 0.04 0.05 0.05 0.04 0.05 0.05 0.05 0.04 0.05 0.05 0.05 0.06 0.05 0.05 0.05 0.05 0.05 0.04 0.05 0.05 0.05 0.04 0.05 0.05 0.05 0.05 0.04 0.07 0.05 0.05 0.05 0.05 0.05 0.05 0.04 0.05 0.06 0.05 0.06 0.05 0.06 0.05 0.06 0.05 0.07 0.06 0.06 0.06 0.05 0.05 0.05 0.06 0.05 0.05 0.05 0.05 0.07 0.06 0.06 0.06 0.06 0.05 0.06 0.07 0.06 0.07 0.05 0.06 0.07 0.06 0.06 0.05 0.07 0.06 0.07 0.07 0.06 0.06 0.06 0.06 0.07 0.06 0.07 0.08 0.07 0.06 0.07 0.07 0.07 0.05
0.04 0.04 0.05 0.05 0.04 0.06 0.05 0.04 0.05 0.04 0.04 0.05 0.03 0.05 0.04 0.05 0.05 0.04 0.04 0.05 0.04 0.05 0.05 0.05 0.04 0.04 0.05 0.05 0.05 0.04 0.05 0.05 0.06 0.04 0.04 0.05 0.05 0.05 0.05 0.05 0.05 0.05 0.05 0.06 0.05 0.05 0.06 0.05 0.06 0.04 0.05 0.05 0.06 0.04 0.05 0.05 0.06 0.05 0.05 0.06 0.06 0.05 0.06 0.05 0.05 0.06 0.05 0.06 0.06 0.05 0.06 0.05 0.07 0.05 0.07 0.06 0.07 0.07 0.07 0.06 0.07 0.07 0.07 0.05 0.07 0.06 0.06 0.07 0.07 0.08 0.07 0.07 0.06 0.08 0.07 0.08 0.07 0.07 0.07 0.07
0.04 0.04 0.04 0.04 0.05 0.05 0.04 0.04 0.05 0.05 0.05 0.04 0.05 0.05 0.05 0.03 0.04 0.05 0.05 0.05 0.04 0.04 0.05 0.05 0.05 0.05 0.04 0.05 0.05 0.05 0.05 0.05 0.04 0.05 0.05 0.05 0.04 0.05 0.05 0.05 0.05 0.06 0.05 0.04 0.06 0.05 0.04 0.06 0.05 0.06 0.06 0.04 0.07 0.06 0.05 0.05 0.05 0.06 0.05 0.06 0.05 0.07 0.05 0.04 0.06 0.05 0.05 0.06 0.06 0.05 0.06 0.05 0.07 0.06 0.06 0.07 0.05 0.06 0.06 0.06 0.07 0.06 0.06 0.05 0.06 0.06 0.05 0.05 0.06 0.07 0.07 0.07 0.07 0.06 0.07 0.06 0.08 0.07 0.07 0.07
0.04 0.04 0.04 0.06 0.05 0.05 0.04 0.04 0.04 0.04 0.05 0.04 0.04 0.05 0.06 0.05 0.04 0.04 0.04 0.05 0.05 0.05 0.05 0.05 0.05 0.04 0.05 0.05 0.05 0.06 0.05 0.04 0.05 0.05 0.05 0.05 0.05 0.06 0.05 0.05 0.04 0.05 0.04 0.06 0.05 0.05 0.05 0.05 0.05 0.05 0.05 0.06 0.06 0.06 0.05 0.04 0.06 0.06 0.05 0.06 0.06 0.05 0.05 0.05 0.05 0.07 0.06 0.06 0.06 0.06 0.07 0.05 0.07 0.06 0.06 0.06 0.05 0.06 0.06 0.05 0.06 0.07 0.06 0.06 0.06 0.06 0.06 0.04 0.07 0.07 0.04 0.07 0.07 0.07 0.07 0.06 0.08 0.06 0.07 0.08
0.04 0.05 0.05 0.04 0.04 0.05 0.05 0.05 0.04 0.05 0.04 0.05 0.05 0.05 0.05 0.05 0.03 0.06 0.04 0.05 0.05 0.04 0.04 0.05 0.04 0.05 0.05 0.05 0.04 0.05 0.05 0.05 0.06 0.04 0.05 0.06 0.04 0.05 0.05 0.05 0.05 0.05 0.05 0.05 0.06 0.05 0.06 0.05 0.06 0.06 0.05 0.06 0.05 0.05 0.05 0.05 0.06 0.05 0.06 0.05 0.05 0.06 0.06 0.06 0.06 0.06 0.06 0.05 0.06 0.06 0.06 0.06 0.06 0.06 0.06 0.06 0.06 0.06 0.08 0.05 0.06 0.06 0.06 0.06 0.07 0.06 0.07 0.07 0.05 0.07 0.07 0.06 0.07 0.07 0.07 0.08 0.06 0.07 0.06 0.07
0.04 0.05 0.04 0.04 0.04 0.04 0.04 0.04 0.03 0.04 0.04 0.05 0.04 0.06 0.05 0.05 0.06 0.04 0.06 0.05 0.05 0.05 0.05 0.05 0.04 0.04 0.04 0.05 0.06 0.05 0.05 0.04 0.05 0.05 0.05 0.05 0.05 0.04 0.06 0.05 0.04 0.05 0.06 0.05 0.05 0.06 0.05 0.05 0.06 0.05 0.05 0.05 0.06 0.06 0.05 0.05 0.06 0.06 0.04 0.05 0.06 0.05 0.05 0.05 0.06 0.06 0.05 0.06 0.06 0.07 0.05 0.07 0.06 0.06 0.06 0.05 0.06 0.08 0.06 0.06 0.06 0.06 0.06 0.06 0.06 0.05 0.06 0.08 0.07 0.07 0.07 0.06 0.07 0.08 0.08 0.08 0.06 0.08 0.07 0.07
0.05 0.04 0.04 0.04 0.04 0.05 0.05 0.05 0.04 0.05 0.05 0.05 0.05 0.05 0.05 0.05 0.04 0.05 0.05 0.06 0.05 0.05 0.05 0.06 0.04 0.05 0.04 0.04 0.04 0.05 0.05 0.05 0.04 0.05 0.05 0.05 0.05 0.05 0.05 0.04 0.06 0.05 0.06 0.05 0.07 0.06 0.06 0.05 0.05 0.06 0.06 0.06 0.04 0.06 0.06 0.06 0.06 0.06 0.06 0.05 0.05 0.06 0.05 0.05 0.04 0.06 0.06 0.06 0.06 0.06 0.06 0.06 0.06 0.05 0.07 0.06 0.06 0.07 0.05 0.06 0.07 0.08 0.07 0.07 0.06 0.05 0.06 0.07 0.08 0.06 0.06 0.07 0.06 0.08 0.07 0.07 0.06 0.07 0.08 0.07
0.04 0.04 0.04 0.04 0.04 0.04 0.04 0.04 0.04 0.05 0.04 0.04 0.04 0.04 0.04 0.04 0.05 0.04 0.04 0.04 0.04 0.04 0.05 0.04 0.04 0.04 0.05 0.05 0.04 0.05 0.05 0.05 0.06 0.05 0.05 0.05 0.05 0.06 0.06 0.06 0.05 0.05 0.04 0.06 0.05 0.05 0.06 0.06 0.05 0.05 0.06 0.04 0.06 0.05 0.06 0.05 0.05 0.05 0.06 0.07 0.05 0.06 0.05 0.06 0.06 0.06 0.05 0.05 0.06 0.05 0.05 0.06 0.05 0.07 0.05 0.07 0.06 0.05 0.07 0.06 0.06 0.06 0.07 0.07 0.07 0.07 0.07 0.06 0.08 0.06 0.06 0.08 0.07 0.07 0.06 0.06 0.07 0.07 0.06 0.08
0.05 0.04 0.04 0.05 0.05 0.05 0.05 0.04 0.04 0.04 0.04 0.05 0.05 0.05 0.04 0.04 0.04 0.04 0.05 0.05 0.04 0.05 0.05 0.05 0.05 0.05 0.05 0.04 0.05 0.05 0.06 0.05 0.05 0.05 0.04 0.05 0.05 0.05 0.05 0.05 0.05 0.06 0.05 0.05 0.05 0.06 0.05 0.04 0.04 0.05 0.04 0.05 0.06 0.05 0.05 0.05 0.05 0.06 0.06 0.06 0.07 0.05 0.06 0.05 0.06 0.06 0.07 0.07 0.05 0.06 0.07 0.06 0.06 0.07 0.07 0.06 0.07 0.06 0.04 0.07 0.06 0.06 0.06 0.06 0.06 0.07 0.07 0.07 0.07 0.07 0.07 0.08 0.06 0.07 0.08 0.07 0.06 0.07 0.06 0.06
0.05 0.04 0.04 0.04 0.05 0.05 0.05 0.04 0.04 0.05 0.04 0.04 0.04 0.05 0.04 0.04 0.04 0.04 0.05 0.04 0.05 0.04 0.05 0.04 0.04 0.04 0.04 0.05 0.06 0.05 0.05 0.05 0.06 0.05 0.05 0.04 0.05 0.05 0.05 0.05 0.05 0.04 0.05 0.05 0.06 0.05 0.05 0.05 0.06 0.05 0.07 0.06 0.05 0.06 0.05 0.06 0.07 0.06 0.06 0.06 0.06 0.05 0.05 0.06 0.06 0.05 0.06 0.06 0.06 0.07 0.05 0.07 0.05 0.06 0.04 0.08 0.06 0.05 0.07 0.05 0.07 0.06 0.07 0.05 0.06 0.06 0.06 0.07 0.06 0.08 0.06 0.06 0.06 0.06 0.07 0.06 0.07 0.09 0.07 0.07
0.04 0.04 0.04 0.04 0.04 0.04 0.04 0.04 0.04 0.05 0.04 0.04 0.05 0.03 0.05 0.05 0.04 0.05 0.04 0.05 0.04 0.05 0.04 0.05 0.05 0.05 0.05 0.04 0.05 0.04 0.05 0.05 0.04 0.05 0.05 0.04 0.04 0.06 0.05 0.06 0.05 0.05 0.05 0.06 0.05 0.05 0.04 0.06 0.05 0.05 0.05 0.05 0.06 0.04 0.07 0.05 0.05 0.06 0.05 0.06 0.05 0.05 0.04 0.05 0.07 0.06 0.05 0.06 0.05 0.06 0.05 0.06 0.06 0.06 0.06 0.06 0.05 0.05 0.05 0.06 0.07 0.05 0.06 0.05 0.07 0.07 0.06 0.05 0.07 0.07 0.07 0.06 0.08 0.07 0.06 0.06 0.08 0.08 0.07 0.08
0.04 0.04 0.04 0.05 0.05 0.05 0.05 0.05 0.04 0.04 0.04 0.04 0.05 0.04 0.04 0.04 0.04 0.04 0.05 0.04 0.04 0.04 0.05 0.05 0.04 0.06 0.04 0.04 0.05 0.05 0.05 0.04 0.05 0.05 0.04 0.05 0.05 0.04 0.05 0.06 0.05 0.05 0.04 0.05 0.05 0.05 0.05 0.05 0.05 0.06 0.06 0.06 0.05 0.05 0.06 0.06 0.06 0.07 0.07 0.06 0.05 0.05 0.05 0.06 0.05 0.05 0.07 0.06 0.06 0.05 0.06 0.07 0.06 0.06 0.05 0.07 0.05 0.05 0.06 0.05 0.06 0.07 0.05 0.07 0.06 0.06 0.08 0.06 0.06 0.07 0.07 0.07 0.07 0.06 0.06 0.07 0.07 0.09 0.05 0.07
0.05 0.04 0.04 0.04 0.05 0.05 0.05 0.04 0.04 0.05 0.04 0.04 0.05 0.04 0.04 0.04 0.04 0.05 0.05 0.05 0.04 0.04 0.04 0.04 0.05 0.04 0.04 0.06 0.04 0.04 0.04 0.05 0.04 0.05 0.05 0.05 0.05 0.04 0.06 0.05 0.05 0.06 0.05 0.05 0.05 0.05 0.06 0.05 0.06 0.06 0.05 0.05 0.06 0.05 0.05 0.05 0.06 0.05 0.06 0.06 0.05 0.06 0.06 0.04 0.06 0.05 0.06 0.06 0.06 0.06 0.05 0.06 0.06 0.06 0.06 0.07 0.06 0.06 0.06 0.07 0.06 0.07 0.07 0.07 0.05 0.07 0.07 0.07 0.07 0.07 0.09 0.06 0.07 0.06 0.08 0.06 0.08 0.06 0.05 0.07
0.04 0.05 0.04 0.04 0.05 0.04 0.04 0.05 0.04 0.04 0.05 0.05 0.05 0.05 0.04 0.05 0.04 0.05 0.05 0.04 0.05 0.04 0.04 0.05 0.05 0.05 0.05 0.06 0.04 0.04 0.05 0.06 0.06 0.04 0.05 0.05 0.05 0.06 0.04 0.06 0.04 0.04 0.05 0.07 0.05 0.04 0.05 0.06 0.05 0.06 0.05 0.04 0.05 0.05 0.05 0.06 0.06 0.06 0.06 0.06 0.06 0.05 0.05 0.05 0.05 0.06 0.05 0.06 0.07 0.06 0.06 0.06 0.06 0.06 0.07 0.05 0.06 0.07 0.06 0.06 0.06 0.07 0.07 0.06 0.06 0.05 0.06 0.06 0.07 0.07 0.07 0.06 0.08 0.08 0.06 0.06 0.06 0.07 0.06 0.07
0.03 0.04 0.04 0.04 0.05 0.04 0.04 0.05 0.04 0.04 0.04 0.05 0.04 0.06 0.05 0.04 0.04 0.04 0.05 0.05 0.05 0.04 0.04 0.04 0.05 0.05 0.04 0.06 0.05 0.05 0.04 0.05 0.05 0.04 0.06 0.05 0.06 0.05 0.05 0.05 0.05 0.05 0.06 0.05 0.05 0.05 0.05 0.06 0.05 0.05 0.05 0.06 0.06 0.05 0.06 0.05 0.04 0.05 0.05 0.05 0.05 0.05 0.05 0.05 0.05 0.06 0.06 0.05 0.06 0.06 0.05 0.07 0.05 0.06 0.06 0.06 0.07 0.06 0.08 0.06 0.06 0.06 0.06 0.07 0.06 0.07 0.06 0.07 0.06 0.07 0.07 0.07 0.07 0.06 0.07 0.07 0.07 0.06 0.07 0.06
0.04 0.05 0.04 0.04 0.04 0.04 0.04 0.04 0.04 0.05 0.04 0.05 0.04 0.04 0.05 0.04 0.04 0.05 0.04 0.06 0.05 0.04 0.05 0.05 0.05 0.05 0.05 0.04 0.05 0.05 0.04 0.04 0.05 0.05 0.05 0.05 0.05 0.05 0.05 0.05 0.05 0.05 0.05 0.06 0.05 0.05 0.05 0.04 0.05 0.05 0.05 0.06 0.07 0.05 0.05 0.06 0.05 0.06 0.06 0.04 0.05 0.05 0.06 0.06 0.06 0.06 0.06 0.06 0.06 0.05 0.07 0.05 0.07 0.06 0.07 0.07 0.06 0.06 0.06 0.06 0.06 0.07 0.07 0.07 0.07 0.06 0.06 0.06 0.05 0.06 0.06 0.07 0.07 0.06 0.06 0.06 0.07 0.07 0.08 0.09
0.04 0.04 0.05 0.03 0.04 0.04 0.05 0.05 0.04 0.03 0.04 0.04 0.04 0.05 0.05 0.04 0.04 0.05 0.04 0.06 0.05 0.04 0.04 0.05 0.04 0.05 0.05 0.05 0.05 0.05 0.04 0.05 0.05 0.05 0.05 0.05 0.05 0.05 0.05 0.06 0.04 0.05 0.06 0.06 0.05 0.06 0.05 0.05 0.06 0.05 0.05 0.04 0.05 0.05 0.06 0.06 0.06 0.05 0.05 0.05 0.05 0.05 0.06 0.06 0.05 0.06 0.06 0.06 0.05 0.07 0.05 0.05 0.06 0.07 0.07 0.07 0.05 0.06 0.06 0.07 0.06 0.07 0.07 0.07 0.07 0.06 0.06 0.06 0.07 0.08 0.06 0.06 0.06 0.07 0.06 0.05 0.07 0.07 0.06 0.06
0.04 0.05 0.05 0.05 0.04 0.05 0.05 0.05 0.05 0.06 0.05 0.05 0.04 0.04 0.05 0.05 0.05 0.04 0.05 0.05 0.05 0.05 0.05 0.04 0.04 0.05 0.05 0.05 0.05 0.05 0.04 0.05 0.05 0.06 0.05 0.05 0.04 0.04 0.06 0.04 0.05 0.06 0.05 0.06 0.05 0.05 0.06 0.05 0.06 0.05 0.06 0.05 0.05 0.06 0.06 0.05 0.05 0.05 0.06 0.06 0.07 0.05 0.06 0.05 0.05 0.05 0.06 0.04 0.06 0.06 0.05 0.07 0.06 0.05 0.07 0.06 0.05 0.07 0.06 0.06 0.07 0.07 0.06 0.06 0.06 0.08 0.07 0.06 0.06 0.06 0.07 0.06 0.07 0.06 0.07 0.07 0.06 0.06 0.07 0.07
0.04 0.04 0.04 0.04 0.03 0.04 0.05 0.05 0.04 0.04 0.05 0.04 0.05 0.04 0.06 0.05 0.04 0.04 0.05 0.05 0.04 0.05 0.04 0.06 0.05 0.05 0.04 0.05 0.05 0.05 0.05 0.05 0.05 0.05 0.05 0.05 0.05 0.04 0.05 0.05 0.05 0.05 0.06 0.05 0.04 0.06 0.06 0.06 0.05 0.04 0.05 0.05 0.06 0.05 0.04 0.05 0.05 0.07 0.05 0.05 0.05 0.06 0.04 0.06 0.06 0.05 0.06 0.06 0.07 0.06 0.05 0.07 0.06 0.06 0.07 0.06 0.06 0.06 0.06 0.07 0.05 0.07 0.06 0.06 0.08 0.06 0.08 0.08 0.07 0.06 0.07 0.06 0.08 0.07 0.06 0.07 0.07 0.07 0.07 0.07
0.04 0.04 0.04 0.04 0.04 0.04 0.05 0.04 0.04 0.04 0.05 0.05 0.05 0.04 0.04 0.05 0.04 0.04 0.04 0.06 0.05 0.06 0.04 0.05 0.04 0.05 0.05 0.06 0.05 0.05 0.05 0.06 0.05 0.05 0.05 0.04 0.04 0.04 0.05 0.05 0.04 0.04 0.05 0.05 0.05 0.05 0.05 0.05 0.05 0.06 0.05 0.06 0.05 0.04 0.05 0.05 0.05 0.06 0.05 0.06 0.06 0.06 0.06 0.06 0.06 0.06 0.06 0.06 0.07 0.06 0.06 0.05 0.06 0.04 0.07 0.07 0.05 0.05 0.06 0.07 0.07 0.06 0.06 0.07 0.06 0.07 0.06 0.06 0.07 0.06 0.06 0.07 0.07 0.07 0.07 0.07 0.06 0.07 0.06 0.08
0.04 0.04 0.04 0.04 0.04 0.04 0.04 0.05 0.06 0.05 0.05 0.05 0.04 0.04 0.04 0.04 0.05 0.05 0.04 0.04 0.05 0.04 0.05 0.05 0.05 0.05 0.05 0.04 0.05 0.05 0.05 0.05 0.04 0.05 0.05 0.05 0.05 0.05 0.05 0.05 0.05 0.05 0.05 0.06 0.05 0.05 0.05 0.05 0.06 0.06 0.06 0.05 0.05 0.04 0.06 0.05 0.06 0.05 0.05 0.05 0.06 0.05 0.04 0.06 0.06 0.06 0.06 0.05 0.05 0.05 0.05 0.06 0.06 0.06 0.06 0.06 0.07 0.07 0.07 0.07 0.06 0.07 0.05 0.06 0.06 0.06 0.07 0.06 0.07 0.06 0.07 0.06 0.06 0.06 0.08 0.05 0.07 0.07 0.07 0.06
0.04 0.04 0.05 0.05 0.04 0.05 0.04 0.04 0.04 0.05 0.05 0.04 0.04 0.04 0.04 0.05 0.05 0.04 0.04 0.04 0.05 0.05 0.04 0.05 0.05 0.05 0.05 0.05 0.05 0.05 0.05 0.05 0.04 0.05 0.05 0.05 0.05 0.05 0.05 0.06 0.05 0.05 0.05 0.05 0.04 0.05 0.05 0.05 0.05 0.04 0.07 0.05 0.06 0.05 0.05 0.05 0.05 0.05 0.06 0.06 0.05 0.05 0.07 0.05 0.06 0.06 0.06 0.07 0.06 0.06 0.06 0.07 0.08 0.05 0.07 0.04 0.06 0.06 0.06 0.05 0.07 0.06 0.06 0.06 0.07 0.07 0.07 0.06 0.05 0.06 0.07 0.07 0.07 0.07 0.07 0.07 0.06 0.07 0.06 0.07
0.05 0.04 0.05 0.04 0.04 0.04 0.05 0.04 0.04 0.06 0.05 0.05 0.04 0.05 0.04 0.05 0.04 0.04 0.04 0.05 0.05 0.04 0.04 0.05 0.05 0.04 0.05 0.05 0.05 0.04 0.04 0.06 0.04 0.04 0.05 0.06 0.05 0.04 0.05 0.04 0.05 0.05 0.05 0.06 0.05 0.05 0.05 0.05 0.04 0.06 0.06 0.05 0.05 0.05 0.05 0.05 0.06 0.04 0.05 0.06 0.05 0.05 0.05 0.06 0.06 0.05 0.05 0.06 0.05 0.06 0.07 0.06 0.05 0.06 0.05 0.05 0.06 0.06 0.07 0.06 0.06 0.07 0.06 0.08 0.07 0.06 0.06 0.07 0.06 0.07 0.06 0.08 0.06 0.07 0.06 0.09 0.07 0.07 0.06 0.07
0.04 0.04 0.04 0.05 0.05 0.04 0.04 0.04 0.05 0.05 0.05 0.05 0.05 0.05 0.04 0.05 0.05 0.05 0.05 0.05 0.05 0.05 0.04 0.04 0.05 0.05 0.04 0.05 0.04 0.05 0.04 0.05 0.06 0.05 0.05 0.05 0.05 0.05 0.04 0.04 0.05 0.05 0.05 0.04 0.05 0.06 0.05 0.06 0.05 0.06 0.06 0.05 0.06 0.05 0.06 0.05 0.06 0.05 0.05 0.06 0.05 0.06 0.05 0.06 0.05 0.06 0.06 0.07 0.06 0.05 0.06 0.06 0.05 0.07 0.06 0.05 0.06 0.05 0.07 0.08 0.05 0.06 0.06 0.06 0.06 0.07 0.07 0.08 0.06 0.08 0.08 0.07 0.06 0.07 0.06 0.06 0.07 0.08 0.07 0.07
0.04 0.04 0.04 0.04 0.04 0.04 0.04 0.04 0.04 0.04 0.04 0.04 0.05 0.05 0.04 0.05 0.04 0.05 0.04 0.04 0.04 0.06 0.04 0.05 0.04 0.04 0.05 0.06 0.05 0.06 0.05 0.05 0.06 0.05 0.06 0.04 0.06 0.04 0.06 0.05 0.06 0.05 0.06 0.05 0.05 0.06 0.05 0.04 0.05 0.05 0.05 0.05 0.05 0.05 0.06 0.06 0.06 0.05 0.05 0.06 0.05 0.05 0.06 0.05 0.06 0.05 0.05 0.06 0.06 0.05 0.06 0.07 0.06 0.06 0.07 0.07 0.06 0.07 0.07 0.06 0.08 0.07 0.05 0.06 0.06 0.08 0.07 0.04 0.06 0.06 0.08 0.06 0.07 0.06 0.07 0.07 0.06 0.07 0.08 0.07
0.04 0.05 0.05 0.05 0.04 0.04 0.05 0.04 0.04 0.05 0.04 0.04 0.06 0.05 0.04 0.05 0.05 0.05 0.05 0.04 0.05 0.06 0.05 0.05 0.05 0.05 0.05 0.05 0.06 0.04 0.05 0.06 0.05 0.05 0.05 0.06 0.04 0.05 0.05 0.05 0.04 0.06 0.05 0.06 0.06 0.06 0.06 0.05 0.06 0.05 0.05 0.05 0.06 0.05 0.06 0.05 0.06 0.06 0.05 0.06 0.07 0.06 0.05 0.05 0.06 0.05 0.05 0.05 0.06 0.07 0.06 0.04 0.07 0.07 0.07 0.07 0.07 0.06 0.07 0.05 0.05 0.07 0.07 0.07 0.06 0.07 0.06 0.07 0.06 0.06 0.06 0.06 0.07 0.07 0.08 0.07 0.06 0.06 0.07 0.06
0.04 0.04 0.05 0.04 0.05 0.04 0.05 0.04 0.04 0.04 0.03 0.05 0.04 0.05 0.05 0.04 0.05 0.04 0.04 0.04 0.04 0.03 0.05 0.05 0.04 0.04 0.05 0.05 0.05 0.04 0.04 0.04 0.05 0.04 0.05 0.05 0.05 0.05 0.05 0.05 0.05 0.05 0.05 0.06 0.04 0.05 0.05 0.05 0.05 0.06 0.05 0.06 0.05 0.05 0.06 0.06 0.06 0.06 0.06 0.06 0.05 0.06 0.06 0.06 0.06 0.06 0.06 0.06 0.06 0.05 0.06 0.06 0.06 0.06 0.05 0.05 0.06 0.06 0.06 0.06 0.06 0.06 0.07 0.06 0.07 0.07 0.07 0.07 0.06 0.07 0.06 0.07 0.05 0.06 0.07 0.07 0.08 0.08 0.07 0.06
0.04 0.05 0.04 0.05 0.04 0.05 0.04 0.05 0.04 0.05 0.04 0.05 0.05 0.04 0.05 0.04 0.04 0.05 0.05 0.04 0.05 0.04 0.05 0.04 0.04 0.05 0.06 0.04 0.05 0.04 0.05 0.05 0.05 0.05 0.06 0.05 0.05 0.05 0.05 0.05 0.04 0.05 0.05 0.05 0.05 0.04 0.06 0.05 0.05 0.05 0.04 0.04 0.05 0.05 0.05 0.05 0.06 0.06 0.05 0.05 0.06 0.05 0.06 0.07 0.06 0.06 0.06 0.06 0.06 0.06 0.06 0.05 0.05 0.06 0.06 0.06 0.06 0.06 0.05 0.06 0.05 0.06 0.07 0.07 0.07 0.05 0.07 0.07 0.06 0.06 0.08 0.07 0.06 0.07 0.05 0.07 0.08 0.07 0.08 0.08
0.05 0.04 0.04 0.04 0.04 0.05 0.05 0.04 0.05 0.04 0.04 0.05 0.04 0.05 0.05 0.04 0.04 0.05 0.06 0.04 0.05 0.06 0.06 0.05 0.05 0.05 0.05 0.05 0.05 0.04 0.05 0.04 0.04 0.05 0.05 0.05 0.04 0.05 0.05 0.04 0.04 0.05 0.05 0.05 0.05 0.05 0.05 0.06 0.05 0.05 0.05 0.05 0.05 0.06 0.05 0.06 0.05 0.06 0.06 0.06 0.06 0.06 0.06 0.06 0.05 0.06 0.06 0.06 0.07 0.06 0.06 0.04 0.06 0.06 0.07 0.07 0.06 0.05 0.06 0.06 0.07 0.06 0.05 0.05 0.06 0.06 0.07 0.06 0.08 0.07 0.06 0.06 0.06 0.07 0.08 0.07 0.07 0.07 0.07 0.06
0.04 0.04 0.04 0.05 0.05 0.04 0.05 0.04 0.04 0.05 0.04 0.05 0.04 0.05 0.04 0.04 0.05 0.05 0.05 0.04 0.05 0.04 0.05 0.05 0.04 0.05 0.04 0.06 0.05 0.06 0.05 0.05 0.06 0.05 0.04 0.04 0.04 0.05 0.05 0.05 0.05 0.05 0.05 0.06 0.04 0.05 0.06 0.05 0.05 0.05 0.07 0.06 0.05 0.06 0.06 0.06 0.04 0.06 0.06 0.06 0.05 0.05 0.05 0.05 0.06 0.06 0.06 0.04 0.06 0.05 0.06 0.06 0.05 0.06 0.06 0.05 0.06 0.08 0.05 0.07 0.07 0.07 0.07 0.06 0.06 0.06 0.07 0.07 0.07 0.07 0.07 0.07 0.07 0.07 0.07 0.07 0.07 0.06 0.07 0.07
0.05 0.04 0.04 0.04 0.04 0.05 0.05 0.04 0.04 0.05 0.04 0.04 0.05 0.04 0.04 0.05 0.04 0.05 0.04 0.05 0.04 0.05 0.04 0.04 0.05 0.04 0.05 0.04 0.04 0.04 0.05 0.04 0.06 0.05 0.05 0.04 0.05 0.05 0.05 0.04 0.05 0.05 0.05 0.05 0.04 0.07 0.05 0.05 0.06 0.05 0.05 0.05 0.06 0.05 0.05 0.06 0.06 0.08 0.06 0.05 0.05 0.05 0.06 0.05 0.06 0.06 0.07 0.06 0.05 0.06 0.06 0.05 0.06 0.05 0.06 0.05 0.06 0.06 0.05 0.08 0.05 0.07 0.05 0.05 0.07 0.06 0.06 0.05 0.07 0.05 0.06 0.07 0.07 0.07 0.08 0.06 0.07 0.08 0.07 0.08
0.04 0.04 0.04 0.04 0.04 0.04 0.04 0.04 0.03 0.05 0.04 0.05 0.05 0.05 0.04 0.05 0.05 0.04 0.05 0.05 0.05 0.04 0.05 0.04 0.04 0.04 0.05 0.05 0.04 0.05 0.06 0.06 0.05 0.05 0.05 0.05 0.05 0.05 0.06 0.04 0.04 0.05 0.05 0.05 0.05 0.06 0.05 0.06 0.06 0.05 0.05 0.06 0.07 0.05 0.05 0.06 0.05 0.06 0.07 0.05 0.04 0.05 0.05 0.05 0.06 0.07 0.05 0.06 0.05 0.06 0.07 0.07 0.06 0.06 0.08 0.07 0.06 0.06 0.06 0.06 0.06 0.06 0.08 0.06 0.05 0.06 0.07 0.07 0.06 0.07 0.06 0.06 0.07 0.07 0.06 0.08 0.06 0.06 0.06 0.07
0.04 0.04 0.05 0.04 0.04 0.04 0.05 0.04 0.04 0.05 0.05 0.04 0.05 0.05 0.04 0.05 0.05 0.05 0.04 0.04 0.04 0.04 0.06 0.05 0.05 0.05 0.05 0.04 0.05 0.05 0.04 0.05 0.05 0.05 0.04 0.05 0.05 0.05 0.05 0.06 0.05 0.05 0.04 0.05 0.05 0.04 0.05 0.05 0.06 0.05 0.06 0.05 0.06 0.06 0.06 0.05 0.07 0.05 0.06 0.06 0.05 0.06 0.05 0.06 0.05 0.06 0.06 0.06 0.06 0.06 0.05 0.07 0.07 0.06 0.07 0.06 0.08 0.06 0.05 0.06 0.05 0.08 0.06 0.06 0.06 0.08 0.07 0.06 0.06 0.07 0.06 0.06 0.07 0.07 0.06 0.07 0.06 0.07 0.06 0.05
0.04 0.04 0.04 0.04 0.04 0.04 0.04 0.04 0.04 0.05 0.04 0.04 0.04 0.05 0.04 0.04 0.05 0.05 0.04 0.05 0.04 0.04 0.04 0.05 0.05 0.06 0.04 0.05 0.04 0.05 0.05 0.05 0.05 0.05 0.04 0.05 0.05 0.05 0.05 0.04 0.05 0.05 0.05 0.06 0.05 0.05 0.05 0.05 0.05 0.05 0.07 0.06 0.05 0.05 0.05 0.06 0.06 0.06 0.06 0.06 0.06 0.07 0.06 0.06 0.07 0.05 0.06 0.07 0.07 0.06 0.05 0.06 0.06 0.06 0.06 0.06 0.06 0.06 0.06 0.06 0.06 0.07 0.07 0.06 0.07 0.06 0.07 0.08 0.06 0.07 0.06 0.07 0.07 0.07 0.07 0.08 0.05 0.08 0.07 0.06
0.04 0.05 0.04 0.04 0.04 0.04 0.05 0.04 0.05 0.05 0.04 0.04 0.05 0.04 0.04 0.05 0.04 0.06 0.05 0.05 0.05 0.05 0.04 0.05 0.05 0.05 0.05 0.05 0.04 0.04 0.05 0.05 0.05 0.06 0.04 0.05 0.05 0.05 0.05 0.05 0.05 0.05 0.06 0.04 0.05 0.04 0.04 0.05 0.04 0.04 0.06 0.04 0.05 0.05 0.06 0.06 0.06 0.05 0.06 0.05 0.06 0.06 0.06 0.05 0.06 0.05 0.05 0.05 0.05 0.06 0.05 0.06 0.05 0.05 0.07 0.06 0.05 0.05 0.07 0.06 0.05 0.05 0.07 0.06 0.07 0.06 0.06 0.07 0.07 0.09 0.06 0.07 0.05 0.06 0.07 0.07 0.08 0.05 0.08 0.06
0.04 0.05 0.04 0.04 0.05 0.04 0.04 0.04 0.04 0.04 0.04 0.05 0.05 0.03 0.05 0.05 0.05 0.04 0.04 0.04 0.05 0.05 0.05 0.06 0.05 0.05 0.04 0.05 0.05 0.05 0.05 0.05 0.06 0.05 0.04 0.04 0.06 0.05 0.06 0.06 0.05 0.05 0.05 0.06 0.05 0.06 0.05 0.05 0.06 0.05 0.05 0.05 0.06 0.06 0.06 0.05 0.05 0.05 0.06 0.05 0.05 0.05 0.06 0.05 0.06 0.07 0.07 0.06 0.06 0.06 0.05 0.06 0.06 0.07 0.05 0.06 0.06 0.06 0.07 0.06 0.07 0.07 0.06 0.07 0.06 0.07 0.06 0.07 0.07 0.07 0.07 0.07 0.06 0.07 0.07 0.08 0.07 0.07 0.06 0.06
0.05 0.04 0.05 0.05 0.04 0.04 0.05 0.05 0.04 0.05 0.04 0.04 0.05 0.05 0.04 0.04 0.05 0.04 0.04 0.04 0.05 0.04 0.04 0.04 0.05 0.04 0.04 0.05 0.04 0.04 0.04 0.04 0.06 0.06 0.05 0.05 0.05 0.05 0.05 0.05 0.05 0.05 0.05 0.05 0.05 0.05 0.05 0.05 0.06 0.05 0.04 0.05 0.05 0.05 0.05 0.06 0.06 0.05 0.05 0.05 0.06 0.05 0.05 0.06 0.05 0.05 0.05 0.06 0.07 0.05 0.05 0.05 0.05 0.06 0.05 0.06 0.06 0.05 0.06 0.05 0.07 0.06 0.07 0.06 0.06 0.06 0.07 0.07 0.06 0.07 0.07 0.06 0.08 0.07 0.07 0.07 0.07 0.07 0.08 0.07
0.05 0.05 0.05 0.04 0.04 0.04 0.04 0.04 0.06 0.04 0.04 0.05 0.04 0.05 0.04 0.04 0.05 0.04 0.05 0.05 0.05 0.04 0.04 0.04 0.04 0.05 0.05 0.05 0.05 0.04 0.05 0.05 0.06 0.04 0.04 0.05 0.04 0.05 0.05 0.05 0.05 0.05 0.05 0.05 0.05 0.05 0.05 0.05 0.07 0.06 0.05 0.06 0.05 0.05 0.06 0.05 0.05 0.06 0.06 0.05 0.06 0.06 0.06 0.07 0.06 0.06 0.06 0.07 0.07 0.06 0.06 0.06 0.06 0.06 0.06 0.06 0.05 0.05 0.07 0.06 0.05 0.07 0.07 0.06 0.06 0.06 0.06 0.05 0.06 0.06 0.07 0.07 0.07 0.07 0.07 0.07 0.07 0.07 0.07 0.07
0.04 0.04 0.04 0.05 0.04 0.05 0.05 0.04 0.05 0.04 0.05 0.04 0.04 0.04 0.04 0.04 0.04 0.04 0.06 0.04 0.04 0.04 0.04 0.05 0.05 0.05 0.04 0.05 0.04 0.04 0.05 0.04 0.05 0.05 0.05 0.05 0.05 0.05 0.04 0.05 0.05 0.06 0.05 0.05 0.06 0.05 0.05 0.05 0.04 0.05 0.06 0.04 0.06 0.06 0.05 0.05 0.06 0.04 0.06 0.06 0.06 0.05 0.05 0.05 0.07 0.06 0.07 0.06 0.07 0.06 0.06 0.06 0.06 0.05 0.07 0.06 0.05 0.06 0.07 0.07 0.07 0.06 0.07 0.07 0.07 0.07 0.06 0.07 0.07 0.07 0.08 0.07 0.07 0.06 0.08 0.09 0.07 0.07 0.07 0.07
0.05 0.04 0.04 0.05 0.04 0.04 0.04 0.04 0.04 0.04 0.04 0.06 0.04 0.05 0.05 0.04 0.04 0.05 0.05 0.05 0.05 0.04 0.04 0.04 0.04 0.05 0.05 0.05 0.04 0.05 0.06 0.04 0.04 0.05 0.04 0.05 0.04 0.03 0.06 0.06 0.06 0.05 0.05 0.05 0.04 0.05 0.06 0.05 0.06 0.05 0.06 0.06 0.07 0.04 0.05 0.05 0.06 0.05 0.06 0.06 0.06 0.06 0.06 0.05 0.07 0.06 0.07 0.06 0.06 0.05 0.06 0.05 0.06 0.06 0.06 0.05 0.06 0.05 0.07 0.07 0.06 0.05 0.05 0.07 0.06 0.06 0.06 0.07 0.07 0.07 0.05 0.06 0.06 0.08 0.06 0.07 0.08 0.07 0.08 0.07
0.05 0.04 0.04 0.04 0.03 0.04 0.04 0.05 0.04 0.05 0.05 0.05 0.05 0.05 0.04 0.04 0.05 0.04 0.05 0.03 0.05 0.05 0.06 0.05 0.04 0.05 0.05 0.04 0.05 0.04 0.05 0.05 0.06 0.05 0.06 0.05 0.05 0.05 0.04 0.05 0.06 0.05 0.05 0.05 0.05 0.06 0.05 0.06 0.05 0.06 0.06 0.05 0.06 0.06 0.04 0.06 0.05 0.05 0.06 0.05 0.07 0.06 0.05 0.06 0.05 0.05 0.05 0.06 0.04 0.05 0.07 0.05 0.05 0.05 0.07 0.05 0.05 0.07 0.06 0.06 0.08 0.06 0.08 0.06 0.07 0.05 0.06 0.07 0.08 0.06 0.06 0.06 0.08 0.07 0.05 0.08 0.07 0.07 0.06 0.08
0.04 0.05 0.04 0.04 0.05 0.05 0.05 0.05 0.05 0.05 0.04 0.05 0.04 0.05 0.04 0.05 0.05 0.05 0.05 0.05 0.04 0.05 0.05 0.05 0.05 0.04 0.05 0.06 0.05 0.04 0.04 0.05 0.05 0.06 0.04 0.04 0.04 0.05 0.05 0.06 0.06 0.06 0.04 0.05 0.05 0.05 0.05 0.04 0.04 0.05 0.06 0.05 0.05 0.04 0.05 0.06 0.05 0.06 0.05 0.06 0.05 0.06 0.05 0.07 0.06 0.06 0.05 0.06 0.07 0.06 0.06 0.06 0.06 0.06 0.06 0.06 0.07 0.06 0.06 0.07 0.06 0.06 0.06 0.06 0.07 0.07 0.07 0.06 0.05 0.08 0.06 0.08 0.08 0.07 0.06 0.07 0.05 0.07 0.06 0.06
0.05 0.04 0.04 0.05 0.04 0.04 0.05 0.05 0.04 0.04 0.05 0.04 0.04 0.04 0.05 0.05 0.05 0.04 0.05 0.05 0.04 0.05 0.06 0.04 0.04 0.04 0.05 0.05 0.05 0.04 0.06 0.05 0.05 0.05 0.05 0.05 0.05 0.04 0.05 0.06 0.04 0.05 0.05 0.05 0.05 0.05 0.04 0.05 0.05 0.05 0.05 0.05 0.05 0.05 0.06 0.05 0.06 0.05 0.06 0.06 0.05 0.07 0.05 0.05 0.06 0.05 0.06 0.06 0.06 0.06 0.06 0.06 0.06 0.06 0.05 0.06 0.05 0.06 0.06 0.06 0.07 0.08 0.06 0.06 0.07 0.06 0.06 0.07 0.06 0.06 0.07 0.07 0.08 0.06 0.07 0.08 0.07 0.08 0.08 0.07
0.05 0.05 0.05 0.05 0.04 0.04 0.05 0.05 0.04 0.04 0.04 0.04 0.04 0.04 0.05 0.04 0.05 0.05 0.04 0.04 0.05 0.05 0.05 0.05 0.04 0.05 0.04 0.05 0.04 0.05 0.06 0.05 0.05 0.06 0.05 0.04 0.05 0.05 0.05 0.05 0.05 0.06 0.05 0.05 0.05 0.06 0.06 0.05 0.04 0.05 0.06 0.05 0.04 0.05 0.05 0.06 0.06 0.06 0.06 0.06 0.05 0.06 0.06 0.06 0.06 0.06 0.05 0.07 0.06 0.06 0.07 0.06 0.06 0.06 0.06 0.07 0.06 0.06 0.07 0.07 0.07 0.06 0.06 0.07 0.06 0.06 0.06 0.06 0.06 0.07 0.07 0.07 0.07 0.07 0.07 0.07 0.05 0.07 0.07 0.06
0.04 0.04 0.04 0.05 0.03 0.04 0.04 0.05 0.04 0.04 0.05 0.04 0.05 0.04 0.05 0.05 0.04 0.05 0.05 0.04 0.05 0.04 0.04 0.05 0.04 0.05 0.05 0.06 0.05 0.05 0.06 0.06 0.05 0.05 0.05 0.05 0.05 0.05 0.05 0.04 0.05 0.05 0.06 0.06 0.06 0.06 0.04 0.06 0.05 0.05 0.05 0.06 0.05 0.05 0.05 0.05 0.05 0.05 0.05 0.06 0.06 0.06 0.06 0.06 0.06 0.06 0.06 0.05 0.05 0.06 0.07 0.06 0.07 0.06 0.06 0.06 0.07 0.07 0.05 0.06 0.07 0.06 0.06 0.06 0.06 0.06 0.06 0.06 0.06 0.06 0.05 0.06 0.07 0.06 0.08 0.08 0.07 0.07 0.06 0.06
0.05 0.05 0.04 0.04 0.04 0.05 0.05 0.05 0.04 0.05 0.04 0.05 0.04 0.04 0.05 0.05 0.04 0.05 0.05 0.05 0.04 0.04 0.04 0.05 0.04 0.05 0.05 0.06 0.05 0.05 0.04 0.04 0.05 0.05 0.04 0.05 0.04 0.05 0.04 0.04 0.05 0.07 0.05 0.06 0.06 0.05 0.05 0.05 0.06 0.05 0.05 0.05 0.06 0.06 0.04 0.05 0.04 0.05 0.06 0.05 0.05 0.06 0.06 0.06 0.05 0.06 0.05 0.06 0.07 0.05 0.07 0.06 0.06 0.06 0.05 0.06 0.06 0.06 0.07 0.06 0.06 0.05 0.06 0.06 0.07 0.07 0.08 0.06 0.07 0.08 0.07 0.07 0.07 0.07 0.08 0.06 0.07 0.07 0.07 0.07
0.05 0.04 0.03 0.04 0.04 0.04 0.04 0.04 0.06 0.05 0.04 0.04 0.05 0.04 0.05 0.05 0.05 0.05 0.04 0.04 0.04 0.05 0.04 0.05 0.04 0.05 0.04 0.04 0.05 0.04 0.05 0.05 0.05 0.05 0.05 0.05 0.05 0.05 0.05 0.04 0.05 0.05 0.04 0.05 0.05 0.05 0.05 0.05 0.06 0.05 0.06 0.06 0.05 0.04 0.06 0.05 0.06 0.05 0.05 0.05 0.06 0.06 0.06 0.06 0.06 0.06 0.06 0.06 0.05 0.06 0.06 0.05 0.06 0.07 0.07 0.05 0.07 0.05 0.07 0.06 0.07 0.06 0.05 0.07 0.04 0.06 0.06 0.05 0.06 0.06 0.08 0.06 0.07 0.07 0.07 0.05 0.06 0.06 0.08 0.07
0.04 0.05 0.05 0.05 0.05 0.04 0.05 0.05 0.05 0.05 0.05 0.04 0.05 0.05 0.04 0.05 0.05 0.05 0.05 0.05 0.04 0.05 0.05 0.05 0.05 0.05 0.05 0.04 0.04 0.05 0.05 0.05 0.05 0.05 0.06 0.05 0.04 0.05 0.05 0.05 0.05 0.07 0.05 0.05 0.06 0.06 0.06 0.05 0.05 0.05 0.05 0.06 0.05 0.05 0.05 0.06 0.06 0.05 0.05 0.05 0.06 0.05 0.07 0.05 0.07 0.05 0.06 0.05 0.06 0.07 0.05 0.06 0.07 0.06 0.06 0.06 0.06 0.07 0.07 0.07 0.06 0.06 0.06 0.06 0.07 0.05 0.06 0.06 0.06 0.06 0.05 0.05 0.07 0.06 0.06 0.07 0.07 0.07 0.06 0.07
0.03 0.05 0.05 0.03 0.04 0.04 0.04 0.05 0.05 0.05 0.04 0.05 0.04 0.04 0.04 0.05 0.04 0.04 0.05 0.05 0.05 0.06 0.06 0.05 0.06 0.04 0.04 0.04 0.06 0.04 0.04 0.05 0.04 0.05 0.05 0.05 0.04 0.05 0.05 0.06 0.06 0.05 0.05 0.06 0.05 0.06 0.05 0.04 0.05 0.05 0.05 0.05 0.05 0.06 0.05 0.05 0.05 0.06 0.05 0.06 0.06 0.06 0.06 0.06 0.06 0.06 0.05 0.07 0.06 0.05 0.04 0.06 0.06 0.05 0.07 0.06 0.07 0.07 0.06 0.06 0.06 0.05 0.06 0.06 0.06 0.05 0.06 0.07 0.06 0.06 0.07 0.06 0.06 0.07 0.07 0.06 0.07 0.06 0.05 0.07
0.04 0.04 0.05 0.04 0.04 0.05 0.04 0.04 0.05 0.04 0.05 0.05 0.04 0.04 0.04 0.04 0.04 0.05 0.04 0.05 0.05 0.05 0.05 0.04 0.05 0.04 0.05 0.04 0.04 0.05 0.04 0.05 0.05 0.04 0.04 0.05 0.05 0.05 0.05 0.04 0.06 0.04 0.04 0.05 0.06 0.06 0.05 0.04 0.05 0.05 0.05 0.06 0.06 0.05 0.06 0.06 0.05 0.06 0.06 0.06 0.06 0.06 0.06 0.06 0.07 0.06 0.06 0.07 0.07 0.06 0.05 0.06 0.05 0.07 0.07 0.06 0.05 0.06 0.05 0.05 0.06 0.08 0.06 0.07 0.06 0.06 0.07 0.07 0.06 0.07 0.07 0.07 0.07 0.06 0.09 0.07 0.07 0.07 0.08 0.07
0.04 0.04 0.04 0.05 0.05 0.05 0.04 0.04 0.04 0.05 0.05 0.04 0.04 0.05 0.04 0.05 0.04 0.04 0.04 0.05 0.05 0.05 0.04 0.05 0.04 0.04 0.06 0.05 0.05 0.05 0.05 0.05 0.05 0.04 0.05 0.06 0.05 0.05 0.05 0.05 0.05 0.05 0.04 0.04 0.05 0.05 0.05 0.05 0.06 0.06 0.05 0.07 0.05 0.05 0.06 0.05 0.05 0.05 0.05 0.05 0.06 0.06 0.06 0.06 0.06 0.06 0.06 0.05 0.06 0.06 0.06 0.06 0.06 0.06 0.06 0.06 0.06 0.07 0.07 0.06 0.06 0.06 0.06 0.07 0.07 0.07 0.06 0.05 0.06 0.07 0.07 0.07 0.07 0.07 0.06 0.07 0.08 0.06 0.07 0.05
0.05 0.05 0.04 0.05 0.05 0.05 0.05 0.05 0.05 0.05 0.05 0.04 0.05 0.04 0.04 0.05 0.05 0.05 0.04 0.04 0.06 0.05 0.05 0.05 0.04 0.05 0.05 0.04 0.04 0.04 0.05 0.04 0.05 0.04 0.05 0.04 0.05 0.05 0.05 0.05 0.04 0.04 0.05 0.05 0.06 0.05 0.06 0.05 0.05 0.05 0.07 0.05 0.06 0.06 0.06 0.05 0.06 0.06 0.06 0.05 0.05 0.05 0.05 0.05 0.06 0.05 0.05 0.06 0.06 0.06 0.06 0.06 0.07 0.07 0.06 0.06 0.06 0.06 0.06 0.07 0.07 0.06 0.05 0.08 0.07 0.07 0.05 0.07 0.06 0.07 0.08 0.07 0.06 0.07 0.07 0.06 0.07 0.08 0.08 0.05
0.05 0.04 0.04 0.05 0.04 0.05 0.06 0.04 0.05 0.04 0.04 0.04 0.04 0.04 0.04 0.05 0.04 0.04 0.04 0.04 0.05 0.05 0.05 0.04 0.05 0.05 0.04 0.05 0.04 0.06 0.05 0.05 0.05 0.05 0.05 0.05 0.05 0.05 0.05 0.05 0.06 0.05 0.06 0.06 0.05 0.05 0.04 0.06 0.05 0.06 0.06 0.06 0.05 0.05 0.06 0.06 0.06 0.05 0.05 0.04 0.04 0.06 0.06 0.04 0.06 0.05 0.05 0.05 0.06 0.06 0.05 0.05 0.05 0.06 0.04 0.07 0.05 0.06 0.06 0.06 0.06 0.06 0.07 0.06 0.08 0.06 0.07 0.06 0.06 0.07 0.08 0.07 0.06 0.07 0.06 0.07 0.06 0.07 0.07 0.06
0.04 0.04 0.04 0.05 0.05 0.04 0.05 0.04 0.04 0.05 0.04 0.05 0.05 0.06 0.05 0.05 0.04 0.04 0.04 0.05 0.05 0.05 0.05 0.06 0.05 0.05 0.04 0.05 0.05 0.04 0.06 0.05 0.06 0.05 0.04 0.06 0.05 0.05 0.05 0.04 0.05 0.05 0.05 0.06 0.05 0.06 0.05 0.05 0.06 0.05 0.05 0.04 0.05 0.05 0.06 0.04 0.07 0.05 0.05 0.06 0.05 0.05 0.06 0.05 0.05 0.06 0.06 0.06 0.06 0.07 0.05 0.04 0.06 0.06 0.06 0.07 0.07 0.06 0.07 0.06 0.06 0.06 0.06 0.06 0.06 0.06 0.07 0.07 0.07 0.06 0.06 0.08 0.08 0.06 0.07 0.07 0.08 0.08 0.07 0.07
0.04 0.04 0.04 0.04 0.04 0.04 0.05 0.04 0.04 0.04 0.05 0.04 0.05 0.05 0.05 0.05 0.04 0.04 0.04 0.05 0.04 0.04 0.05 0.05 0.05 0.04 0.05 0.04 0.05 0.05 0.05 0.05 0.05 0.04 0.05 0.05 0.05 0.05 0.05 0.05 0.05 0.05 0.05 0.05 0.05 0.05 0.06 0.05 0.05 0.06 0.05 0.06 0.06 0.04 0.05 0.05 0.06 0.05 0.07 0.06 0.05 0.06 0.04 0.06 0.05 0.06 0.06 0.07 0.07 0.07 0.07 0.07 0.05 0.05 0.06 0.06 0.06 0.05 0.06 0.06 0.06 0.06 0.07 0.07 0.07 0.07 0.05 0.08 0.06 0.07 0.06 0.06 0.06 0.06 0.07 0.07 0.06 0.08 0.07 0.08
0.05 0.05 0.05 0.04 0.04 0.04 0.04 0.05 0.05 0.04 0.05 0.05 0.04 0.04 0.06 0.04 0.04 0.05 0.04 0.04 0.05 0.05 0.05 0.05 0.05 0.05 0.05 0.04 0.05 0.05 0.05 0.06 0.04 0.06 0.05 0.05 0.04 0.05 0.06 0.05 0.05 0.06 0.05 0.06 0.05 0.05 0.05 0.05 0.06 0.05 0.06 0.06 0.05 0.05 0.06 0.06 0.05 0.05 0.05 0.06 0.06 0.04 0.05 0.06 0.05 0.05 0.07 0.05 0.06 0.05 0.06 0.06 0.06 0.06 0.07 0.06 0.07 0.06 0.06 0.06 0.07 0.07 0.06 0.05 0.07 0.07 0.06 0.06 0.07 0.06 0.06 0.08 0.07 0.07 0.08 0.07 0.07 0.08 0.09 0.07
0.04 0.04 0.05 0.04 0.04 0.05 0.05 0.04 0.05 0.04 0.04 0.04 0.05 0.03 0.04 0.04 0.04 0.05 0.04 0.05 0.05 0.05 0.04 0.04 0.05 0.04 0.05 0.05 0.04 0.04 0.05 0.04 0.04 0.05 0.05 0.05 0.06 0.05 0.05 0.05 0.06 0.06 0.05 0.05 0.06 0.05 0.05 0.06 0.06 0.05 0.05 0.06 0.06 0.05 0.05 0.05 0.05 0.06 0.05 0.05 0.06 0.06 0.07 0.06 0.07 0.06 0.05 0.06 0.05 0.06 0.06 0.06 0.07 0.07 0.06 0.07 0.07 0.06 0.06 0.07 0.06 0.07 0.05 0.06 0.07 0.07 0.08 0.05 0.06 0.08 0.07 0.06 0.07 0.07 0.09 0.06 0.08 0.07 0.08 0.06
0.05 0.04 0.04 0.05 0.04 0.04 0.05 0.04 0.04 0.05 0.05 0.04 0.05 0.05 0.05 0.05 0.05 0.04 0.05 0.05 0.05 0.05 0.04 0.04 0.05 0.05 0.05 0.04 0.04 0.04 0.04 0.05 0.05 0.05 0.05 0.05 0.06 0.05 0.05 0.05 0.05 0.05 0.05 0.05 0.05 0.05 0.05 0.05 0.06 0.05 0.05 0.06 0.07 0.05 0.06 0.06 0.05 0.06 0.06 0.04 0.05 0.05 0.06 0.05 0.05 0.05 0.07 0.06 0.05 0.05 0.07 0.05 0.05 0.05 0.06 0.05 0.06 0.05 0.05 0.06 0.07 0.05 0.07 0.07 0.07 0.07 0.06 0.06 0.07 0.05 0.07 0.06 0.07 0.07 0.08 0.08 0.06 0.07 0.06 0.06
0.04 0.04 0.05 0.04 0.04 0.04 0.05 0.03 0.04 0.05 0.04 0.04 0.04 0.05 0.04 0.05 0.04 0.04 0.05 0.05 0.06 0.04 0.05 0.05 0.05 0.04 0.04 0.05 0.05 0.05 0.04 0.05 0.05 0.05 0.05 0.05 0.05 0.05 0.05 0.06 0.05 0.05 0.05 0.06 0.05 0.06 0.05 0.06 0.06 0.06 0.06 0.04 0.05 0.04 0.06 0.05 0.06 0.05 0.06 0.05 0.05 0.05 0.05 0.05 0.06 0.06 0.07 0.05 0.05 0.05 0.06 0.06 0.06 0.06 0.05 0.06 0.05 0.06 0.07 0.07 0.06 0.06 0.05 0.05 0.06 0.07 0.07 0.06 0.07 0.06 0.07 0.07 0.06 0.07 0.06 0.06 0.08 0.06 0.06 0.07
0.04 0.03 0.04 0.04 0.04 0.05 0.05 0.05 0.04 0.04 0.04 0.05 0.05 0.05 0.04 0.05 0.04 0.05 0.04 0.04 0.04 0.06 0.04 0.05 0.05 0.05 0.05 0.05 0.04 0.05 0.05 0.05 0.04 0.05 0.05 0.05 0.04 0.05 0.05 0.05 0.05 0.05 0.06 0.05 0.05 0.06 0.06 0.05 0.06 0.04 0.06 0.05 0.05 0.06 0.05 0.06 0.04 0.05 0.06 0.05 0.05 0.05 0.06 0.06 0.06 0.04 0.05 0.05 0.06 0.06 0.06 0.06 0.06 0.06 0.05 0.06 0.06 0.05 0.07 0.07 0.06 0.07 0.05 0.07 0.07 0.07 0.07 0.06 0.07 0.07 0.07 0.07 0.07 0.07 0.07 0.08 0.06 0.07 0.06 0.07
0.05 0.04 0.05 0.04 0.04 0.05 0.04 0.05 0.04 0.04 0.04 0.05 0.03 0.05 0.04 0.05 0.04 0.04 0.04 0.04 0.04 0.05 0.05 0.05 0.04 0.05 0.05 0.05 0.05 0.06 0.05 0.04 0.05 0.05 0.05 0.05 0.06 0.05 0.05 0.06 0.05 0.04 0.05 0.06 0.04 0.05 0.05 0.05 0.05 0.05 0.05 0.06 0.05 0.05 0.06 0.05 0.06 0.05 0.05 0.06 0.05 0.06 0.04 0.06 0.06 0.06 0.06 0.07 0.07 0.05 0.06 0.05 0.06 0.05 0.07 0.06 0.06 0.06 0.07 0.06 0.07 0.06 0.07 0.07 0.07 0.07 0.06 0.07 0.07 0.07 0.07 0.07 0.07 0.07 0.07 0.06 0.05 0.06 0.07 0.07
0.04 0.04 0.05 0.04 0.05 0.05 0.05 0.04 0.04 0.05 0.04 0.04 0.04 0.04 0.04 0.04 0.05 0.05 0.04 0.06 0.05 0.04 0.04 0.04 0.04 0.05 0.05 0.05 0.06 0.05 0.05 0.06 0.05 0.04 0.04 0.05 0.05 0.05 0.05 0.05 0.05 0.05 0.05 0.05 0.05 0.06 0.05 0.05 0.05 0.05 0.05 0.05 0.06 0.06 0.05 0.05 0.06 0.05 0.06 0.05 0.06 0.06 0.05 0.06 0.06 0.06 0.05 0.06 0.06 0.05 0.07 0.06 0.05 0.07 0.06 0.06 0.06 0.07 0.06 0.07 0.06 0.07 0.06 0.07 0.06 0.06 0.07 0.08 0.07 0.06 0.06 0.08 0.06 0.07 0.07 0.08 0.08 0.08 0.07 0.06
0.04 0.04 0.05 0.04 0.04 0.04 0.04 0.05 0.04 0.05 0.04 0.04 0.04 0.04 0.04 0.05 0.05 0.05 0.05 0.05 0.05 0.04 0.05 0.05 0.05 0.04 0.05 0.04 0.04 0.05 0.05 0.05 0.05 0.05 0.05 0.05 0.05 0.04 0.05 0.05 0.05 0.06 0.05 0.05 0.05 0.05 0.05 0.05 0.06 0.05 0.07 0.06 0.06 0.05 0.05 0.06 0.05 0.05 0.05 0.05 0.06 0.04 0.06 0.05 0.05 0.06 0.05 0.06 0.05 0.07 0.06 0.06 0.05 0.06 0.06 0.06 0.07 0.06 0.06 0.08 0.06 0.06 0.06 0.06 0.06 0.06 0.06 0.06 0.05 0.06 0.07 0.06 0.07 0.07 0.06 0.07 0.07 0.07 0.06 0.07
0.05 0.04 0.05 0.05 0.05 0.05 0.04 0.04 0.04 0.05 0.05 0.05 0.04 0.04 0.06 0.04 0.04 0.03 0.04 0.05 0.05 0.05 0.04 0.04 0.04 0.05 0.05 0.05 0.05 0.05 0.04 0.04 0.05 0.06 0.05 0.04 0.04 0.06 0.06 0.05 0.05 0.05 0.04 0.06 0.05 0.05 0.05 0.05 0.05 0.05 0.05 0.05 0.06 0.05 0.05 0.06 0.06 0.05 0.06 0.06 0.05 0.06 0.06 0.06 0.06 0.07 0.05 0.06 0.06 0.06 0.07 0.05 0.05 0.06 0.06 0.06 0.06 0.05 0.06 0.06 0.07 0.06 0.07 0.06 0.07 0.07 0.06 0.06 0.06 0.07 0.06 0.06 0.07 0.07 0.08 0.06 0.07 0.08 0.07 0.08
0.05 0.05 0.04 0.04 0.04 0.04 0.04 0.04 0.04 0.05 0.04 0.05 0.05 0.05 0.04 0.04 0.05 0.04 0.04 0.04 0.05 0.04 0.05 0.04 0.06 0.05 0.04 0.04 0.06 0.05 0.05 0.05 0.05 0.05 0.05 0.04 0.05 0.05 0.05 0.05 0.05 0.05 0.05 0.05 0.05 0.05 0.05 0.05 0.05 0.05 0.06 0.05 0.05 0.05 0.06 0.04 0.06 0.05 0.07 0.06 0.07 0.07 0.05 0.05 0.05 0.07 0.06 0.05 0.05 0.06 0.05 0.06 0.06 0.06 0.07 0.06 0.06 0.05 0.06 0.06 0.06 0.06 0.06 0.06 0.06 0.06 0.07 0.06 0.06 0.06 0.06 0.06 0.05 0.08 0.07 0.06 0.07 0.08 0.06 0.07
0.04 0.05 0.04 0.04 0.05 0.04 0.04 0.04 0.05 0.04 0.04 0.04 0.04 0.04 0.04 0.04 0.05 0.04 0.04 0.04 0.04 0.04 0.05 0.05 0.04 0.05 0.05 0.05 0.05 0.04 0.05 0.06 0.04 0.05 0.05 0.06 0.04 0.05 0.04 0.05 0.05 0.06 0.06 0.05 0.05 0.05 0.05 0.05 0.05 0.04 0.05 0.05 0.06 0.05 0.07 0.05 0.06 0.06 0.05 0.05 0.05 0.05 0.05 0.06 0.06 0.06 0.06 0.05 0.06 0.06 0.06 0.06 0.06 0.06 0.06 0.07 0.07 0.07 0.07 0.06 0.06 0.07 0.07 0.06 0.06 0.07 0.06 0.06 0.06 0.07 0.06 0.05 0.07 0.06 0.08 0.08 0.06 0.06 0.05 0.07
0.05 0.04 0.04 0.04 0.04 0.04 0.04 0.04 0.05 0.05 0.04 0.04 0.05 0.04 0.05 0.05 0.04 0.04 0.04 0.04 0.05 0.04 0.06 0.05 0.05 0.04 0.04 0.05 0.05 0.05 0.05 0.05 0.05 0.05 0.05 0.06 0.05 0.04 0.05 0.05 0.05 0.05 0.05 0.04 0.05 0.05 0.05 0.07 0.05 0.05 0.06 0.05 0.06 0.05 0.05 0.06 0.06 0.05 0.06 0.06 0.06 0.05 0.06 0.05 0.05 0.06 0.05 0.07 0.05 0.06 0.06 0.05 0.06 0.05 0.06 0.06 0.06 0.06 0.06 0.07 0.06 0.07 0.08 0.05 0.06 0.09 0.06 0.07 0.07 0.06 0.06 0.06 0.06 0.08 0.07 0.08 0.06 0.06 0.07 0.06
0.04 0.05 0.04 0.05 0.04 0.04 0.05 0.06 0.05 0.04 0.04 0.05 0.05 0.04 0.05 0.05 0.03 0.05 0.05 0.04 0.04 0.05 0.05 0.05 0.04 0.04 0.05 0.05 0.04 0.05 0.05 0.05 0.06 0.05 0.05 0.05 0.04 0.05 0.05 0.04 0.05 0.05 0.04 0.05 0.05 0.06 0.05 0.05 0.05 0.06 0.05 0.05 0.05 0.05 0.06 0.06 0.05 0.06 0.07 0.06 0.06 0.06 0.04 0.05 0.05 0.05 0.06 0.06 0.07 0.05 0.05 0.06 0.06 0.05 0.06 0.05 0.06 0.06 0.05 0.05 0.05 0.06 0.07 0.05 0.07 0.07 0.06 0.07 0.06 0.08 0.07 0.06 0.05 0.07 0.07 0.07 0.06 0.06 0.06 0.06
0.04 0.04 0.06 0.04 0.05 0.05 0.05 0.04 0.05 0.05 0.04 0.04 0.04 0.05 0.06 0.04 0.05 0.04 0.04 0.05 0.05 0.04 0.05 0.05 0.05 0.04 0.05 0.04 0.05 0.04 0.05 0.05 0.05 0.05 0.05 0.05 0.06 0.05 0.05 0.05 0.05 0.05 0.05 0.05 0.05 0.05 0.04 0.05 0.05 0.07 0.06 0.05 0.06 0.05 0.05 0.05 0.05 0.06 0.06 0.06 0.05 0.06 0.06 0.06 0.06 0.06 0.06 0.05 0.07 0.06 0.06 0.05 0.05 0.08 0.06 0.06 0.06 0.06 0.06 0.06 0.07 0.06 0.06 0.07 0.07 0.06 0.06 0.06 0.07 0.07 0.05 0.07 0.06 0.07 0.08 0.07 0.07 0.07 0.07 0.06
0.04 0.04 0.05 0.04 0.04 0.05 0.04 0.05 0.04 0.04 0.05 0.05 0.04 0.05 0.04 0.05 0.05 0.05 0.05 0.05 0.04 0.05 0.05 0.05 0.05 0.05 0.05 0.05 0.05 0.04 0.05 0.07 0.05 0.05 0.05 0.04 0.04 0.06 0.04 0.05 0.06 0.06 0.05 0.05 0.05 0.04 0.05 0.06 0.05 0.05 0.05 0.06 0.06 0.05 0.05 0.06 0.05 0.06 0.05 0.06 0.06 0.05 0.05 0.05 0.05 0.06 0.07 0.06 0.05 0.06 0.06 0.06 0.06 0.06 0.06 0.07 0.06 0.06 0.05 0.07 0.06 0.07 0.07 0.07 0.06 0.06 0.08 0.07 0.07 0.06 0.06 0.07 0.08 0.07 0.05 0.07 0.07 0.07 0.07 0.06
0.05 0.04 0.04 0.04 0.04 0.03 0.05 0.04 0.05 0.04 0.05 0.04 0.04 0.04 0.04 0.05 0.04 0.05 0.06 0.05 0.04 0.04 0.05 0.04 0.04 0.04 0.06 0.05 0.05 0.05 0.05 0.05 0.06 0.06 0.05 0.06 0.05 0.05 0.05 0.04 0.04 0.05 0.04 0.05 0.05 0.06 0.05 0.05 0.05 0.05 0.05 0.05 0.05 0.05 0.06 0.07 0.05 0.05 0.06 0.05 0.07 0.05 0.04 0.06 0.05 0.05 0.05 0.05 0.07 0.06 0.06 0.07 0.07 0.05 0.07 0.06 0.05 0.06 0.06 0.07 0.07 0.06 0.06 0.06 0.06 0.07 0.06 0.06 0.06 0.06 0.07 0.06 0.07 0.08 0.07 0.06 0.07 0.07 0.07 0.07
0.04 0.05 0.04 0.04 0.03 0.04 0.04 0.04 0.04 0.04 0.05 0.05 0.05 0.04 0.04 0.05 0.04 0.05 0.05 0.05 0.05 0.04 0.05 0.04 0.06 0.04 0.04 0.06 0.04 0.05 0.06 0.05 0.05 0.04 0.05 0.05 0.06 0.05 0.04 0.04 0.05 0.05 0.04 0.06 0.05 0.05 0.05 0.05 0.05 0.06 0.05 0.07 0.06 0.05 0.06 0.06 0.04 0.04 0.05 0.05 0.05 0.05 0.05 0.06 0.06 0.06 0.05 0.07 0.06 0.06 0.05 0.06 0.04 0.06 0.05 0.06 0.06 0.08 0.07 0.07 0.06 0.06 0.06 0.05 0.06 0.08 0.06 0.07 0.06 0.07 0.07 0.07 0.06 0.08 0.07 0.06 0.08 0.07 0.05 0.06
0.04 0.03 0.04 0.05 0.05 0.04 0.04 0.04 0.05 0.04 0.05 0.04 0.04 0.04 0.05 0.05 0.04 0.04 0.06 0.05 0.05 0.06 0.05 0.04 0.05 0.04 0.04 0.04 0.05 0.05 0.05 0.05 0.07 0.04 0.04 0.05 0.06 0.06 0.05 0.04 0.05 0.05 0.06 0.05 0.05 0.05 0.05 0.05 0.06 0.05 0.05 0.05 0.05 0.05 0.05 0.06 0.05 0.05 0.06 0.06 0.05 0.05 0.05 0.06 0.06 0.06 0.06 0.06 0.06 0.06 0.06 0.06 0.06 0.06 0.06 0.06 0.06 0.05 0.07 0.06 0.06 0.06 0.06 0.06 0.08 0.07 0.06 0.06 0.06 0.07 0.07 0.07 0.05 0.06 0.08 0.07 0.07 0.07 0.07 0.07
0.04 0.04 0.04 0.04 0.05 0.04 0.05 0.05 0.04 0.05 0.04 0.04 0.04 0.05 0.04 0.05 0.04 0.05 0.05 0.04 0.05 0.05 0.05 0.04 0.04 0.04 0.05 0.05 0.05 0.04 0.04 0.04 0.05 0.05 0.05 0.06 0.05 0.05 0.06 0.06 0.05 0.06 0.05 0.06 0.05 0.05 0.06 0.06 0.06 0.06 0.05 0.05 0.05 0.05 0.04 0.04 0.07 0.06 0.07 0.06 0.05 0.06 0.05 0.07 0.06 0.05 0.05 0.06 0.05 0.06 0.06 0.06 0.06 0.05 0.06 0.06 0.07 0.06 0.06 0.07 0.07 0.06 0.06 0.06 0.06 0.06 0.07 0.07 0.05 0.06 0.06 0.07 0.06 0.05 0.07 0.08 0.07 0.08 0.06 0.07
0.04 0.04 0.04 0.05 0.04 0.04 0.05 0.05 0.04 0.06 0.04 0.04 0.05 0.03 0.04 0.04 0.05 0.05 0.04 0.05 0.04 0.04 0.04 0.05 0.05 0.04 0.05 0.05 0.04 0.05 0.04 0.06 0.06 0.05 0.04 0.05 0.05 0.05 0.04 0.05 0.06 0.06 0.05 0.05 0.05 0.05 0.05 0.06 0.05 0.04 0.05 0.04 0.05 0.05 0.05 0.05 0.05 0.06 0.06 0.06 0.05 0.05 0.05 0.07 0.06 0.05 0.05 0.06 0.06 0.06 0.06 0.08 0.06 0.06 0.07 0.06 0.05 0.05 0.06 0.06 0.07 0.06 0.06 0.07 0.07 0.06 0.06 0.06 0.07 0.06 0.06 0.06 0.06 0.06 0.07 0.07 0.08 0.06 0.07 0.07
0.05 0.04 0.03 0.05 0.04 0.04 0.04 0.04 0.05 0.05 0.05 0.04 0.05 0.04 0.05 0.04 0.04 0.05 0.04 0.05 0.05 0.05 0.05 0.05 0.05 0.04 0.04 0.04 0.05 0.06 0.04 0.05 0.05 0.04 0.04 0.04 0.05 0.06 0.05 0.06 0.05 0.05 0.05 0.05 0.05 0.05 0.04 0.05 0.05 0.05 0.06 0.05 0.05 0.06 0.04 0.05 0.06 0.05 0.06 0.06 0.06 0.06 0.05 0.06 0.06 0.06 0.06 0.06 0.06 0.07 0.06 0.06 0.06 0.07 0.05 0.06 0.06 0.07 0.06 0.07 0.06 0.05 0.06 0.06 0.07 0.05 0.07 0.05 0.07 0.07 0.07 0.07 0.07 0.06 0.06 0.07 0.07 0.07 0.07 0.06
0.04 0.04 0.05 0.05 0.04 0.05 0.04 0.04 0.05 0.05 0.05 0.03 0.04 0.04 0.05 0.04 0.05 0.04 0.04 0.04 0.05 0.05 0.04 0.05 0.05 0.04 0.05 0.05 0.05 0.05 0.05 0.05 0.06 0.05 0.05 0.05 0.05 0.05 0.04 0.05 0.05 0.04 0.05 0.05 0.05 0.06 0.05 0.05 0.05 0.05 0.06 0.06 0.05 0.06 0.05 0.07 0.05 0.05 0.05 0.06 0.05 0.07 0.05 0.05 0.06 0.06 0.06 0.05 0.05 0.06 0.06 0.06 0.06 0.05 0.06 0.07 0.06 0.07 0.06 0.06 0.06 0.07 0.06 0.08 0.06 0.06 0.08 0.06 0.06 0.07 0.07 0.06 0.06 0.09 0.08 0.06 0.06 0.07 0.07 0.08
0.04 0.05 0.05 0.04 0.04 0.04 0.05 0.04 0.05 0.04 0.04 0.05 0.04 0.04 0.05 0.05 0.04 0.04 0.05 0.05 0.05 0.05 0.05 0.04 0.05 0.04 0.06 0.04 0.05 0.06 0.06 0.05 0.05 0.05 0.06 0.05 0.05 0.04 0.05 0.06 0.06 0.05 0.06 0.06 0.05 0.05 0.05 0.05 0.05 0.05 0.05 0.06 0.05 0.05 0.05 0.05 0.06 0.05 0.05 0.05 0.05 0.05 0.06 0.06 0.06 0.06 0.06 0.05 0.06 0.06 0.06 0.06 0.05 0.06 0.06 0.07 0.06 0.05 0.05 0.07 0.06 0.07 0.07 0.05 0.07 0.08 0.06 0.08 0.06 0.07 0.06 0.06 0.07 0.08 0.07 0.08 0.07 0.06 0.06 0.07
0.04 0.04 0.04 0.04 0.04 0.05 0.04 0.05 0.04 0.04 0.05 0.04 0.05 0.04 0.04 0.05 0.05 0.05 0.04 0.05 0.05 0.06 0.05 0.04 0.04 0.04 0.05 0.05 0.05 0.05 0.05 0.05 0.06 0.05 0.04 0.05 0.05 0.05 0.05 0.05 0.04 0.05 0.05 0.05 0.06 0.04 0.05 0.06 0.05 0.05 0.05 0.06 0.06 0.05 0.05 0.06 0.05 0.06 0.06 0.07 0.06 0.06 0.06 0.06 0.05 0.06 0.06 0.06 0.06 0.05 0.06 0.06 0.05 0.06 0.07 0.05 0.05 0.05 0.06 0.06 0.06 0.06 0.06 0.07 0.06 0.06 0.06 0.06 0.07 0.07 0.07 0.06 0.07 0.06 0.06 0.08 0.08 0.06 0.07 0.07
0.04 0.04 0.05 0.04 0.04 0.05 0.04 0.03 0.05 0.05 0.04 0.05 0.05 0.05 0.04 0.04 0.05 0.04 0.05 0.04 0.05 0.05 0.05 0.04 0.06 0.05 0.05 0.04 0.06 0.04 0.05 0.05 0.05 0.06 0.05 0.05 0.05 0.04 0.05 0.05 0.04 0.05 0.05 0.05 0.05 0.05 0.05 0.05 0.05 0.05 0.05 0.06 0.05 0.06 0.05 0.06 0.06 0.05 0.04 0.06 0.05 0.05 0.05 0.05 0.05 0.05 0.06 0.06 0.06 0.06 0.06 0.06 0.06 0.05 0.06 0.06 0.06 0.06 0.07 0.07 0.07 0.06 0.06 0.05 0.07 0.05 0.07 0.08 0.06 0.08 0.07 0.07 0.06 0.05 0.06 0.07 0.07 0.06 0.06 0.05
0.04 0.04 0.05 0.04 0.04 0.04 0.05 0.05 0.04 0.05 0.04 0.05 0.04 0.04 0.05 0.04 0.04 0.05 0.05 0.04 0.04 0.04 0.04 0.05 0.05 0.05 0.05 0.05 0.05 0.04 0.05 0.05 0.05 0.05 0.05 0.05 0.04 0.05 0.06 0.06 0.06 0.05 0.05 0.06 0.05 0.06 0.05 0.06 0.05 0.05 0.07 0.05 0.05 0.05 0.06 0.06 0.05 0.05 0.06 0.06 0.05 0.04 0.05 0.05 0.05 0.06 0.06 0.06 0.05 0.05 0.06 0.06 0.05 0.06 0.07 0.06 0.05 0.04 0.06 0.07 0.06 0.07 0.06 0.06 0.06 0.06 0.07 0.05 0.06 0.06 0.07 0.06 0.06 0.07 0.06 0.06 0.08 0.05 0.07 0.06
0.04 0.05 0.05 0.04 0.05 0.04 0.04 0.05 0.05 0.04 0.04 0.03 0.04 0.04 0.05 0.05 0.05 0.05 0.06 0.05 0.05 0.04 0.04 0.04 0.04 0.04 0.06 0.05 0.06 0.05 0.06 0.05 0.07 0.04 0.05 0.06 0.06 0.05 0.05 0.06 0.06 0.05 0.06 0.05 0.05 0.06 0.06 0.05 0.04 0.06 0.05 0.05 0.06 0.06 0.06 0.06 0.06 0.06 0.06 0.05 0.06 0.06 0.08 0.06 0.05 0.06 0.07 0.07 0.07 0.06 0.05 0.06 0.06 0.07 0.06 0.06 0.08 0.07 0.06 0.06 0.05 0.06 0.06 0.07 0.07 0.08 0.07 0.08 0.07 0.07 0.07 0.08 0.08 0.08 0.07 0.07 0.07 0.06 0.07 0.07
0.05 0.06 0.04 0.04 0.04 0.05 0.06 0.04 0.05 0.06 0.07 0.06 0.05 0.05 0.07 0.09 0.06 0.09 0.08 0.06 0.11 0.10 0.10 0.13 0.07 0.09 0.18 0.11 0.09 0.09 0.12 0.15 0.09 0.08 0.09 0.15 0.14 0.12 0.18 0.15 0.15 0.14 0.12 0.14 0.12 0.18 0.18 0.22 0.15 0.18 0.14 0.13 0.19 0.08 0.22 0.17 0.14 0.14 0.13 0.18 0.16 0.28 0.20 0.16 0.23 0.17 0.24 0.23 0.21 0.13 0.21 0.23 0.32 0.25 0.21 0.31 0.23 0.28 0.32 0.30 0.26 0.21 0.27 0.30 0.37 0.33 0.27 0.32 0.21 0.29 0.27 0.25 0.33 0.27 0.26 0.33 0.31 0.28 0.24 0.27
0.33 0.21 0.44 0.32 0.48 0.30 0.33 0.50 0.54 0.47 0.32 0.47 0.44 0.38 0.51 0.39 0.54 0.45 0.52 0.55 0.47 0.57 0.44 0.52 0.52 0.59 0.51 0.50 0.64 0.54 0.51 0.68 0.69 0.57 0.63 0.67 0.72 0.72 0.67 0.64 0.67 0.61 0.70 0.57 0.74 0.69 0.69 0.80 0.76 0.80 0.69 0.82 0.54 0.69 0.74 0.78 0.82 0.78 0.75 0.66 0.78 0.83 0.80 0.71 0.70 0.80 0.78 0.79 0.78 0.74 0.73 0.69 0.82 0.86 0.86 0.80 0.80 0.82 0.80 0.85 0.81 0.86 0.82 0.86 0.87 0.76 0.87 0.78 0.91 0.80 0.84 0.81 0.85 0.85 0.87 0.82 0.91 0.87 0.89 0.82
0.95 0.95 0.95 0.94 0.96 0.96 0.96 0.96 0.97 0.98 0.98 0.98 0.98 0.98 0.97 0.98 0.98 0.98 0.98 0.99 0.98 0.96 0.99 0.98 0.97 0.99 0.97 0.99 0.99 0.98 0.99 0.99 0.98 0.99 0.99 0.99 0.99 0.99 0.98 0.99 0.99 0.99 0.97 0.99 0.99 0.99 0.99 0.97 0.99 0.99 0.99 0.99 0.99 0.99 0.99 0.99 0.99 0.99 0.99 0.99 0.99 0.99 0.99 0.99 0.99 0.99 0.99 0.99 0.99 0.99 0.99 0.99 0.99 0.99 0.99 0.99 0.99 0.99 0.99 0.99 0.99 0.99 0.99 0.99 0.99 0.99 0.99 0.99 0.99 0.99 0.99 0.99 0.99 0.99 0.99 0.99 0.99 0.99 0.99 0.99
0.80 0.86 0.85 0.83 0.90 0.86 0.91 0.85 0.93 0.90 0.91 0.83 0.87 0.89 0.97 0.88 0.91 0.96 0.94 0.90 0.91 0.94 0.93 0.92 0.95 0.91 0.95 0.92 0.96 0.94 0.96 0.94 0.98 0.97 0.96 0.98 0.97 0.97 0.96 0.99 0.99 0.95 0.99 0.99 0.98 0.98 0.97 0.99 0.99 0.98 0.99 0.98 0.97 0.99 0.99 0.99 0.99 0.99 0.99 0.99 0.99 0.98 0.99 0.99 0.99 0.99 0.99 0.99 0.99 0.99 0.99 0.99 0.99 0.99 0.99 0.99 0.99 0.99 0.99 0.99 0.99 0.99 0.99 0.99 0.99 0.99 0.99 0.99 0.99 0.99 0.99 0.99 0.99 0.99 0.99 0.99 0.99 0.99 0.99 0.99
0.37 0.34 0.31 0.44 0.41 0.38 0.37 0.46 0.38 0.45 0.42 0.48 0.45 0.49 0.50 0.48 0.52 0.53 0.53 0.55 0.56 0.58 0.66 0.59 0.56 0.61 0.65 0.67 0.62 0.66 0.65 0.72 0.69 0.66 0.75 0.67 0.75 0.76 0.75 0.71 0.71 0.72 0.81 0.79 0.67 0.78 0.78 0.79 0.82 0.84 0.81 0.86 0.82 0.90 0.83 0.85 0.86 0.86 0.88 0.89 0.87 0.89 0.94 0.89 0.87 0.88 0.92 0.90 0.91 0.93 0.94 0.91 0.93 0.92 0.89 0.92 0.92 0.89 0.92 0.95 0.95 0.92 0.89 0.91 0.94 0.92 0.94 0.92 0.95 0.95 0.93 0.93 0.95 0.95 0.95 0.94 0.95 0.94 0.94 0.94
