32 27 30 32 33 30 30 32 34 38 31 34 30 36 37 29 32 27 36 29 37 32 36 28 31 35 31 38 33 31 34 33 33 36 33 34 41 37 33 33 39 34 33 39 38 35 37 34 43 34 41 43 43 36 31 35 30 37 41 47 46 36 41 51 46 41 40 43 43 40 50 47 45 39 41 50 44 56 44 53 44 46 45 44 47 48 50 41 51 43 51 42 51 44 49 49 47 48 40 52
31 29 33 35 34 32 27 34 36 33 25 25 31 33 30 32 31 36 31 34 33 31 29 23 30 29 34 37 30 39 34 36 39 29 31 36 32 34 36 39 34 48 29 35 35 44 34 40 32 37 42 41 37 46 38 33 32 43 46 35 44 47 44 47 43 42 42 37 45 42 40 42 44 47 42 52 45 45 48 46 47 39 51 47 48 49 52 47 49 48 40 43 55 56 57 54 47 53 55 48
28 30 32 25 30 28 31 32 35 28 29 25 29 37 33 31 37 35 30 33 34 32 29 28 38 39 32 32 37 36 34 39 32 34 35 35 35 30 34 33 31 41 37 37 33 28 37 42 37 38 35 36 42 34 43 39 40 36 37 39 41 36 42 42 38 44 43 47 42 44 47 49 46 42 40 43 42 45 44 46 38 44 48 58 43 52 56 44 50 47 49 51 54 41 43 52 44 56 49 56
29 27 30 34 29 27 29 32 31 26 29 29 28 31 34 31 36 35 35 35 32 33 34 36 32 37 36 29 32 38 33 37 36 31 34 29 39 37 32 37 32 38 41 35 37 40 30 28 45 35 36 35 42 39 37 38 40 44 44 40 40 40 38 39 43 41 39 39 40 36 35 37 48 43 41 47 46 43 49 53 53 47 44 39 43 44 49 57 45 54 50 46 45 63 48 53 50 48 44 47
29 30 32 27 29 26 22 31 27 31 35 31 38 29 26 29 35 37 34 33 32 35 34 29 38 31 32 35 31 25 37 37 34 36 39 35 37 36 29 30 38 35 40 40 39 48 37 33 34 39 38 45 36 44 36 39 34 41 37 32 43 49 32 33 39 36 36 41 46 48 42 38 35 35 40 38 54 40 46 45 47 46 44 51 42 42 42 50 36 47 42 51 47 51 59 52 56 46 46 47
25 26 32 33 26 35 32 38 29 35 29 30 31 32 30 24 29 30 36 30 28 30 34 33 28 28 33 33 31 34 37 33 38 31 35 43 33 35 32 33 43 35 41 32 42 36 49 41 33 44 32 40 40 44 41 35 36 39 48 39 40 44 41 35 38 36 43 44 41 42 48 40 43 43 48 43 46 43 43 39 37 45 40 47 43 48 42 51 47 49 53 50 58 63 45 43 55 43 42 46
26 22 34 25 30 32 31 33 28 27 44 32 27 29 29 31 35 27 35 26 36 37 35 31 28 34 34 31 30 28 38 36 35 28 35 35 33 34 37 38 38 34 40 40 42 45 34 38 35 41 38 43 36 40 38 32 42 42 40 36 41 44 37 46 41 41 34 43 38 41 38 46 42 41 46 42 39 51 44 45 45 51 52 42 57 48 50 51 51 44 51 49 40 48 47 52 50 56 58 52
34 28 32 27 33 36 31 29 31 30 32 32 27 31 30 26 35 38 31 36 36 28 37 34 30 28 38 37 32 32 34 33 37 33 32 37 38 34 39 36 42 36 37 36 37 40 38 31 32 34 38 33 45 41 40 45 31 39 41 45 40 40 42 34 36 43 42 45 37 43 37 41 40 46 52 39 47 46 44 34 45 51 49 52 44 42 55 54 49 52 40 43 53 47 54 50 44 50 53 47
30 27 34 28 32 32 33 32 29 26 26 34 27 29 29 40 31 35 29 36 28 34 26 29 37 24 31 32 31 37 35 33 32 33 33 36 36 34 28 34 31 32 38 33 29 35 36 36 39 40 33 46 36 40 37 40 36 48 33 41 46 35 43 42 44 43 42 41 35 37 42 47 52 46 49 48 37 49 43 38 46 47 47 40 42 44 45 49 54 42 51 48 49 52 52 54 54 48 53 57
29 28 24 33 31 33 22 28 27 29 37 26 38 36 33 32 34 33 28 29 31 30 29 35 29 29 34 32 30 37 29 32 35 40 34 30 36 32 34 40 33 31 40 35 37 42 39 30 39 32 33 43 40 39 39 42 42 38 42 45 41 41 46 41 36 37 39 49 41 36 39 39 52 40 43 46 42 38 37 45 44 44 44 45 40 45 46 50 44 50 37 54 48 55 60 63 46 51 52 49
29 25 28 33 32 26 24 34 26 25 35 34 25 39 33 25 30 34 29 33 28 34 31 29 30 30 27 37 36 37 27 35 32 33 31 36 30 27 36 29 38 37 32 34 37 33 36 38 38 32 40 37 42 35 44 39 38 33 37 35 48 36 45 41 40 44 42 39 47 38 41 41 41 45 39 40 42 53 44 48 44 38 51 44 44 56 41 47 44 46 39 51 44 45 47 51 52 61 55 49
35 31 31 31 29 27 29 30 31 33 29 35 38 36 31 26 27 36 28 32 32 29 36 32 36 32 34 28 30 34 32 33 40 34 34 41 33 31 34 33 36 30 39 35 43 30 37 37 37 40 38 39 36 39 33 42 43 36 37 37 41 35 48 44 44 33 33 42 40 51 43 47 48 47 43 45 36 46 50 35 45 41 43 41 50 50 45 50 49 33 53 45 42 53 48 44 41 38 43 56
27 30 28 30 32 33 28 28 32 33 28 40 31 36 33 32 24 36 29 35 31 34 33 32 32 35 29 32 34 34 30 33 38 38 37 32 31 38 35 41 33 37 34 36 34 35 34 37 33 36 38 40 44 43 38 40 33 45 31 44 41 48 36 46 41 43 45 38 43 50 43 49 52 43 42 43 44 43 41 55 50 47 46 41 40 53 46 49 47 48 46 45 64 47 55 50 46 48 40 52
29 30 34 33 28 31 31 33 29 26 32 35 34 32 30 33 33 29 33 34 32 40 39 30 36 32 35 30 33 35 34 33 31 33 31 35 29 48 36 33 34 35 36 40 28 41 42 37 42 36 39 35 40 32 49 41 41 44 39 38 39 43 33 34 36 39 48 39 41 41 40 39 42 47 44 53 35 41 50 40 42 37 52 42 52 53 46 43 47 44 50 45 49 56 51 45 49 54 53 38
28 27 35 33 27 41 37 29 32 27 29 41 23 37 27 36 38 27 31 35 32 37 35 34 32 31 31 37 36 32 31 37 41 30 24 39 38 33 38 37 35 34 35 44 34 38 44 37 50 28 40 38 43 32 37 40 45 37 38 44 45 38 44 40 36 44 38 43 44 40 42 36 49 40 48 42 49 49 52 43 52 48 53 39 49 40 41 52 51 55 51 49 45 59 49 60 54 52 50 48
25 29 30 28 35 34 29 29 33 36 33 33 35 30 30 20 31 33 31 34 31 33 36 32 35 32 30 34 35 32 32 36 31 33 35 34 29 34 32 31 31 42 35 29 44 35 29 39 36 42 44 32 46 41 35 37 38 47 34 41 40 47 39 31 40 34 40 43 43 38 42 38 53 42 44 47 38 47 42 42 52 46 44 40 42 45 37 39 44 49 52 50 50 45 50 47 57 50 53 53
26 29 28 39 31 31 28 32 29 29 31 29 29 30 38 38 28 31 31 35 37 35 31 39 34 28 35 38 38 40 34 33 33 34 32 40 36 42 37 35 31 34 31 43 34 35 36 37 32 38 36 41 40 46 36 31 45 39 36 41 43 38 39 40 37 47 43 42 42 42 54 37 50 45 45 43 38 40 48 39 42 50 43 46 44 47 41 33 49 52 32 51 51 50 49 45 60 43 53 55
31 35 34 28 30 35 36 33 28 37 25 33 31 34 33 29 27 36 31 35 31 28 31 35 27 32 35 40 30 36 32 36 38 31 34 44 29 36 38 36 35 35 33 37 43 31 39 37 40 41 36 46 37 36 36 35 41 39 40 37 34 40 39 41 45 41 39 39 43 41 42 45 49 42 43 41 43 42 59 39 42 47 45 45 52 45 51 49 38 52 48 46 52 52 54 59 46 52 45 49
29 32 30 25 32 29 31 27 22 28 30 34 26 40 34 31 34 29 43 30 33 35 34 33 28 32 34 36 35 35 37 29 38 34 35 35 33 33 40 33 26 37 41 39 32 44 35 38 42 37 33 36 42 44 37 36 42 40 30 38 40 40 38 40 43 47 38 44 44 53 38 48 48 44 42 41 45 58 42 44 45 47 46 45 42 37 46 55 51 49 54 45 52 59 58 56 48 61 49 50
28 28 29 23 28 33 39 32 31 34 34 31 36 34 35 36 27 30 37 39 31 36 34 40 30 38 29 29 29 33 34 38 31 33 34 31 33 34 36 27 39 36 42 34 47 42 39 34 37 40 39 39 27 42 42 41 44 40 45 39 39 43 35 34 30 47 40 45 41 41 42 43 45 34 51 49 42 48 39 40 50 57 52 50 48 39 43 47 55 47 40 50 45 57 54 48 47 54 58 50
28 32 31 29 29 29 28 30 25 35 27 25 29 29 31 31 33 31 32 31 29 29 34 28 31 27 34 33 29 35 38 34 40 34 34 32 37 42 44 43 32 37 25 40 34 36 39 39 32 36 38 30 40 40 41 39 32 39 40 48 34 45 36 41 41 41 39 37 44 37 36 43 39 48 39 49 46 38 51 42 47 48 50 50 51 47 49 44 57 41 46 57 49 49 40 43 51 51 46 59
34 26 28 35 31 35 35 28 32 29 27 31 32 36 30 26 27 28 37 35 27 34 33 38 34 38 37 27 32 38 38 34 35 33 29 38 36 31 35 40 34 40 35 31 33 39 33 32 34 36 31 39 40 38 36 35 39 39 48 44 48 35 45 41 44 48 48 48 37 41 48 46 44 46 54 45 48 44 30 53 44 45 43 44 43 48 51 49 54 53 54 54 46 49 60 50 47 50 46 42
38 27 29 33 34 37 32 32 29 29 25 29 30 30 31 28 31 28 30 32 35 32 30 29 29 29 28 40 41 36 33 37 41 33 33 34 33 31 39 37 34 31 36 33 46 37 37 34 39 39 50 41 34 39 35 39 52 45 39 43 41 34 35 44 42 33 44 44 43 50 38 49 36 44 33 55 45 37 51 41 48 48 49 40 45 44 45 54 42 55 42 49 44 47 52 46 50 64 54 51
34 27 29 32 30 28 32 28 25 30 29 24 31 25 32 35 26 33 29 31 32 35 27 35 29 37 36 29 33 29 32 35 29 36 39 30 29 43 35 40 39 36 37 37 32 33 32 39 38 35 37 35 40 33 49 34 35 43 37 41 39 40 32 38 49 45 37 41 35 42 38 44 43 48 47 39 39 37 39 46 50 39 47 41 50 48 47 39 54 52 54 45 57 54 46 45 57 56 51 62
26 25 27 32 30 33 30 32 24 29 29 31 34 30 29 28 29 30 34 29 27 30 34 38 30 37 32 27 38 36 33 28 34 32 32 33 33 32 33 41 32 34 29 33 33 37 39 39 39 40 47 39 37 32 39 40 41 46 49 44 35 38 37 43 34 33 50 44 40 40 45 50 40 43 40 50 38 39 42 39 41 54 37 51 41 47 57 41 44 52 54 54 52 45 47 49 50 67 38 50
31 26 31 25 32 34 37 27 30 31 26 31 34 27 32 29 30 32 31 36 27 33 26 31 36 33 27 41 26 29 31 34 30 35 37 38 36 30 41 33 38 42 37 34 36 35 45 34 44 40 38 34 41 40 32 34 46 36 42 45 38 42 46 31 45 35 47 40 42 45 39 43 45 46 46 47 46 39 44 51 44 51 49 48 41 47 49 53 49 47 63 44 48 48 59 43 56 46 37 54
24 33 31 30 30 29 29 33 29 26 31 36 37 36 24 36 29 32 31 29 38 31 29 34 38 33 34 40 28 29 32 42 42 28 31 34 34 40 28 41 30 33 34 49 41 34 39 45 36 44 34 31 35 37 35 43 39 38 39 41 41 39 37 38 36 48 36 39 48 42 43 45 42 45 48 37 43 48 45 46 47 50 48 42 43 40 46 44 53 48 51 46 57 56 41 48 42 51 47 51
26 29 26 30 31 27 28 33 31 28 31 33 30 39 38 30 30 30 31 38 32 31 30 29 32 33 33 41 37 34 31 34 35 31 38 32 40 33 35 32 37 32 39 38 34 37 36 43 36 33 41 41 39 37 42 37 31 36 38 34 38 40 37 37 33 47 42 34 45 42 35 49 35 46 42 42 51 46 60 44 45 45 47 49 43 50 46 48 44 50 50 54 49 43 55 51 54 48 53 45
24 32 32 30 26 30 26 32 32 37 28 33 29 31 29 22 30 34 30 44 34 30 34 34 33 37 34 29 36 38 28 29 39 38 37 40 33 36 35 34 34 37 35 40 35 35 33 33 38 38 37 40 49 37 37 42 37 43 43 30 38 37 43 42 41 42 42 45 41 35 50 38 48 45 51 50 41 43 44 41 44 48 51 53 53 47 46 46 40 42 42 53 52 44 43 46 54 50 56 64
28 27 38 25 28 30 29 35 27 21 29 30 31 34 35 27 32 33 29 39 37 28 28 35 28 33 33 33 34 35 32 37 33 35 32 33 32 35 33 41 32 36 39 43 34 39 35 35 40 34 36 32 40 37 41 42 42 37 37 37 34 38 43 42 36 42 43 46 36 47 36 40 45 46 48 53 38 45 47 52 44 53 54 50 51 47 46 44 54 56 45 45 47 52 47 41 51 51 46 47
27 37 32 39 27 31 34 32 32 41 32 37 26 32 34 32 33 29 35 33 33 35 32 31 30 34 36 32 36 37 28 34 38 43 32 36 31 32 41 32 35 46 33 40 40 37 42 35 40 34 41 36 37 42 43 40 38 36 45 44 48 37 43 38 35 33 41 31 41 41 35 49 45 37 49 45 37 50 44 46 51 48 42 43 45 56 49 44 43 47 53 41 53 48 54 47 43 43 50 55
26 31 23 27 24 28 31 34 31 32 34 34 35 28 38 34 30 32 37 32 30 34 30 38 40 36 26 33 32 31 31 39 36 36 38 37 36 28 36 33 36 37 40 31 29 39 44 40 39 34 37 37 42 36 30 33 34 51 36 36 40 40 32 38 43 40 41 46 48 41 33 48 44 47 50 47 43 45 42 56 39 48 43 43 58 44 55 57 53 45 51 47 60 51 43 53 49 56 49 55
28 31 31 27 27 27 27 29 30 29 33 33 35 28 32 32 30 36 29 40 40 38 30 36 30 35 33 43 34 39 35 39 35 35 38 30 30 32 40 30 33 29 33 33 37 35 36 37 35 39 38 43 32 33 38 34 33 44 33 43 47 41 44 37 43 46 43 44 51 43 42 38 48 34 50 49 35 38 47 50 50 46 47 55 47 51 43 47 50 45 45 50 53 55 49 49 48 55 44 56
30 28 28 25 32 30 32 34 36 36 35 38 28 29 28 27 34 33 34 32 32 31 37 31 35 38 35 35 33 33 38 35 29 35 33 35 33 34 35 31 32 35 39 39 36 35 39 37 39 40 42 34 34 32 39 36 41 38 34 39 42 37 33 48 41 43 46 33 38 38 38 47 45 42 42 48 48 52 50 48 45 48 38 46 44 46 48 44 47 46 48 44 47 46 57 36 55 54 51 46
27 29 36 37 28 37 22 28 23 36 31 28 31 29 25 28 33 30 30 33 30 35 27 35 38 34 35 39 31 34 33 37 29 35 37 35 34 37 36 43 35 36 35 36 34 33 35 37 39 32 44 37 43 39 33 38 39 39 45 41 40 31 48 38 39 39 46 53 46 45 41 51 54 38 51 32 43 41 42 39 48 45 42 41 49 54 51 47 40 46 51 55 52 53 49 51 46 49 41 54
33 31 32 27 30 29 33 29 28 38 32 37 24 31 26 34 27 30 32 37 33 28 28 35 37 32 34 37 36 31 32 41 29 27 35 42 31 30 36 29 39 31 36 37 39 33 37 39 33 41 38 35 39 39 36 33 41 32 37 41 41 38 41 43 44 39 34 43 38 43 50 45 38 48 40 38 45 47 51 43 43 54 47 57 52 48 45 54 43 53 47 63 45 50 48 64 54 53 46 53
28 32 24 34 29 25 29 30 34 33 33 36 33 37 31 34 33 34 39 34 38 33 31 27 36 35 24 35 29 35 33 34 42 33 34 39 38 37 27 30 36 38 31 33 35 38 35 42 33 38 45 38 41 38 39 36 41 36 35 45 38 46 36 47 39 39 41 49 46 41 40 44 37 54 42 38 44 38 52 55 34 46 49 42 43 56 48 59 43 57 57 55 49 53 47 46 49 54 50 55
31 29 29 31 29 29 33 29 28 32 28 31 35 37 31 34 27 33 31 28 28 36 28 41 30 29 36 37 37 39 32 36 39 35 42 26 43 31 40 40 42 36 41 30 36 44 35 29 38 36 40 34 31 36 40 43 45 34 37 45 39 38 40 35 40 37 39 41 43 38 40 50 40 42 46 51 45 48 53 49 56 48 40 47 40 56 54 33 45 45 58 41 49 42 50 56 48 54 58 47
31 29 35 32 28 27 34 32 30 29 30 25 38 39 27 36 33 30 35 29 36 40 32 32 32 33 33 36 35 27 32 36 37 36 34 38 31 34 36 34 31 37 33 40 40 41 41 39 41 37 36 36 42 36 38 37 39 43 38 39 46 39 39 37 41 35 40 38 41 47 40 32 49 50 48 47 50 46 49 38 39 51 49 50 44 51 47 54 40 45 47 42 53 54 57 54 47 42 54 41
30 26 31 26 34 33 30 27 27 27 26 31 33 33 33 28 34 31 30 32 31 27 34 33 29 28 38 35 34 29 30 29 36 26 36 31 32 30 32 35 32 36 33 40 30 40 37 36 38 45 34 40 39 40 40 39 40 40 42 46 39 43 39 40 43 45 41 44 43 41 44 41 41 43 38 38 44 44 47 45 47 39 48 47 48 50 52 51 44 52 44 50 40 43 51 52 62 61 53 46
28 31 28 31 30 36 32 32 26 34 30 32 32 30 33 29 30 35 37 28 32 28 31 27 32 34 39 30 32 32 38 37 32 38 36 35 39 37 37 34 31 35 37 38 35 31 42 35 36 38 31 34 37 35 35 39 44 45 38 35 39 35 42 48 44 44 45 45 44 45 41 35 39 43 43 47 46 44 38 44 38 45 47 49 53 39 52 54 46 43 60 51 47 54 40 50 55 55 57 59
36 29 28 27 32 33 36 32 35 28 34 38 27 36 35 29 32 37 40 30 33 37 43 33 33 34 33 35 35 28 38 30 29 35 37 38 31 38 36 31 32 36 36 35 35 36 37 43 39 35 38 39 38 39 41 46 40 44 45 40 40 41 38 40 36 43 45 46 48 44 41 32 47 45 51 47 43 39 47 42 53 41 38 37 41 44 49 49 55 51 47 47 48 54 57 53 51 52 52 42
28 29 25 33 36 26 35 31 32 32 32 33 24 34 33 27 32 31 38 27 32 29 36 37 27 31 34 39 35 40 37 33 40 34 29 31 32 34 31 35 34 38 36 42 31 33 39 36 36 41 47 43 36 41 42 39 32 46 41 41 34 35 39 32 43 47 41 31 46 38 45 41 38 43 45 38 42 55 36 53 49 52 49 42 42 46 50 53 50 50 48 54 49 52 54 56 52 48 48 49
32 30 29 30 29 33 31 30 32 36 26 26 31 30 26 32 26 35 29 36 29 33 25 29 35 27 33 28 32 29 35 31 36 36 31 29 36 37 33 32 35 36 39 38 31 46 40 38 41 34 34 39 39 36 35 42 40 54 42 30 38 33 45 37 45 45 50 42 37 40 43 33 47 40 43 37 41 46 37 55 39 49 37 39 48 47 42 39 50 38 43 51 51 54 62 47 51 63 55 58
30 30 25 26 33 27 29 28 22 35 28 32 37 34 27 36 32 29 32 30 30 31 35 29 28 31 34 33 35 32 37 39 37 33 31 38 41 35 43 30 33 37 33 37 38 40 35 37 43 33 38 41 46 36 35 43 39 40 49 38 32 36 36 40 46 49 35 40 36 43 50 50 41 42 55 48 42 49 41 44 45 46 55 43 34 46 49 49 45 54 46 46 53 48 45 57 45 47 45 52
30 30 31 29 29 29 31 27 31 34 36 32 30 33 29 33 28 32 28 30 29 26 38 32 35 33 32 29 35 32 30 34 35 35 30 33 39 36 38 42 39 32 29 38 38 31 33 37 40 33 39 36 41 40 40 40 47 37 40 43 31 46 37 38 37 41 40 45 48 44 37 48 47 43 48 44 54 40 34 43 41 56 42 47 47 56 53 44 43 50 44 43 50 50 47 53 44 51 46 38
31 29 27 32 28 33 29 26 27 37 28 30 23 34 30 30 35 32 31 33 30 26 31 31 38 38 31 33 30 32 36 34 31 36 29 31 34 36 33 32 37 34 36 46 42 35 35 35 36 39 47 44 38 36 38 43 42 39 41 43 44 47 42 45 50 37 41 48 50 42 39 43 43 46 42 43 47 42 41 49 42 49 49 44 55 48 52 56 45 52 44 53 55 53 50 59 41 56 49 44
26 34 27 27 31 27 32 28 34 32 33 27 35 28 28 36 32 39 35 31 32 34 30 35 36 32 36 34 31 26 38 37 37 40 31 32 38 36 40 39 36 36 44 31 36 31 29 36 27 31 45 30 40 36 46 38 39 34 39 39 46 44 41 37 47 35 39 37 39 43 38 39 40 38 51 42 37 36 50 40 38 41 52 44 54 44 47 53 52 65 45 47 40 43 48 50 57 38 55 47
31 29 28 29 31 30 32 29 31 27 25 35 33 20 35 31 36 30 29 29 30 35 34 35 35 35 26 35 33 31 31 33 42 35 33 30 42 30 38 42 38 36 37 40 33 40 35 39 41 33 35 36 42 44 39 39 37 35 43 38 37 37 44 32 44 48 49 40 42 41 36 46 43 49 39 44 44 45 53 43 51 50 47 51 41 52 42 48 49 48 55 55 40 54 55 59 49 52 47 43
30 27 37 34 28 31 33 32 24 37 26 32 35 30 31 29 39 30 27 30 35 28 31 29 40 33 27 33 32 30 30 32 42 41 35 39 38 38 33 36 38 33 35 34 37 34 32 36 40 35 31 37 35 37 35 38 43 35 38 39 42 32 38 41 40 35 39 41 51 40 38 39 38 41 36 42 44 39 47 34 47 49 47 49 46 47 55 54 41 53 51 49 59 52 49 55 50 51 56 51
33 32 34 32 27 30 27 28 37 28 26 36 29 35 30 34 30 29 33 33 37 29 32 28 27 38 34 35 33 31 34 33 38 25 31 31 30 30 38 36 31 37 36 35 35 35 36 34 52 37 35 41 34 36 44 40 39 42 40 40 42 45 44 46 43 42 41 51 47 43 44 41 45 45 44 43 37 40 47 44 40 54 52 43 44 47 41 37 46 46 51 52 48 55 55 55 55 52 53 50
28 29 28 33 27 31 30 32 36 31 32 31 28 30 31 31 28 30 41 28 30 30 27 37 31 33 28 36 30 28 34 31 37 34 35 34 34 35 29 38 38 41 35 34 39 36 37 38 31 38 45 30 37 40 38 38 39 34 41 43 40 37 38 40 47 44 49 45 47 44 41 44 45 40 48 42 40 48 51 49 50 47 46 48 54 49 44 50 51 50 55 49 54 43 56 65 54 51 49 54
33 31 31 32 28 31 28 25 29 27 27 40 30 32 36 28 27 31 34 31 31 31 29 33 27 31 33 34 29 33 39 32 32 32 28 38 31 22 45 42 41 35 37 33 26 36 41 32 41 36 45 44 49 33 37 36 44 36 40 42 47 41 42 35 50 43 47 38 43 39 47 40 44 47 42 37 41 40 48 50 48 39 40 50 46 45 42 48 54 51 40 47 47 63 47 52 58 49 58 49
34 29 32 32 23 27 30 32 26 31 31 37 34 37 30 28 38 26 34 22 36 36 39 38 30 34 36 29 33 29 34 37 39 33 39 34 37 33 28 36 39 35 33 36 36 37 37 39 36 40 46 37 42 42 35 39 38 36 38 39 52 41 38 42 37 32 42 44 34 35 49 39 33 36 51 37 39 47 41 43 56 45 58 40 55 41 45 50 59 45 46 42 59 54 36 62 55 48 47 61
31 34 24 30 34 32 34 34 33 35 23 37 24 30 31 36 32 32 35 38 34 38 34 36 34 29 32 40 34 30 29 34 34 38 34 29 29 40 33 43 39 38 33 39 37 38 33 31 29 34 42 33 37 29 35 48 35 43 36 41 34 44 39 48 39 43 39 40 50 43 41 42 45 42 44 46 54 43 44 47 46 44 44 41 55 53 51 45 40 58 45 58 56 50 47 48 37 52 46 46
35 32 26 33 27 28 36 32 23 33 39 31 30 31 32 34 31 30 34 35 29 36 36 30 30 28 39 35 32 31 37 35 35 32 33 31 35 30 39 39 28 35 34 36 37 40 33 36 33 37 33 36 36 40 42 35 44 37 40 40 39 47 38 39 44 37 41 45 47 39 41 47 40 41 39 44 35 43 45 40 50 57 44 40 49 45 46 48 48 42 48 50 58 45 55 57 47 57 62 54
36 32 29 32 28 25 35 29 29 28 28 32 33 24 34 29 35 35 29 25 32 33 37 32 27 36 32 31 28 37 39 34 38 38 35 31 30 32 36 34 35 42 37 35 34 41 38 35 28 37 42 35 32 38 36 37 45 43 45 41 39 42 45 45 41 40 35 51 43 43 50 39 41 46 44 48 41 45 50 49 53 44 44 49 43 44 42 47 45 49 53 50 50 54 53 54 40 53 55 47
29 33 27 33 21 33 27 34 24 28 35 29 31 27 33 35 33 40 38 31 33 30 28 33 29 35 37 39 35 38 39 39 37 40 34 35 32 38 34 31 32 37 41 38 42 43 31 43 39 33 32 41 35 35 40 37 38 36 41 42 45 41 41 43 45 45 44 37 41 45 54 43 52 41 40 45 47 50 37 43 47 43 43 44 45 47 47 41 48 47 40 48 49 45 61 57 52 51 47 43
33 36 30 30 27 34 35 37 31 33 29 33 28 31 33 32 26 30 35 32 26 33 27 33 25 36 36 41 35 35 29 30 35 34 30 34 31 33 29 32 36 47 35 40 43 33 37 35 41 33 37 34 41 42 33 36 30 35 45 35 35 45 40 40 41 41 41 44 54 38 47 43 50 42 39 44 47 40 53 44 47 38 49 48 52 49 56 41 54 55 50 56 48 53 56 45 52 53 49 51
32 28 25 25 27 27 28 32 37 35 32 29 37 28 35 33 37 31 31 28 29 32 30 33 26 37 31 29 33 33 32 33 36 34 36 37 36 32 35 31 32 36 30 35 37 34 35 34 41 41 45 39 39 33 43 38 41 40 37 38 41 50 41 40 44 41 42 48 39 39 41 34 48 48 48 34 52 40 48 44 49 43 36 51 32 45 43 38 46 42 55 43 49 49 53 40 45 42 56 53
27 36 35 33 31 25 36 37 34 32 31 27 37 32 29 30 36 33 31 34 28 36 30 33 38 32 34 29 31 31 32 34 29 36 39 37 31 36 36 39 32 46 35 33 41 40 44 34 39 36 31 39 38 32 39 41 41 36 36 35 40 37 47 38 51 37 44 40 46 52 36 45 51 45 45 41 47 51 53 47 46 40 45 45 48 39 45 45 43 44 41 37 48 46 46 53 50 54 47 49
29 33 36 21 29 30 32 33 29 31 28 34 31 30 29 33 25 27 39 30 29 39 38 36 41 32 31 30 36 31 30 32 33 37 36 38 29 35 32 41 39 37 35 39 39 41 39 31 39 33 37 35 39 42 37 35 34 40 32 40 45 48 44 44 44 44 38 53 44 39 29 45 47 35 52 46 49 50 41 40 43 37 47 45 42 38 47 50 45 44 49 47 42 50 49 47 48 44 40 48
28 28 32 31 30 34 31 31 31 31 34 34 28 28 29 28 26 33 28 34 32 33 36 29 30 32 33 29 28 34 29 33 32 31 25 36 34 34 31 30 44 26 33 35 47 41 35 32 36 37 35 41 40 36 43 39 38 38 43 39 44 40 45 45 51 41 43 47 50 42 37 47 37 49 52 48 37 44 36 38 47 55 44 53 44 45 50 51 46 49 52 54 55 42 66 50 54 50 55 51
32 27 29 33 32 34 32 29 28 32 34 28 25 35 30 34 30 30 29 36 39 33 29 35 30 30 35 29 32 31 33 39 37 30 33 39 34 38 38 38 35 34 28 31 37 35 34 36 41 40 40 49 35 38 39 33 34 33 31 37 43 42 40 44 38 46 42 35 43 41 42 46 42 46 43 43 41 53 49 40 43 49 47 51 48 51 42 39 44 52 51 52 53 52 45 53 60 43 53 38
31 33 29 32 33 31 32 31 29 32 36 31 33 28 30 34 31 35 30 30 41 36 34 33 27 34 35 28 28 29 33 28 36 32 38 24 34 40 35 35 30 29 33 36 38 35 40 35 37 35 45 36 43 40 43 39 42 43 46 39 38 41 37 38 45 37 39 45 42 48 44 47 53 49 44 46 43 47 44 48 52 47 38 61 49 50 40 51 46 53 58 53 44 51 54 47 51 56 57 39
32 32 31 31 31 31 38 31 29 30 26 27 29 31 29 34 30 28 27 23 31 34 32 30 31 35 31 38 32 42 38 35 36 35 39 39 39 37 37 35 40 39 41 40 34 35 32 40 36 37 42 36 38 39 43 44 39 39 39 36 31 39 44 31 41 38 39 37 45 47 37 36 38 42 30 48 37 41 45 43 40 44 50 43 57 46 53 46 48 51 56 54 46 54 46 55 42 50 50 42
27 24 29 34 34 32 33 30 25 34 28 30 33 37 37 34 28 32 30 31 34 38 33 38 33 34 28 31 38 32 39 36 40 38 32 37 37 35 37 29 32 37 36 40 36 41 37 40 40 36 36 28 38 31 43 32 48 37 36 43 35 37 41 38 39 40 43 46 43 48 38 29 43 40 46 47 49 47 53 42 45 46 48 46 47 48 48 54 50 46 44 54 56 44 55 49 59 61 49 50
27 24 29 26 26 28 33 31 25 29 35 29 31 34 35 34 30 31 25 35 35 30 32 33 37 31 32 32 33 33 31 36 33 30 33 33 39 32 35 36 34 39 37 32 37 37 43 34 35 36 32 41 41 33 35 40 42 36 49 42 35 45 30 40 36 43 43 50 54 49 47 55 42 34 46 45 41 33 42 43 45 46 47 50 54 48 37 57 47 48 42 46 43 47 56 54 48 63 49 60
34 34 35 25 31 29 29 34 36 27 33 31 28 30 36 33 35 36 32 29 39 38 36 36 39 38 35 32 34 33 35 45 30 40 34 33 28 36 45 34 38 44 36 44 35 38 35 33 42 35 43 42 36 40 41 43 38 39 35 40 45 28 37 42 36 34 47 39 45 37 39 44 44 40 53 44 52 42 45 40 54 50 45 38 48 49 42 45 49 48 47 58 50 49 63 55 55 58 64 51
27 25 33 27 29 34 33 30 34 30 31 30 30 23 31 30 29 38 30 34 35 31 25 29 34 32 35 32 27 25 33 32 33 32 30 36 43 32 36 32 44 40 35 38 38 35 39 44 41 33 32 44 40 36 37 37 40 41 37 38 41 44 46 42 49 43 36 41 38 42 44 42 47 51 40 52 47 43 46 47 42 51 36 45 48 53 58 36 42 59 52 48 54 49 65 47 62 54 57 48
31 28 29 31 31 32 30 30 29 36 33 29 31 34 35 35 35 27 32 30 32 32 35 27 37 34 33 26 29 28 31 36 31 37 38 37 41 36 37 35 36 38 36 35 36 36 31 37 40 36 38 41 49 38 40 41 35 41 43 31 39 40 40 35 37 38 49 45 35 38 50 39 37 39 48 34 44 37 37 43 54 40 47 52 51 50 44 45 47 40 50 47 52 49 57 60 44 50 46 44
24 26 28 29 30 28 32 27 29 37 27 29 24 32 31 34 27 28 36 33 39 30 35 34 33 30 26 33 37 34 30 34 37 33 38 33 39 32 32 39 33 37 34 42 35 41 37 40 43 47 41 31 39 29 47 38 45 36 43 38 37 38 36 36 47 42 51 38 38 32 39 41 39 42 38 40 37 44 51 51 44 41 39 39 44 48 50 47 51 46 50 53 48 54 42 40 56 46 42 51
29 25 26 31 28 31 35 35 29 29 29 32 32 31 25 32 31 35 29 27 26 37 28 38 32 33 33 35 30 37 33 34 27 35 38 32 36 36 36 37 38 36 45 32 37 40 41 37 42 31 38 40 33 39 35 46 32 39 42 37 37 37 39 38 40 31 34 40 40 42 43 42 41 42 38 40 42 40 50 49 39 49 34 50 46 49 49 47 51 52 54 50 52 54 50 56 44 49 43 56
38 28 35 30 31 34 31 25 30 24 30 33 26 33 31 36 29 30 23 26 29 36 34 34 29 33 34 35 35 39 39 30 36 37 33 37 42 33 38 38 31 32 37 40 29 39 39 36 40 39 35 41 39 41 40 39 39 39 39 45 37 48 29 43 45 45 44 49 51 38 41 35 46 36 48 41 42 45 48 43 50 44 50 49 51 52 46 55 50 52 49 54 53 56 54 45 38 48 48 51
29 31 31 30 35 34 39 31 30 34 31 28 28 29 29 31 36 34 27 37 34 32 25 29 27 35 36 37 40 36 35 38 38 30 30 37 37 36 35 32 33 39 39 39 37 45 39 38 39 39 34 38 40 41 36 32 39 37 43 38 43 44 37 44 46 42 37 46 40 39 47 44 38 49 41 46 48 50 41 54 43 49 45 53 44 48 48 56 49 46 45 55 47 54 52 63 56 61 49 47
28 31 32 24 27 29 28 33 26 35 30 29 28 26 28 34 36 37 34 34 31 31 32 39 32 28 29 27 31 34 36 37 35 34 33 34 32 30 34 33 35 44 34 33 35 37 38 36 42 35 47 47 41 33 32 39 35 33 36 36 44 32 41 38 35 44 35 46 37 48 45 41 36 45 41 44 51 41 43 54 45 44 43 44 41 42 46 41 40 47 51 46 52 52 45 52 50 51 43 50
32 31 33 39 36 31 25 27 28 30 35 33 29 26 38 29 30 24 34 34 36 39 29 33 27 36 31 35 35 40 32 29 33 43 30 32 29 36 40 34 32 36 32 43 36 36 34 35 37 33 34 37 39 39 35 44 39 39 40 43 37 39 42 44 41 51 35 44 42 42 49 33 36 48 40 46 47 38 42 44 48 44 50 44 54 48 47 46 43 50 47 47 54 53 59 46 49 59 54 57
37 36 29 25 29 29 29 27 28 38 29 35 32 35 28 30 31 32 32 29 36 28 33 26 41 34 29 30 40 36 33 36 33 33 33 30 37 35 36 33 35 38 34 35 32 38 35 39 33 38 43 38 38 37 40 31 42 39 46 38 47 48 37 35 37 48 41 38 38 43 35 42 41 42 52 46 45 43 48 47 44 41 46 43 44 46 53 45 44 46 47 45 41 57 52 48 51 59 45 50
30 34 31 35 32 29 30 26 29 26 32 28 32 26 28 29 31 32 29 30 26 30 37 31 27 34 34 32 38 31 32 40 29 32 37 40 31 38 32 37 33 40 44 33 33 33 37 37 37 28 35 38 40 39 47 41 41 44 34 42 33 39 41 42 42 47 45 38 41 41 44 39 41 41 45 48 48 49 50 45 43 51 49 46 44 53 47 45 45 54 41 40 53 44 59 57 46 46 38 52
34 30 30 28 32 31 31 31 36 33 29 30 34 29 35 32 26 30 31 30 36 30 37 31 32 30 29 33 36 34 35 38 33 37 37 40 35 31 35 32 34 37 31 34 37 34 38 48 31 37 42 36 42 38 37 41 44 36 42 37 42 38 45 35 34 45 38 55 40 44 46 35 42 37 45 46 44 46 45 47 42 54 57 35 43 63 47 50 51 46 49 44 45 63 53 58 47 48 52 46
26 32 30 35 30 25 31 36 35 30 26 32 30 32 34 34 24 33 30 25 24 30 34 34 31 28 36 32 28 35 30 37 37 35 34 34 26 36 35 28 39 40 32 36 36 46 34 40 39 41 39 39 35 38 44 38 38 41 48 43 47 46 29 34 40 39 46 39 50 40 37 41 42 36 47 35 46 46 38 41 39 48 50 40 51 49 46 49 43 56 51 46 39 55 54 50 43 46 46 44
27 26 38 28 33 33 37 26 36 31 33 31 28 37 38 31 32 29 30 32 35 28 30 33 33 29 35 30 37 30 28 37 36 36 33 29 42 37 35 38 38 33 33 37 33 40 27 37 30 47 39 37 43 34 37 37 36 41 42 40 38 43 46 43 42 45 45 38 51 41 41 35 35 55 44 45 41 46 39 41 52 45 44 50 47 47 48 47 48 49 41 49 45 47 60 55 50 51 48 44
26 29 37 29 32 32 30 34 31 28 35 34 31 32 24 33 32 34 33 35 27 33 34 36 35 32 36 30 30 28 34 47 32 30 36 30 31 38 30 36 43 41 35 35 34 33 37 42 41 39 38 41 39 36 36 44 34 44 35 43 42 34 38 36 39 42 47 41 42 47 41 46 44 47 44 50 45 42 40 47 42 54 53 48 46 45 57 48 54 47 43 50 57 53 39 55 53 50 52 45
35 28 29 31 26 25 33 29 34 31 31 30 29 32 29 35 30 34 39 31 29 30 32 27 31 30 40 34 36 32 35 35 41 40 30 40 33 35 38 32 30 38 31 34 36 42 32 38 38 36 36 35 36 38 40 49 33 33 45 35 50 36 33 40 36 35 38 37 50 45 44 49 47 37 49 44 34 45 44 47 48 39 45 42 45 49 45 45 48 47 53 47 50 56 50 45 53 54 49 52
28 34 29 28 24 25 28 27 33 26 32 32 31 28 29 30 27 39 34 34 37 35 32 27 38 32 29 40 29 31 38 37 35 30 35 37 40 36 30 31 33 35 29 42 34 36 37 37 30 41 34 47 40 37 40 42 28 32 38 34 38 37 36 44 39 40 36 49 41 47 40 45 33 45 36 41 46 56 50 48 41 42 46 42 47 57 44 50 46 48 48 52 46 58 53 47 56 50 35 43
25 22 30 30 31 27 34 30 31 26 33 33 27 24 35 34 28 30 38 35 34 37 34 30 37 31 28 29 35 34 34 34 50 27 30 40 42 40 37 27 36 35 39 34 39 37 35 36 42 39 36 36 38 38 39 44 33 37 40 44 37 38 37 40 47 45 44 42 44 42 41 40 42 39 43 44 45 37 55 41 41 41 43 42 59 51 42 46 46 53 55 52 40 44 56 55 53 54 54 50
30 28 30 29 29 27 33 36 27 33 28 28 29 33 27 33 27 42 35 33 35 32 34 29 27 30 32 32 33 31 28 29 36 35 36 42 31 40 37 39 31 41 34 39 36 36 41 39 38 46 35 33 36 33 32 30 48 41 46 44 39 40 37 49 41 33 38 42 39 44 41 45 44 37 46 41 48 41 46 49 47 46 42 42 48 48 54 52 40 47 43 49 47 36 51 56 50 59 41 50
29 28 29 35 22 27 31 34 28 39 28 27 35 25 32 30 35 36 30 31 24 32 27 35 31 32 33 38 30 36 28 40 38 37 33 33 35 32 30 34 42 38 35 32 33 37 37 41 37 29 38 31 36 34 38 32 33 43 43 46 37 38 32 46 46 37 33 42 41 39 42 54 40 46 49 43 40 39 42 46 49 46 43 50 50 43 45 45 53 47 41 45 48 43 55 52 57 48 50 49
34 28 27 31 29 31 32 27 35 34 34 28 33 27 30 26 26 32 32 39 31 35 34 33 35 31 28 28 31 43 28 35 34 32 28 32 32 41 36 41 35 34 38 38 38 36 25 36 40 34 42 32 37 39 32 34 42 36 40 44 40 41 38 46 41 42 44 44 44 50 44 43 41 48 38 44 48 48 44 48 40 41 41 45 55 38 50 36 50 49 49 54 49 41 46 49 52 51 49 44
27 31 32 34 27 34 25 31 32 32 36 21 28 29 29 26 32 31 32 30 38 30 29 32 37 34 30 34 35 38 36 37 39 34 34 39 34 35 27 35 33 29 33 39 39 40 40 36 39 39 43 43 32 41 35 47 40 38 38 43 35 49 36 43 39 39 46 37 39 41 44 44 48 36 42 54 43 52 47 46 44 54 41 58 42 44 56 45 45 51 54 42 47 64 56 43 46 49 53 56
29 29 33 30 29 30 37 32 32 27 27 33 28 32 35 35 28 32 37 33 35 31 35 31 35 29 37 29 36 44 40 31 34 36 40 35 35 33 38 43 41 35 42 45 33 35 37 35 31 35 40 45 36 31 36 40 43 37 40 37 39 37 42 45 44 42 43 38 43 44 42 39 38 43 43 50 41 41 39 51 49 52 48 40 48 55 40 57 44 52 45 45 53 60 55 61 52 46 46 52
27 27 25 33 24 34 29 31 28 33 35 30 36 29 26 33 34 34 27 36 31 43 34 27 32 27 33 35 33 35 33 37 42 40 28 35 29 36 36 35 30 35 35 33 41 30 39 45 39 37 37 44 41 36 39 40 38 41 42 49 37 42 41 43 39 47 44 46 41 40 46 46 38 43 48 39 40 38 46 44 45 46 46 52 42 45 46 45 54 49 49 48 54 46 45 59 58 45 55 47
28 30 35 26 28 34 30 24 33 35 27 35 34 34 27 30 34 31 36 29 35 33 35 30 42 35 29 29 43 32 35 37 31 41 38 37 33 33 37 36 30 30 34 36 36 37 33 38 34 37 34 40 36 40 38 43 41 32 31 44 39 37 40 33 38 38 43 42 41 40 43 45 45 37 43 41 44 40 50 47 51 49 47 40 51 39 50 57 43 59 49 51 46 38 48 52 49 47 47 36
31 32 33 31 27 28 34 29 29 33 29 34 26 26 29 29 31 28 32 27 23 31 31 33 34 36 34 35 34 31 35 35 40 33 36 36 31 35 44 40 40 37 33 39 39 38 40 42 36 37 49 34 38 38 41 41 35 33 41 41 41 35 36 39 33 41 41 42 37 37 39 45 40 47 53 47 37 32 43 48 45 52 45 43 41 41 48 38 42 41 53 42 41 52 45 43 56 40 56 44
31 31 30 27 35 28 33 36 32 28 30 27 32 33 32 33 33 33 39 33 35 27 30 31 31 32 40 39 40 36 36 33 50 31 35 43 39 35 38 45 40 34 47 34 39 49 38 36 34 43 33 38 43 40 44 46 40 47 46 38 41 42 57 45 41 46 48 52 48 48 40 45 45 50 45 43 54 53 44 43 41 43 40 51 50 56 52 60 55 51 51 60 56 59 54 50 48 48 53 50
37 43 27 28 31 37 40 30 35 41 42 38 34 36 46 60 43 54 50 39 67 66 64 72 45 54 110 66 60 54 73 89 60 52 63 92 84 76 108 88 89 85 74 88 79 106 101 130 96 107 94 82 109 56 126 97 84 83 82 113 98 160 121 102 136 103 137 139 130 85 125 137 181 149 127 176 130 162 185 170 147 125 155 173 214 187 154 185 122 165 157 147 185 163 153 187 181 161 138 159
172 113 220 163 247 152 171 256 272 246 166 244 227 195 262 205 278 230 267 280 245 296 222 261 265 299 264 259 329 281 259 347 350 293 318 338 365 362 340 327 338 311 359 291 374 352 355 406 384 402 351 419 279 349 377 395 415 392 381 336 396 419 401 363 358 405 398 400 399 372 374 352 415 432 428 406 407 415 408 430 411 434 414 433 441 388 440 396 466 407 429 411 428 424 441 412 458 438 451 416
464 462 466 457 475 475 471 476 474 490 489 489 488 492 481 490 486 489 491 494 492 484 492 491 485 493 482 499 496 491 493 497 492 492 492 493 492 495 490 499 501 495 483 497 494 491 493 481 500 500 496 494 494 495 497 500 491 497 499 499 498 498 498 497 494 498 494 496 502 498 496 496 496 497 496 498 496 495 499 496 500 500 496 499 499 498 499 496 497 499 497 501 499 498 496 498 499 499 499 498
385 414 415 403 438 420 449 418 467 442 453 412 431 438 482 435 450 477 470 446 457 471 466 463 477 453 474 463 478 465 478 464 491 487 479 496 483 486 481 494 497 471 497 494 497 489 493 498 492 491 495 494 485 496 497 493 499 495 495 502 497 496 495 497 497 492 498 500 497 498 496 500 490 496 500 500 497 493 499 497 498 493 498 498 502 500 498 495 498 497 502 495 501 494 500 498 495 506 495 497
184 170 156 220 208 191 186 235 198 228 211 246 232 253 257 250 266 274 272 283 292 299 343 308 292 321 334 352 325 343 342 378 362 343 389 357 389 394 393 372 371 384 422 414 357 408 410 412 431 439 420 445 427 468 432 441 450 448 458 469 451 466 486 463 454 457 481 469 476 482 486 469 480 480 470 481 477 459 477 489 488 477 467 467 486 476 485 480 487 492 484 483 493 490 489 487 489 491 486 481
