47 46 46 48 51 48 48 51 55 55 47 50 46 55 59 49 49 43 52 42 57 48 58 43 47 54 45 57 50 50 55 50 50 57 50 52 59 56 50 49 56 52 50 57 60 53 54 50 60 50 58 63 62 50 49 53 46 56 59 68 66 54 59 71 67 58 60 62 64 58 72 65 62 58 60 68 61 77 60 74 61 64 62 59 65 65 69 57 70 57 67 60 67 58 66 66 63 66 54 69
52 50 52 51 52 49 44 52 57 53 45 44 49 52 49 57 49 56 49 51 49 49 48 40 47 45 51 55 49 57 56 55 58 47 53 51 51 50 55 57 52 66 44 54 53 65 52 60 51 54 61 57 53 66 55 51 48 64 64 50 65 68 66 66 61 59 61 53 65 61 56 57 60 67 58 71 62 62 67 64 66 55 68 67 66 69 72 64 67 65 56 59 75 77 76 73 62 72 75 65
47 46 49 43 47 47 52 49 54 46 46 43 48 57 49 49 55 57 44 52 52 49 42 43 53 56 44 52 58 56 48 57 50 56 55 52 51 46 50 50 47 63 53 56 49 43 54 64 53 54 53 52 59 54 62 56 57 48 53 53 60 52 60 61 55 62 61 67 59 61 65 70 64 60 58 60 56 62 61 64 55 60 69 80 59 72 79 60 68 63 67 70 74 55 59 69 61 77 66 76
46 44 48 52 45 44 47 49 50 41 47 46 44 50 52 49 55 53 53 54 49 51 50 54 50 57 53 49 52 57 50 55 54 48 50 44 58 54 48 52 47 58 60 55 54 55 47 44 62 52 55 50 66 55 57 56 60 63 63 58 58 57 53 58 63 58 54 55 58 52 51 51 68 61 55 65 63 62 69 73 73 65 61 53 59 60 67 79 62 74 70 63 61 86 66 71 67 64 59 64
50 46 50 44 45 40 36 49 46 49 53 49 61 47 43 44 53 55 51 49 52 52 55 48 57 50 49 53 49 39 55 58 51 53 55 54 53 52 45 49 56 55 62 57 56 71 55 48 51 52 55 62 54 62 54 58 51 59 58 44 58 67 48 47 56 51 52 58 66 69 60 52 51 49 56 53 75 57 66 63 64 64 61 71 59 60 59 68 51 64 58 69 63 69 79 71 76 63 63 64
46 41 50 49 40 52 46 60 47 53 46 52 46 51 48 41 45 48 52 47 43 46 52 52 46 44 53 52 51 51 56 49 56 48 52 63 50 54 49 50 63 55 61 47 64 50 69 57 48 61 49 60 58 62 58 52 52 56 67 59 59 60 57 50 55 52 57 64 57 62 66 56 58 62 68 62 63 60 62 55 52 61 57 67 58 68 56 69 64 68 70 69 80 85 60 59 75 60 57 63
46 37 53 39 49 50 49 51 42 47 66 50 42 50 45 55 55 44 55 43 54 56 56 52 44 52 52 50 48 45 59 54 52 47 53 55 52 52 55 57 58 52 60 58 61 70 52 57 57 60 59 63 51 60 56 48 58 59 60 52 59 62 53 66 57 61 54 60 54 58 56 64 61 58 66 59 55 73 62 61 60 71 70 58 76 65 66 71 72 59 69 67 55 65 63 71 67 76 78 71
52 47 51 42 50 56 51 48 50 47 50 52 44 51 49 43 54 56 49 54 58 45 55 52 46 42 59 57 48 48 53 52 53 51 47 54 53 50 57 54 64 53 57 52 53 58 57 49 48 47 59 49 65 60 59 66 48 56 57 62 57 56 61 49 49 62 60 63 54 64 54 57 58 65 75 55 65 65 63 48 64 71 67 74 61 58 73 74 65 71 54 59 71 63 74 67 60 69 71 64
48 44 54 44 49 51 47 52 44 42 43 50 41 45 47 61 48 54 42 55 47 54 44 45 59 38 47 48 49 55 52 50 50 50 47 53 53 52 45 49 46 47 57 48 44 55 55 54 59 57 51 66 53 58 55 58 54 67 46 58 64 52 62 58 63 59 61 57 50 54 58 65 74 65 68 68 50 66 59 51 64 66 66 57 58 60 60 67 74 59 71 66 67 70 72 74 72 65 71 77
47 44 40 53 46 54 37 46 43 47 57 41 59 57 54 53 50 49 43 47 49 46 48 53 46 42 54 49 46 58 47 48 53 60 53 47 55 45 52 59 49 48 57 54 52 64 56 47 54 48 49 63 59 59 56 61 62 56 61 63 59 59 65 61 53 54 55 72 60 53 56 57 72 59 62 66 59 54 52 63 62 62 60 62 54 61 65 69 62 68 53 72 66 74 79 84 61 69 71 67
48 42 46 50 49 43 41 48 44 43 51 50 45 58 50 43 45 55 47 50 42 53 49 47 44 46 42 54 51 59 41 56 49 49 48 54 49 43 56 43 58 56 48 47 53 54 54 57 58 49 61 55 60 52 63 56 56 50 54 51 67 51 65 60 59 62 61 55 63 54 58 58 59 65 55 54 61 72 63 66 61 51 69 60 63 75 57 66 61 64 53 68 59 62 64 69 71 81 75 69
52 54 46 47 46 44 47 47 51 50 50 53 59 57 49 42 46 53 46 53 46 49 56 48 53 47 54 45 48 51 51 48 61 51 53 65 50 49 52 48 58 46 57 53 62 47 54 54 54 59 56 54 53 58 47 59 59 52 52 54 58 52 69 64 61 49 49 61 57 72 59 65 65 68 60 62 50 65 69 51 62 56 60 57 68 68 63 69 69 46 72 60 58 71 64 61 55 52 60 76
43 52 46 47 51 49 44 42 50 51 46 59 52 54 52 51 38 52 45 54 49 47 51 51 50 52 44 49 53 51 43 51 56 57 55 50 50 58 52 58 49 53 52 54 49 53 49 58 51 55 58 58 66 65 56 59 52 65 47 62 60 70 49 68 58 62 64 58 61 74 58 68 73 62 61 59 61 60 57 76 68 66 65 58 57 73 63 69 66 64 63 61 85 63 76 69 62 65 55 71
46 49 50 55 43 46 48 51 46 44 48 54 54 49 51 51 50 46 50 51 49 61 58 51 56 52 51 47 51 53 50 47 48 54 49 53 47 68 50 50 49 55 55 61 44 55 62 54 63 51 58 50 58 49 70 60 59 64 56 57 57 65 49 52 51 55 67 57 58 57 57 54 59 68 63 73 50 58 71 56 57 53 72 57 73 74 63 60 62 63 66 62 67 76 69 61 65 73 73 52
49 45 51 52 45 61 57 46 51 44 45 57 37 52 45 56 58 44 49 54 51 59 54 51 50 47 51 55 52 48 49 56 60 47 40 56 57 52 55 53 54 50 53 61 53 57 64 53 68 44 58 55 61 47 55 56 64 53 54 64 64 56 62 57 51 63 53 64 64 56 58 51 68 56 68 60 70 70 71 61 74 66 73 54 68 56 59 70 69 76 69 67 60 80 66 81 73 71 68 66
42 47 43 47 51 51 48 42 53 54 56 48 52 50 49 35 48 51 50 51 48 50 55 53 54 49 45 52 50 49 51 54 47 53 53 50 46 53 50 50 49 62 54 43 62 54 43 60 55 61 63 46 68 58 54 54 54 65 49 59 56 68 55 48 57 50 56 63 61 55 61 56 73 61 61 67 53 64 57 58 69 63 62 55 58 62 53 54 62 67 71 68 70 61 67 65 77 68 72 73
41 47 47 59 49 53 46 50 47 46 52 46 47 52 58 57 44 49 47 54 55 51 50 56 51 45 55 54 54 59 54 48 49 51 50 56 53 59 56 52 47 51 47 62 50 54 54 55 48 55 54 61 61 67 52 46 63 58 54 58 61 53 55 55 54 69 61 60 60 57 72 51 73 64 62 60 56 57 66 54 58 69 58 64 62 65 56 46 66 71 45 70 68 68 66 60 81 59 72 75
49 53 56 45 44 55 53 52 46 58 40 51 50 52 53 49 40 58 44 52 48 44 49 53 46 51 51 59 48 54 50 56 58 46 52 65 47 54 56 52 53 54 49 53 63 50 59 55 59 59 52 67 53 52 52 52 63 59 59 56 51 58 56 61 65 62 56 56 61 59 57 62 66 57 61 58 61 58 81 54 59 63 61 62 72 63 70 67 54 72 67 63 69 68 73 80 62 70 62 67
45 51 46 42 51 41 50 44 37 46 48 53 41 60 50 49 58 44 61 50 48 54 51 50 44 48 50 53 58 54 53 46 55 51 53 53 50 46 61 51 40 55 63 59 50 63 54 54 61 53 52 56 60 65 53 55 61 58 46 56 61 57 56 56 65 64 55 61 62 73 53 67 66 62 59 56 61 80 61 63 64 65 61 62 57 51 64 76 69 67 75 62 69 79 78 77 64 84 67 68
48 47 43 43 46 51 58 52 48 53 51 50 58 52 56 54 41 50 53 60 49 55 52 59 44 57 45 47 44 52 53 58 46 48 51 48 52 50 53 46 59 58 63 49 67 61 58 51 55 58 59 62 43 59 60 58 64 57 63 55 59 60 51 49 44 64 56 61 58 59 60 59 60 50 73 66 61 67 54 57 68 79 70 69 65 53 60 67 75 64 56 70 62 77 73 66 63 73 79 70
46 47 47 47 46 49 47 48 43 51 43 40 46 47 48 48 51 49 49 48 43 48 54 42 45 42 53 52 43 54 58 55 59 51 50 49 53 60 64 63 51 54 40 59 52 53 59 58 49 55 58 45 58 56 64 57 49 57 61 68 49 63 52 60 57 62 57 52 61 55 51 62 57 68 55 68 63 53 72 58 63 66 67 67 72 66 69 60 77 56 63 77 68 66 56 58 69 69 61 80
51 41 44 56 51 52 53 41 49 46 44 48 49 55 48 40 40 43 52 51 43 51 53 55 52 57 52 45 51 58 58 50 52 53 44 54 53 50 53 58 50 58 52 49 50 58 52 47 50 52 49 54 58 56 55 53 54 57 66 63 70 53 65 55 60 65 68 66 51 59 69 64 63 66 74 64 68 62 44 74 62 62 60 60 62 68 68 67 72 73 75 76 63 67 80 67 62 68 63 57
55 41 47 49 53 56 51 50 48 48 42 47 45 51 47 46 49 44 52 48 55 49 50 44 46 48 42 58 60 51 51 58 63 49 49 48 49 50 56 56 53 46 54 49 67 56 52 50 58 57 69 58 51 56 50 59 70 67 57 62 58 51 52 61 58 49 60 60 61 71 53 70 51 60 46 76 62 52 72 55 67 64 68 54 62 61 63 74 57 77 58 65 61 64 69 63 68 85 71 69
51 43 49 49 47 45 49 47 44 51 47 40 50 40 48 53 45 51 45 50 50 53 45 54 48 56 55 47 49 47 52 51 47 52 55 46 45 64 55 59 56 53 57 56 49 51 49 59 57 54 52 52 58 46 68 50 54 62 53 58 56 57 48 57 71 67 54 57 53 62 55 62 64 66 61 59 53 52 55 63 68 55 65 55 72 66 63 54 71 70 72 61 77 72 63 62 78 76 69 85
44 43 41 49 55 52 50 52 43 47 45 49 52 49 45 46 44 47 53 45 47 49 53 55 48 59 50 43 54 53 49 42 52 49 48 50 54 47 51 62 49 52 45 52 49 54 56 58 54 58 66 60 53 50 58 57 59 67 69 64 53 56 54 62 49 49 70 62 57 57 65 68 57 60 56 69 53 54 59 55 57 74 53 71 57 63 77 56 59 71 73 73 71 63 64 66 67 91 52 69
51 44 47 42 50 52 56 43 49 50 43 50 53 43 48 44 47 54 51 57 46 51 42 48 54 50 45 61 44 48 48 50 47 56 57 58 53 47 62 48 54 60 55 49 54 54 64 51 66 59 56 53 60 58 49 50 65 50 61 66 55 64 62 45 63 52 65 59 60 64 54 60 62 64 64 67 64 57 62 70 61 70 67 67 55 67 68 74 69 67 86 60 65 64 81 59 76 62 51 75
44 49 47 47 49 45 46 50 45 46 51 57 58 54 43 54 44 50 50 46 54 48 47 55 57 53 53 59 43 46 49 60 60 45 49 50 55 60 47 59 46 50 53 72 59 48 55 64 52 62 51 48 55 51 54 60 59 57 58 61 61 56 51 56 51 66 53 58 69 60 60 63 59 64 68 51 61 68 64 63 66 68 67 58 59 53 63 63 72 66 70 62 76 76 55 65 56 69 64 68
42 50 42 44 50 45 42 53 50 45 50 51 47 59 54 47 46 47 49 58 49 49 47 46 52 51 48 60 55 53 45 52 53 48 59 51 60 51 55 53 52 49 60 56 52 56 53 63 50 52 59 62 59 53 62 57 45 53 56 50 54 56 55 53 50 65 61 51 64 58 50 68 52 64 59 59 69 65 82 65 63 63 63 68 59 69 65 66 59 69 68 72 66 58 74 68 73 64 72 61
42 52 48 48 41 44 43 48 50 58 44 50 49 47 48 38 48 53 46 66 55 44 51 50 49 55 51 44 56 57 48 47 58 55 55 56 55 53 52 51 52 55 53 58 52 54 48 47 54 55 54 58 72 55 54 61 54 63 60 43 56 55 62 60 61 57 63 64 59 52 72 54 69 66 72 69 56 61 64 60 61 66 71 74 72 64 64 64 56 58 58 72 71 60 59 64 72 69 77 88
44 46 55 42 42 48 47 53 43 38 45 49 49 56 53 41 50 51 45 60 57 45 46 54 44 51 51 51 54 53 47 56 50 54 50 50 49 53 50 59 48 53 60 62 52 59 50 52 61 50 55 46 56 54 58 62 60 55 54 53 50 55 62 58 51 60 60 63 52 68 50 58 64 68 67 74 55 62 65 72 62 73 75 69 70 65 63 61 74 77 63 61 65 71 64 55 70 70 61 65
43 55 52 56 45 50 50 52 51 60 50 52 43 49 51 51 53 45 51 53 54 56 50 47 45 53 54 51 55 51 44 52 56 66 48 56 46 47 63 48 53 63 52 59 57 56 62 51 56 53 58 55 57 61 59 56 54 51 65 62 67 54 62 56 52 49 60 47 59 58 50 70 61 51 69 62 50 71 64 63 70 68 58 60 63 76 69 60 58 63 71 56 71 64 72 65 57 58 68 74
43 48 41 43 37 43 52 51 48 48 51 49 54 46 58 53 46 47 55 49 46 50 49 58 57 53 43 52 48 48 49 56 51 55 56 51 56 44 52 51 55 55 57 50 46 58 64 58 57 48 56 53 62 52 45 49 53 73 54 53 56 56 46 59 64 55 58 63 68 59 49 67 62 63 70 64 60 61 60 75 53 68 60 61 79 60 76 77 72 61 69 64 80 69 58 71 66 75 66 75
45 48 46 43 43 42 49 45 48 47 57 53 53 42 49 49 46 52 48 61 57 60 48 56 47 55 51 62 53 57 52 59 49 53 58 46 45 49 58 48 46 44 52 52 54 56 55 55 52 59 57 66 48 48 58 50 50 64 51 61 65 63 63 56 62 64 61 61 71 61 60 55 65 47 73 69 49 55 65 70 70 65 64 76 65 69 60 65 70 60 61 68 72 73 67 66 65 74 61 76
48 46 47 40 51 47 46 51 57 55 54 55 42 47 48 42 52 52 48 48 50 45 58 49 56 57 54 48 53 48 57 54 44 55 50 54 51 50 53 47 48 54 58 59 54 54 58 52 58 59 61 51 52 46 57 51 60 53 52 56 62 56 46 68 61 61 65 48 56 53 53 67 59 60 60 66 68 71 68 66 63 66 53 64 63 65 66 60 66 63 67 59 64 62 78 49 73 72 69 63
46 45 56 55 46 55 39 46 41 53 51 46 47 46 41 48 53 49 48 50 49 51 47 51 58 53 52 58 51 54 49 57 44 53 54 56 52 56 54 64 54 55 51 54 50 48 52 57 55 45 67 54 66 54 47 55 56 53 63 58 58 47 69 56 58 57 64 75 65 63 62 71 76 56 70 46 60 58 59 54 67 62 58 55 68 74 70 64 55 65 69 75 71 73 66 70 63 66 56 74
51 50 49 44 46 45 53 45 48 63 53 54 41 50 42 51 43 44 50 56 52 43 46 53 58 50 52 53 52 46 48 60 44 45 51 65 48 48 50 45 56 49 54 57 54 50 55 56 48 61 58 50 57 54 55 53 61 46 52 58 58 54 56 61 65 56 50 61 53 61 71 62 57 65 56 53 63 65 72 60 61 75 65 79 71 64 65 74 60 70 65 85 62 68 65 87 73 73 63 72
44 48 41 53 48 44 48 46 56 52 54 55 51 55 47 56 52 52 53 54 57 50 47 45 53 56 40 55 48 53 48 55 62 51 52 57 56 54 42 45 58 57 47 47 55 59 54 61 51 56 67 57 61 55 57 53 60 55 52 63 56 67 52 67 53 57 56 69 66 55 56 61 53 75 58 53 62 54 72 76 48 64 66 60 58 76 67 79 59 78 78 75 65 72 62 63 65 75 69 75
47 47 46 48 48 47 47 43 43 50 44 47 54 55 50 51 43 54 47 45 46 58 43 60 47 45 54 59 57 61 50 54 59 54 61 40 64 46 59 59 65 57 60 48 55 64 55 45 55 50 57 52 48 56 59 62 63 51 54 65 57 53 57 52 58 54 56 61 62 56 59 71 59 60 66 70 64 68 73 64 78 67 57 64 57 76 73 45 61 62 76 56 68 56 67 75 65 74 80 66
49 49 54 51 45 44 51 49 48 49 49 44 59 55 44 57 50 51 55 46 53 60 52 51 48 51 51 53 56 43 50 61 57 51 52 57 48 51 53 52 46 59 52 59 60 58 60 57 58 55 56 54 60 53 56 54 56 61 52 60 66 57 56 54 58 51 57 56 57 69 60 47 67 70 68 68 69 64 68 52 54 71 69 69 61 71 64 72 56 60 63 58 71 74 77 74 63 58 74 57
48 43 48 41 52 51 51 46 44 44 42 54 49 49 52 42 51 48 46 49 46 41 52 53 49 44 57 51 53 45 46 48 58 43 57 50 51 48 51 55 52 51 53 60 45 56 55 53 56 65 53 61 57 55 58 59 59 60 59 65 55 61 58 60 63 63 61 62 58 57 63 59 59 62 52 54 60 60 66 63 65 57 68 62 68 68 73 70 59 71 61 69 55 60 69 70 85 83 71 63
43 50 44 50 48 54 47 50 43 53 45 52 51 48 51 46 48 51 57 46 51 44 48 44 52 51 59 48 52 46 58 54 51 56 59 54 56 51 55 51 47 52 54 57 52 47 60 51 52 52 46 49 55 50 50 57 64 62 56 52 57 52 60 69 62 63 65 62 62 63 57 51 54 60 62 65 65 60 54 60 55 64 66 69 73 55 71 73 64 58 82 68 64 72 55 68 76 74 78 79
57 44 46 45 50 50 55 49 56 43 51 56 45 57 53 46 49 56 61 46 53 59 64 55 51 53 50 53 52 44 58 47 45 52 57 57 48 56 54 48 45 55 54 54 52 55 53 60 57 53 56 56 56 60 57 66 57 64 66 59 58 58 58 58 53 61 63 64 67 62 58 44 63 64 72 67 61 56 65 60 72 60 53 52 58 61 67 65 76 68 64 65 66 72 78 72 69 69 70 58
46 43 42 52 55 44 58 46 50 50 49 48 41 53 51 43 50 49 56 44 49 43 52 57 46 52 51 62 54 61 56 53 63 55 46 48 47 50 49 49 50 56 54 62 48 52 59 52 55 58 67 63 57 59 58 58 46 65 59 59 47 53 56 47 58 65 59 46 63 52 63 56 53 61 64 53 61 77 52 72 68 70 68 58 58 65 67 73 68 68 67 73 67 72 73 74 68 65 66 67
52 48 49 52 45 53 48 49 48 54 45 40 51 48 48 51 42 54 45 54 44 51 41 48 51 45 56 45 47 45 56 47 57 55 48 46 54 55 52 46 54 54 56 56 49 69 57 55 61 49 53 56 59 55 52 61 57 78 59 47 56 49 62 53 63 63 71 61 52 57 61 49 65 56 61 52 57 63 51 76 55 67 50 55 68 65 58 55 69 53 60 71 70 73 83 62 68 85 74 77
48 47 43 48 49 45 48 44 36 50 47 51 54 54 43 57 52 44 52 50 51 49 55 44 44 49 53 56 50 50 59 60 54 50 49 56 60 53 63 46 48 54 50 54 57 61 52 57 62 49 57 61 69 55 52 62 56 59 72 54 47 55 54 58 65 70 49 60 52 61 72 68 59 58 77 67 58 66 58 59 62 62 76 61 48 62 67 67 62 73 63 65 73 66 60 76 61 63 62 70
46 48 53 48 48 43 49 45 47 51 55 49 49 51 45 53 48 50 46 45 46 43 60 49 50 52 49 47 53 51 46 53 54 54 47 50 57 53 54 64 57 51 45 56 55 46 50 56 61 48 60 56 62 57 59 56 69 53 59 63 48 66 54 57 54 57 58 60 66 63 53 67 67 62 70 62 75 57 49 59 55 78 59 66 63 77 73 61 60 69 61 61 69 68 64 71 59 69 63 52
48 51 45 51 48 48 43 42 46 50 47 47 42 51 48 44 53 52 48 51 46 45 48 49 56 58 47 49 44 50 54 52 48 55 42 49 55 52 51 49 55 52 55 66 60 52 52 51 53 56 69 67 56 54 57 60 63 57 60 60 62 69 64 64 72 55 61 71 69 56 56 62 60 65 60 61 66 60 60 65 59 68 68 60 75 66 71 78 62 71 61 73 73 72 68 80 55 75 66 60
44 50 43 45 48 45 49 46 54 53 51 43 56 45 45 54 49 62 49 51 51 50 47 55 52 50 57 50 48 39 55 53 57 58 47 51 58 55 59 55 55 53 63 47 52 46 47 53 47 45 65 46 58 55 63 59 60 49 59 55 64 62 61 56 64 51 54 52 54 62 55 58 55 55 71 57 52 52 67 58 51 56 71 60 73 60 66 71 73 88 62 65 55 59 66 69 76 52 76 64
46 51 44 48 51 47 49 47 47 44 41 54 50 35 51 49 55 44 47 49 48 57 53 57 55 55 41 54 49 50 51 52 65 53 48 47 65 47 58 59 55 52 53 62 48 59 49 58 60 48 53 53 60 63 57 57 56 53 62 57 54 55 62 48 62 68 69 56 60 58 52 63 60 67 56 62 59 62 75 62 68 68 64 70 59 71 59 69 67 66 74 75 56 72 73 79 66 71 63 60
49 46 58 52 44 49 50 50 43 55 46 48 49 49 50 45 56 45 45 47 54 46 49 45 58 50 46 49 47 50 45 48 61 62 51 55 56 55 53 54 54 50 52 51 54 50 50 56 59 54 48 57 50 55 50 56 63 54 56 56 59 49 54 63 58 52 57 61 71 56 53 55 54 57 51 60 63 55 66 47 67 66 66 64 63 65 75 74 58 73 72 64 79 70 67 74 68 70 75 70
51 51 52 50 41 50 44 43 58 43 44 54 45 54 46 48 52 45 50 51 55 46 47 44 45 55 49 50 53 47 51 51 58 40 43 48 48 48 55 55 49 56 52 55 49 52 50 52 73 59 53 59 50 51 64 57 56 61 59 53 61 62 64 66 62 58 60 68 66 61 63 60 61 63 61 59 52 55 66 62 56 75 71 57 62 64 57 53 63 63 69 70 65 75 75 74 74 70 72 70
44 46 47 52 48 50 48 47 58 46 49 49 47 49 49 48 44 49 63 46 49 47 44 53 48 53 44 53 43 45 51 48 56 53 50 53 50 52 47 55 57 61 52 49 58 55 55 56 48 55 66 43 56 60 56 53 58 48 59 63 59 56 56 56 71 61 69 61 67 60 57 62 63 54 68 58 54 65 70 68 70 65 66 67 74 67 60 69 72 68 77 67 73 59 76 89 73 69 66 75
51 50 48 50 45 48 46 43 47 45 45 61 49 48 54 45 44 51 53 52 50 49 47 49 41 52 49 50 47 50 58 47 48 52 45 54 47 36 65 62 61 50 54 51 39 53 59 52 63 54 65 62 71 48 56 51 65 51 59 61 67 59 60 53 71 62 67 56 59 56 66 56 62 62 59 51 58 56 68 71 66 55 57 69 64 61 58 67 74 70 54 64 65 84 64 71 79 67 79 66
52 50 47 47 41 42 45 52 46 50 51 56 53 54 47 45 60 44 52 36 53 51 59 55 45 51 56 48 51 46 50 55 60 54 62 55 53 49 44 55 57 53 53 54 54 58 55 57 54 59 64 54 62 60 47 58 55 52 60 56 71 60 53 59 52 50 56 61 48 52 69 55 50 50 73 51 54 68 58 61 76 64 80 57 75 55 63 69 78 60 62 57 80 73 50 84 74 66 64 83
50 57 42 48 54 51 56 52 51 54 41 54 42 49 48 54 50 50 54 56 49 56 52 55 50 46 50 61 51 46 43 53 52 58 47 46 48 55 52 62 58 58 49 57 56 58 50 46 45 50 58 49 55 44 51 64 51 60 53 59 51 62 56 70 59 63 55 60 70 64 60 60 64 59 61 63 74 59 62 67 64 61 60 59 75 73 70 61 55 79 61 79 76 68 64 65 51 70 62 65
54 50 44 51 44 43 54 53 41 49 58 47 47 49 50 52 49 45 54 52 46 56 58 48 49 44 58 56 48 49 59 55 56 51 52 48 52 47 59 57 41 57 52 55 53 56 49 55 49 57 51 53 53 56 59 52 64 55 60 57 58 67 55 54 62 54 60 62 65 58 60 64 57 58 56 62 49 61 60 56 68 78 62 57 67 62 64 66 65 59 67 68 81 61 74 76 65 78 84 74
53 54 49 55 47 42 53 50 42 45 45 50 50 39 54 47 52 52 46 42 51 52 57 52 47 54 47 48 43 55 57 51 53 61 54 45 48 50 53 50 52 62 55 53 51 59 60 53 46 57 60 50 46 56 51 56 68 64 63 59 56 60 62 65 59 57 54 73 64 61 70 56 59 64 63 66 60 63 71 68 72 60 60 68 57 62 57 65 61 67 73 68 67 73 72 73 53 72 74 64
47 50 43 51 38 49 45 51 41 42 54 46 53 44 53 54 48 59 57 51 52 47 44 50 50 52 54 60 53 54 60 59 52 57 50 54 51 56 50 46 49 55 59 58 59 61 45 60 57 50 48 61 50 52 57 53 54 51 55 59 65 61 57 63 66 63 62 54 56 64 74 59 72 57 57 62 66 68 52 61 66 63 58 61 62 64 64 56 64 65 55 64 66 61 83 76 72 69 63 58
52 54 47 46 46 51 56 58 49 50 44 53 43 48 52 49 42 49 56 51 41 49 43 54 43 56 55 61 55 54 46 48 54 51 45 50 48 50 46 46 52 69 53 59 63 48 56 52 59 51 53 50 57 61 47 52 45 52 64 53 52 66 58 58 57 59 57 65 74 55 67 61 67 58 56 62 66 57 74 61 65 51 65 64 70 69 76 57 74 75 67 75 66 72 75 62 70 71 67 69
54 43 42 43 46 46 47 49 60 54 47 48 54 47 51 53 56 51 46 46 47 52 46 53 43 54 47 46 49 48 51 52 53 54 53 55 53 49 52 46 49 54 44 52 55 49 53 50 64 56 61 56 56 47 62 57 60 57 57 55 59 67 59 58 61 58 60 66 53 58 57 50 68 67 69 50 70 56 69 63 69 59 51 69 45 61 60 54 62 58 76 60 67 67 71 54 61 57 77 72
45 57 54 51 49 41 55 58 55 52 48 41 56 50 48 48 54 52 51 53 45 55 48 52 55 52 49 46 46 49 49 52 48 57 58 55 48 55 53 57 50 67 51 49 60 59 63 52 56 52 50 59 57 49 58 59 61 54 55 52 56 52 68 56 70 53 64 57 64 71 50 63 71 62 60 58 63 69 74 67 65 56 63 61 68 54 62 63 59 59 54 50 66 62 64 72 68 74 64 66
45 54 57 39 43 46 51 49 48 50 46 52 49 48 46 49 44 48 56 48 50 59 60 54 62 48 44 48 57 45 48 48 48 55 52 59 45 50 51 60 62 52 54 59 56 61 58 47 57 54 54 52 58 62 54 51 51 58 47 57 64 66 59 60 63 63 54 72 64 57 42 65 64 51 74 64 66 69 58 58 61 52 64 62 61 53 65 68 61 59 65 64 57 68 66 64 65 61 54 66
46 44 53 48 48 49 46 49 49 47 56 50 44 44 44 45 43 52 44 51 51 53 55 45 49 49 56 45 47 51 47 50 50 50 41 52 52 52 50 47 66 40 47 50 67 62 55 47 53 53 54 57 60 54 63 59 53 58 61 59 64 60 64 64 70 60 61 66 70 60 52 66 51 68 74 67 52 61 49 55 65 77 60 71 60 63 68 69 65 68 70 73 75 58 88 67 73 68 76 70
47 46 48 52 53 51 49 48 46 52 57 44 43 54 46 52 46 44 48 51 57 51 45 52 46 45 58 47 51 50 51 58 54 48 51 59 51 53 57 55 53 52 44 49 56 55 50 54 61 59 58 70 52 57 57 53 48 47 48 55 60 60 57 64 57 66 60 52 59 57 59 64 59 65 62 59 58 71 68 58 61 65 64 71 68 73 57 54 62 70 70 71 71 71 61 72 82 59 72 52
48 51 46 52 56 48 50 51 51 51 53 49 52 47 48 50 49 54 48 47 63 54 52 50 45 52 54 46 46 45 51 41 56 50 55 42 49 57 53 52 47 46 51 54 59 54 61 55 54 55 66 55 62 59 61 55 61 60 65 58 55 56 55 55 65 50 54 64 61 66 60 64 72 69 61 65 63 66 60 67 71 64 55 81 68 69 55 70 62 72 78 72 60 69 74 64 69 76 77 54
52 49 49 50 47 51 62 45 48 49 44 45 45 47 46 52 49 44 45 39 49 52 50 49 49 54 50 55 47 61 59 52 54 53 57 58 58 55 54 53 58 55 59 60 51 54 48 60 52 56 61 57 54 56 58 62 60 56 55 49 46 57 64 47 61 55 56 52 62 65 52 52 52 61 44 67 53 59 62 60 56 63 69 60 77 62 72 63 64 69 76 73 64 73 63 75 57 67 68 56
44 41 45 52 53 50 52 48 41 55 46 50 52 59 56 51 43 50 47 50 53 58 51 59 52 53 48 50 58 47 59 53 59 57 47 57 56 53 55 45 49 55 54 60 55 61 56 57 59 50 55 43 55 50 62 47 72 54 52 62 52 55 59 56 56 58 60 66 62 69 54 44 58 56 65 67 69 65 73 58 64 63 65 62 65 64 66 73 67 62 61 75 77 60 74 66 80 83 67 68
43 42 48 44 43 46 55 49 40 50 56 47 47 52 54 49 45 47 42 52 52 47 51 52 55 48 49 46 53 51 49 52 51 46 51 52 56 51 52 53 49 58 54 51 54 55 63 52 52 58 49 59 61 49 52 56 60 51 72 63 52 66 46 58 53 59 61 69 74 71 66 76 56 49 64 62 57 49 58 60 63 65 65 66 75 67 51 77 64 66 60 62 59 63 74 74 64 84 66 81
52 52 53 42 48 46 45 53 54 46 53 49 43 50 56 49 50 58 47 42 56 58 51 54 57 56 53 50 51 48 54 66 50 60 51 53 43 55 64 51 54 64 55 64 55 57 56 51 60 53 61 60 50 58 63 60 54 55 52 60 64 40 54 60 55 49 67 56 64 53 58 65 61 56 71 63 73 56 62 58 76 71 62 53 66 67 57 62 67 65 65 78 67 66 84 74 74 78 87 68
43 45 51 49 45 55 52 48 53 48 50 49 50 38 46 45 46 55 46 52 51 50 42 47 53 47 54 50 43 41 52 48 47 51 49 54 60 50 54 48 65 58 53 55 60 55 58 60 58 51 50 66 58 53 54 53 59 60 54 55 60 62 69 62 68 59 52 58 52 60 63 59 66 72 57 72 66 61 64 67 58 73 50 62 66 72 80 52 59 82 72 65 74 66 87 65 84 73 78 65
51 47 50 50 50 49 49 49 46 57 52 44 49 56 53 56 55 48 50 47 50 52 49 45 54 52 51 42 45 45 46 56 49 58 57 53 61 55 56 55 53 57 54 51 52 56 49 56 59 53 55 61 69 56 58 60 52 58 61 45 54 57 60 49 53 55 72 64 53 55 69 53 54 55 67 50 62 54 51 59 72 55 66 72 68 68 61 63 67 54 68 63 70 68 76 82 60 68 62 60
40 40 48 47 47 47 52 41 46 57 42 46 41 52 46 52 47 43 54 48 60 49 52 54 52 48 44 51 53 55 47 53 57 52 55 48 55 50 52 57 51 58 51 61 54 61 54 57 62 65 59 46 56 46 67 54 66 53 60 57 54 55 53 54 66 59 69 57 55 47 57 60 56 61 54 57 54 60 68 71 63 56 53 54 61 67 69 64 68 62 68 71 65 74 57 55 77 62 56 70
44 40 41 46 46 50 54 53 45 45 46 50 49 51 40 50 49 54 47 43 43 57 47 57 48 50 52 54 45 58 50 49 40 55 56 51 52 53 53 58 57 55 67 50 55 61 58 58 62 46 59 57 51 57 52 65 47 55 62 53 55 53 58 57 60 45 51 55 62 59 57 60 60 61 55 58 58 57 69 70 56 68 49 67 65 66 66 64 71 71 72 67 71 73 69 76 60 67 57 76
57 48 52 47 48 55 49 48 48 43 48 49 39 51 49 53 46 45 42 43 44 57 52 52 45 49 55 54 54 57 57 49 54 55 52 56 61 50 55 58 50 49 57 59 44 56 55 54 55 58 52 62 55 56 60 56 59 54 54 63 53 68 44 58 61 65 65 68 70 56 60 52 64 52 66 57 57 64 68 59 69 61 69 68 69 71 63 74 67 71 67 74 72 75 72 61 52 65 65 70
46 49 49 45 55 55 56 46 46 54 47 48 48 45 47 50 53 54 39 59 52 48 43 46 42 54 56 53 62 54 53 58 57 49 49 56 55 53 54 51 50 55 56 56 53 66 57 56 57 57 55 56 59 58 54 48 59 54 65 57 62 61 57 63 65 59 54 63 58 55 70 61 56 67 58 65 66 70 57 75 60 68 61 72 60 64 66 77 67 64 63 76 65 73 70 84 76 82 66 64
48 49 53 40 45 43 42 52 43 55 49 48 47 44 42 54 55 54 51 54 53 47 51 56 50 46 51 41 49 53 55 56 56 52 51 52 51 42 53 50 54 61 52 55 51 55 54 51 59 51 69 67 61 50 51 60 52 50 52 53 62 46 60 52 51 63 50 65 51 68 62 58 51 62 59 62 74 57 58 76 63 61 59 60 57 59 63 59 55 63 71 64 71 71 61 71 67 68 58 68
51 47 53 58 53 50 40 43 45 52 52 50 47 40 60 44 50 40 49 51 53 55 46 49 46 54 50 53 51 57 47 48 52 61 49 48 46 58 60 49 51 55 47 64 54 53 50 52 56 50 54 54 60 56 51 63 56 56 59 62 51 58 57 64 58 73 54 64 60 60 71 49 55 65 59 63 66 54 60 62 67 61 70 61 73 67 64 64 60 68 64 64 74 71 80 62 66 80 73 77
55 57 43 42 44 48 45 46 45 54 47 54 50 53 45 47 51 48 48 45 55 44 50 42 62 53 47 47 60 53 51 53 52 50 51 46 55 54 52 49 53 55 53 54 50 52 52 57 55 56 63 57 56 54 60 46 61 57 67 57 68 68 56 53 54 69 61 52 54 60 52 61 59 61 74 64 63 57 67 65 60 58 65 60 59 64 74 65 61 61 62 61 56 78 71 64 70 80 62 69
47 57 47 51 52 50 49 45 48 43 47 42 49 44 45 44 50 48 45 47 43 47 56 48 43 52 53 50 58 48 48 60 42 50 52 60 47 59 49 52 48 61 64 49 50 50 56 55 55 43 53 53 58 54 67 59 60 62 53 56 50 55 56 60 61 62 65 55 59 60 64 60 59 57 63 68 67 68 71 65 59 70 66 64 63 71 64 62 61 74 57 53 73 60 80 76 62 61 51 71
53 46 46 47 43 48 49 48 55 53 45 44 56 46 53 49 41 49 48 47 56 48 59 51 50 45 46 51 54 49 55 56 51 53 58 61 52 48 56 50 54 52 48 47 57 51 56 67 50 54 61 57 61 55 56 59 62 53 62 57 59 54 65 52 48 63 53 76 56 63 62 51 59 54 61 62 61 65 61 67 59 73 78 50 59 86 63 70 69 63 65 59 62 85 72 78 65 65 70 63
42 51 47 55 48 43 50 57 53 48 40 54 48 50 54 55 41 50 49 42 40 49 49 52 48 46 57 50 45 53 49 55 59 57 52 52 42 52 52 41 55 56 47 53 52 66 50 57 55 61 56 56 52 57 63 58 55 61 67 64 67 67 44 51 59 53 66 56 69 56 53 60 60 53 66 52 64 63 55 55 54 65 69 56 70 67 63 68 59 78 70 63 53 73 74 68 59 65 63 61
43 43 59 44 53 52 56 44 53 50 49 48 46 57 59 48 48 48 45 49 54 46 48 52 50 47 52 48 56 49 47 54 57 54 52 50 65 56 51 57 58 50 52 57 52 56 40 57 48 68 59 52 60 51 53 54 53 59 59 57 57 64 64 59 62 67 64 54 71 58 58 52 51 80 64 61 58 62 56 56 72 63 58 67 67 64 65 65 66 67 56 67 61 65 81 74 68 70 66 59
45 48 56 51 47 51 48 55 48 45 52 54 47 49 39 52 50 53 49 55 43 52 52 54 51 50 55 48 47 45 53 67 46 50 56 48 47 59 45 55 63 58 51 53 52 49 56 60 59 56 57 59 58 55 55 64 51 63 51 62 61 51 53 51 57 61 68 58 58 65 59 64 63 65 64 70 62 61 56 66 57 73 74 66 62 62 79 65 74 64 57 69 78 72 53 74 71 68 70 61
57 43 45 49 43 42 49 43 51 47 49 48 47 49 46 53 46 53 58 49 46 46 52 44 48 47 61 53 51 49 50 53 63 61 48 61 50 54 56 48 47 54 45 54 54 59 49 55 55 55 54 50 55 56 58 72 51 52 65 52 71 56 47 56 51 51 55 51 72 65 61 68 67 55 66 64 47 63 62 66 68 56 63 59 62 67 61 59 64 64 73 64 66 77 68 61 69 74 68 70
42 55 48 43 41 43 44 46 47 45 51 50 52 47 47 50 45 57 53 51 53 52 50 45 57 49 45 61 43 50 61 57 54 46 53 56 62 53 46 47 48 54 45 61 52 54 53 57 48 61 54 71 58 55 59 59 41 47 53 50 56 55 54 60 59 58 53 70 58 66 55 64 47 63 55 58 65 81 68 66 56 59 62 57 64 77 60 70 63 67 66 71 63 77 73 64 76 67 49 58
44 39 46 51 48 41 52 43 52 45 50 51 42 41 52 52 44 47 60 55 52 59 53 46 55 47 44 46 51 48 54 52 69 41 47 59 58 58 54 43 53 53 59 53 57 53 55 52 61 55 53 54 56 55 56 63 49 53 57 65 53 55 54 57 66 65 63 60 63 60 62 57 61 57 61 61 61 52 75 60 58 59 59 59 79 70 58 64 61 73 75 70 54 60 76 73 72 75 73 69
47 45 45 48 48 41 52 53 44 53 47 44 46 52 44 51 45 60 54 48 56 53 50 45 42 46 50 52 48 47 46 44 52 52 52 60 50 58 57 56 49 64 50 59 58 51 59 57 60 65 50 50 54 47 47 44 68 59 67 62 58 59 54 70 58 47 55 61 57 61 60 65 60 52 62 58 68 58 66 69 66 63 60 60 65 65 73 71 55 64 59 66 63 49 69 77 68 79 57 68
46 45 48 50 40 45 50 54 47 58 46 46 54 38 46 48 54 54 48 49 41 48 42 53 51 48 52 57 47 55 46 60 59 57 49 50 54 49 43 49 60 57 56 50 52 55 55 60 53 44 55 46 54 51 56 47 50 62 63 65 53 55 48 68 67 54 47 60 60 57 61 77 59 65 68 60 57 54 61 62 67 65 58 68 70 61 62 62 71 65 57 60 65 57 75 70 77 65 68 66
54 43 43 50 46 47 48 45 55 49 52 45 49 44 51 42 41 48 46 55 51 53 53 50 54 49 43 46 49 63 45 54 52 48 43 50 50 58 54 60 54 55 55 54 57 53 40 53 59 49 63 49 53 56 48 51 60 51 58 65 58 60 56 65 58 60 65 61 60 70 63 61 59 68 55 62 64 67 61 67 56 57 57 63 73 52 70 50 69 66 66 74 69 56 62 68 70 69 67 61
43 51 51 53 45 54 44 46 52 52 52 36 47 45 48 40 50 47 45 47 58 50 44 54 54 47 49 51 52 57 52 53 58 54 52 55 55 52 42 54 50 46 49 55 57 61 56 53 56 56 64 62 49 59 53 67 58 55 54 58 52 68 53 57 57 57 63 52 55 60 62 60 66 51 57 74 60 70 63 62 60 74 57 79 58 61 76 61 62 70 73 56 61 86 76 59 62 66 71 75
46 50 53 46 47 48 58 48 49 44 42 53 46 51 52 54 42 46 55 49 54 49 52 47 55 47 58 45 54 63 60 49 53 54 60 53 53 46 54 64 60 50 60 66 52 51 53 54 48 52 56 65 52 47 52 57 63 55 57 53 56 56 60 66 62 59 63 55 59 61 60 57 54 61 60 68 60 56 56 70 66 73 65 53 70 76 58 78 62 70 62 61 70 79 72 83 71 64 63 70
46 46 41 49 41 55 46 50 44 48 51 47 55 46 43 53 51 52 44 53 51 58 51 45 50 44 54 54 52 53 53 53 62 58 45 51 47 53 55 50 44 53 51 52 61 44 55 63 57 56 56 63 59 53 58 59 56 62 59 70 57 61 59 59 57 64 65 66 58 55 63 64 55 59 66 53 55 55 66 62 64 64 65 70 60 63 62 61 75 68 67 64 72 61 61 80 78 62 75 66
46 47 53 43 47 51 43 38 52 52 47 51 50 54 43 45 50 47 55 46 52 50 55 49 63 53 48 47 64 48 52 56 50 62 57 58 50 48 54 57 45 50 52 52 53 53 49 56 53 55 50 57 54 60 53 63 60 48 45 63 58 56 56 51 57 56 60 60 58 60 64 62 63 55 60 60 63 57 71 68 69 65 65 55 71 54 68 77 59 79 68 70 61 51 64 72 67 64 64 49
47 49 53 46 44 44 53 49 45 48 47 53 45 43 48 50 48 48 52 46 41 47 44 53 49 54 52 50 51 47 53 51 58 49 55 49 45 55 62 60 60 57 52 60 56 59 55 65 55 55 69 52 54 55 59 60 52 49 58 57 58 48 52 57 47 58 58 59 54 53 56 65 56 65 71 65 55 46 60 67 63 71 62 61 56 58 68 52 57 57 70 57 57 71 62 58 76 55 75 62
48 51 49 45 55 48 50 58 54 43 44 42 49 50 53 53 50 51 58 50 53 44 47 47 48 47 60 55 61 51 56 51 71 45 53 67 58 54 56 66 59 53 67 54 56 68 57 55 49 61 50 56 63 60 64 67 58 64 65 56 61 59 78 64 56 63 69 74 70 65 56 63 65 68 62 61 76 72 61 62 57 59 57 69 68 77 72 82 74 69 69 81 77 79 75 66 66 64 73 67
57 67 42 46 47 58 60 46 54 66 69 65 51 55 73 90 63 92 84 65 110 107 104 128 74 91 183 110 93 89 120 153 96 81 95 156 143 124 188 152 154 140 122 145 122 180 178 219 155 183 149 134 194 86 223 169 139 137 135 184 164 280 206 164 234 174 238 237 211 135 207 234 322 251 215 315 230 285 325 301 258 213 269 305 374 331 269 325 208 291 274 249 326 275 261 327 316 282 241 273
332 216 439 322 482 298 333 501 539 478 321 477 444 379 514 399 546 451 526 556 479 579 443 518 520 593 519 507 648 546 518 684 690 570 631 670 724 723 673 642 673 614 707 576 748 697 696 804 761 800 690 827 540 693 745 779 822 781 754 666 784 837 800 712 707 803 786 798 785 744 735 696 826 859 858 802 804 825 806 852 818 861 821 861 878 766 875 784 918 803 848 815 856 848 877 821 910 875 895 824
953 951 951 939 967 960 960 964 969 983 984 980 984 988 972 987 979 988 988 990 982 965 990 985 977 990 969 994 992 985 991 992 987 991 989 990 990 992 979 997 995 995 973 996 995 991 994 971 995 995 997 994 990 996 996 994 996 995 995 997 997 997 996 997 997 997 993 995 997 996 993 997 996 997 998 996 995 997 997 996 998 997 997 997 998 998 996 996 997 996 997 997 994 996 995 998 997 996 997 997
799 859 856 833 902 862 909 849 936 902 917 835 877 894 970 884 912 963 947 899 918 946 936 926 956 909 953 928 959 939 958 938 988 978 960 987 972 972 967 989 990 949 992 992 986 984 975 989 992 980 991 988 977 991 992 991 994 995 994 994 995 985 992 995 994 993 996 993 996 995 996 995 994 993 995 994 996 997 995 996 996 993 995 995 996 995 995 996 997 995 996 993 996 993 995 996 994 994 998 992
370 336 313 442 411 379 368 465 384 448 416 483 456 495 499 482 518 528 530 548 561 578 664 591 558 616 648 673 619 662 657 720 690 658 748 673 751 760 749 710 712 726 814 794 677 781 785 792 826 848 811 861 822 908 829 852 866 860 886 897 869 896 943 896 873 886 922 908 917 933 938 909 932 927 897 922 925 888 919 949 951 925 895 909 946 923 945 923 950 954 934 937 952 949 950 946 950 943 942 940
