1.000000000000000000e+00
1.018461538461539195e+00
1.036730769230768123e+00
1.054999999999998828e+00
1.073461538461540021e+00
1.091346153846152633e+00
1.109807692307690052e+00
1.127499999999999947e+00
1.145384615384617222e+00
1.164038461538459801e+00
1.182499999999999662e+00
1.200961538461539080e+00
1.218846153846153690e+00
1.237115384615383284e+00
1.255192307692307496e+00
1.273076923076922773e+00
1.291923076923075397e+00
1.310576923076922640e+00
1.329038461538460281e+00
1.347692307692305524e+00
1.366346153846152545e+00
1.384615384615383027e+00
1.402499999999998304e+00
1.420769230769229230e+00
1.437692307692305826e+00
1.455769230769227818e+00
1.474423076923074172e+00
1.492307692307690559e+00
1.510576923076922373e+00
1.529038461538461569e+00
1.547692307692305702e+00
1.565769230769227915e+00
1.584230769230766223e+00
1.602692307692305418e+00
1.621538461538459597e+00
1.639999999999999236e+00
1.658269230769229718e+00
1.676730769230766693e+00
1.694999999999996509e+00
1.713461538461534373e+00
1.731730769230765743e+00
1.749999999999998002e+00
1.768461538461537641e+00
1.787115384615382441e+00
1.806153846153842446e+00
1.825384615384611164e+00
1.844230769230765343e+00
1.862499999999997380e+00
1.880384615384613545e+00
1.898076923076921219e+00
1.916538461538457971e+00
1.934615384615380185e+00
1.952499999999994795e+00
1.971153846153841371e+00
1.989423076923073408e+00
2.008076923076921094e+00
2.026538461538458957e+00
2.045192307692303313e+00
2.063461538461533351e+00
2.081346153846149072e+00
2.098653846153841762e+00
2.117499999999997051e+00
2.135769230769227978e+00
2.153846153846149303e+00
2.172499999999994547e+00
2.191153846153839790e+00
2.209615384615378986e+00
2.227499999999996039e+00
2.246153846153843503e+00
2.264423076923074429e+00
2.283076923076919673e+00
2.300961538461533173e+00
2.319423076923071037e+00
2.338269230769225437e+00
2.356730769230765521e+00
2.374999999999996447e+00
2.392884615384610836e+00
2.411730769230763460e+00
2.430384615384608704e+00
2.449230769230762217e+00
2.467307692307687539e+00
2.485576923076919353e+00
2.503846153846149836e+00
2.522115384615379430e+00
2.539999999999993818e+00
2.557884615384608207e+00
2.575576923076916991e+00
2.594230769230764899e+00
2.612499999999995381e+00
2.630384615384609326e+00
2.648269230769224158e+00
2.667499999999993321e+00
2.685192307692299885e+00
2.703076923076916938e+00
2.721923076923071783e+00
2.740192307692300933e+00
2.758653846153840128e+00
2.776346153846148024e+00
2.793846153846146763e+00
2.811153846153839453e+00
2.828846153846147349e+00
2.847499999999994813e+00
2.864615384615378346e+00
2.883076923076914877e+00
2.901346153846146692e+00
2.919423076923068461e+00
2.938076923076915037e+00
2.955961538461532534e+00
2.974423076923070397e+00
2.993076923076916529e+00
3.010961538461533138e+00
3.029423076923070557e+00
3.047884615384609308e+00
3.066346153846147171e+00
3.084230769230762448e+00
3.101730769230761631e+00
3.120192307692299050e+00
3.137884615384605169e+00
3.155769230769220002e+00
3.174423076923066578e+00
3.193076923076914486e+00
3.210192307692300240e+00
3.228846153846147260e+00
3.246923076923071250e+00
3.265192307692301288e+00
3.283653846153839595e+00
3.302307692307686171e+00
3.320769230769221814e+00
3.339230769230759233e+00
3.356730769230759304e+00
3.375384615384602771e+00
3.393461538461526761e+00
3.411923076923065512e+00
3.430961538461528626e+00
3.449038461538452616e+00
3.467884615384607905e+00
3.486538461538454481e+00
3.504999999999995008e+00
3.522884615384610729e+00
3.540192307692302975e+00
3.559038461538453380e+00
3.576346153846143405e+00
3.595576923076911680e+00
3.613269230769219575e+00
3.631346153846142233e+00
3.649807692307679652e+00
3.667692307692296261e+00
3.685769230769220695e+00
3.704038461538453397e+00
3.722115384615376943e+00
3.741153846153840945e+00
3.759423076923072315e+00
3.778653846153841478e+00
3.797307692307684501e+00
3.815384615384605382e+00
3.833653846153834976e+00
3.852115384615373284e+00
3.870192307692294609e+00
3.887692307692294236e+00
3.906153846153833875e+00
3.924230769230758309e+00
3.942499999999989235e+00
3.960576923076913669e+00
3.978653846153838547e+00
3.996923076923070361e+00
4.014999999999993463e+00
4.033653846153836930e+00
4.051346153846143494e+00
4.069807692307680469e+00
4.088076923076910951e+00
4.106730769230754419e+00
4.124999999999984901e+00
4.143076923076908891e+00
4.161153846153833769e+00
4.179807692307679901e+00
4.198076923076913047e+00
4.216153846153837037e+00
4.234807692307684057e+00
4.252884615384608047e+00
4.270769230769220215e+00
4.288846153846141540e+00
4.307115384615371134e+00
4.325192307692293348e+00
4.343461538461522942e+00
4.361153846153830393e+00
4.379038461538446114e+00
4.396923076923062723e+00
4.415384615384600586e+00
4.433653846153834621e+00
4.451730769230758611e+00
4.469807692307683489e+00
4.488076923076914859e+00
4.506153846153837073e+00
4.524038461538451017e+00
4.542499999999986215e+00
4.560192307692292779e+00
4.578461538461521485e+00
4.597499999999983267e+00
4.615961538461522906e+00
4.633846153846138627e+00
4.651730769230755236e+00
4.669999999999986606e+00
4.688076923076911484e+00
4.706730769230758504e+00
4.725192307692297256e+00
4.743846153846144276e+00
4.762499999999991296e+00
4.780769230769218225e+00
4.799038461538447820e+00
4.817307692307675637e+00
4.835961538461521769e+00
4.853846153846135714e+00
4.872307692307676241e+00
4.890576923076908500e+00
4.908846153846140759e+00
4.926923076923063860e+00
4.945576923076910880e+00
4.964615384615373550e+00
4.982692307692298428e+00
5.001153846153838067e+00
5.019230769230756728e+00
5.037115384615373337e+00
5.055769230769215916e+00
5.073653846153828084e+00
5.092307692307674216e+00
5.110192307692289937e+00
5.129038461538446114e+00
5.147692307692293134e+00
5.165769230769216236e+00
5.184423076923064144e+00
5.202692307692294627e+00
5.221153846153834266e+00
5.239230769230759144e+00
5.257692307692293454e+00
5.275961538461523048e+00
5.294423076923060023e+00
5.313076923076904379e+00
5.331538461538444018e+00
5.350192307692290150e+00
5.368269230769215916e+00
5.386346153846137241e+00
5.404615384615369500e+00
5.422692307692292601e+00
5.440769230769214815e+00
5.459423076923062723e+00
5.478076923076907967e+00
5.496730769230754099e+00
5.514230769230752394e+00
5.532884615384598526e+00
5.550192307692287663e+00
5.568653846153825526e+00
5.587499999999982592e+00
5.606153846153829612e+00
5.624999999999984013e+00
5.643461538461520988e+00
5.661923076923060627e+00
5.680576923076904095e+00
5.699423076923060272e+00
5.718076923076906404e+00
5.736153846153830393e+00
5.754615384615370033e+00
5.772499999999983089e+00
5.790769230769211795e+00
5.809423076923058815e+00
5.828076923076905835e+00
5.846538461538444587e+00
5.864999999999983338e+00
5.883269230769210267e+00
5.901538461538442526e+00
5.919230769230749978e+00
5.937692307692288729e+00
5.956153846153830145e+00
5.974230769230753246e+00
5.991730769230755094e+00
6.010192307692290292e+00
6.028653846153829043e+00
6.046538461538441211e+00
6.064615384615366089e+00
6.083076923076904841e+00
6.101153846153830607e+00
6.119038461538446327e+00
6.137115384615364988e+00
6.154999999999981597e+00
6.173269230769208527e+00
6.191538461538447002e+00
6.209423076923058282e+00
6.227884615384600586e+00
6.245961538461518359e+00
6.264807692307677200e+00
6.283461538461518892e+00
6.302115384615367688e+00
6.320384615384596394e+00
6.339038461538446079e+00
6.356153846153826947e+00
6.373846153846135287e+00
6.392692307692287912e+00
6.410576923076901856e+00
6.428846153846134115e+00
6.447499999999980247e+00
6.466346153846137312e+00
6.484230769230749480e+00
6.502499999999980851e+00
6.520769230769211333e+00
6.538846153846133546e+00
6.556538461538442775e+00
6.574615384615366764e+00
6.592884615384597247e+00
6.611346153846137774e+00
6.629423076923055547e+00
6.647692307692290470e+00
6.666538461538437765e+00
6.684423076923060592e+00
6.702884615384594014e+00
6.721346153846136318e+00
6.739423076923054978e+00
6.757692307692285461e+00
6.776153846153825988e+00
6.794423076923055582e+00
6.813076923076905267e+00
6.831346153846133973e+00
6.849807692307674500e+00
6.868846153846130953e+00
6.887115384615364988e+00
6.905384615384592806e+00
6.922884615384593765e+00
6.940961538461517755e+00
6.959230769230748237e+00
6.978076923076904414e+00
6.996538461538436948e+00
7.014807692307670983e+00
7.033269230769209734e+00
7.052115384615364135e+00
7.071153846153825917e+00
7.089230769230747242e+00
7.107499999999979501e+00
7.126153846153827409e+00
7.144038461538436025e+00
7.162115384615361791e+00
7.180961538461513527e+00
7.200192307692285354e+00
7.219038461538440643e+00
7.237499999999978506e+00
7.255384615384595115e+00
7.273461538461519105e+00
7.292499999999978222e+00
7.311730769230746496e+00
7.330192307692287912e+00
7.348846153846124274e+00
7.366923076923052705e+00
7.385769230769203553e+00
7.404038461538436700e+00
7.421730769230744151e+00
7.439423076923052491e+00
7.457307692307670877e+00
7.475576923076899583e+00
7.493461538461519744e+00
7.511923076923054943e+00
7.530576923076901963e+00
7.548461538461515019e+00
7.566730769230749942e+00
7.585192307692279812e+00
7.603269230769204690e+00
7.621923076923049933e+00
7.640384615384586908e+00
7.658846153846130100e+00
7.676923076923048761e+00
7.695384615384592841e+00
7.713653846153821547e+00
7.731538461538439932e+00
7.749807692307667750e+00
7.768076923076900897e+00
7.786923076923053522e+00
7.805384615384594937e+00
7.824230769230741345e+00
7.843269230769202238e+00
7.861730769230740989e+00
7.879615384615358487e+00
7.898269230769202842e+00
7.916730769230744258e+00
7.934999999999974740e+00
7.953076923076899618e+00
7.970961538461515339e+00
7.988653846153822791e+00
8.007115384615362430e+00
8.024807692307669882e+00
8.043846153846132552e+00
8.061923076923058318e+00
8.080769230769211831e+00
8.098846153846132268e+00
8.117499999999980176e+00
8.135961538461515374e+00
8.153269230769209841e+00
8.171730769230746816e+00
8.189999999999979963e+00
8.208846153846135252e+00
8.227115384615371951e+00
8.244999999999983231e+00
8.263461538461527311e+00
8.281730769230756906e+00
8.300384615384604814e+00
8.318653846153834408e+00
8.336730769230763727e+00
8.354999999999991545e+00
8.373653846153843006e+00
8.392692307692300346e+00
8.411153846153842650e+00
8.429807692307685230e+00
8.447499999999990905e+00
8.466153846153838813e+00
8.485192307692297931e+00
8.503461538461531077e+00
8.522115384615380762e+00
8.540192307692302975e+00
8.558269230769230518e+00
8.576923076923076650e+00
8.595384615384617177e+00
8.614230769230770690e+00
8.632500000000003837e+00
8.650961538461546141e+00
8.669807692307696101e+00
8.688461538461549338e+00
8.706730769230777156e+00
8.724615384615395541e+00
8.743076923076925411e+00
8.761153846153845848e+00
8.779230769230775167e+00
8.797884615384621299e+00
8.816923076923085745e+00
8.835192307692317115e+00
8.853269230769244658e+00
8.871730769230781632e+00
8.890384615384629541e+00
8.908846153846166516e+00
8.927115384615399662e+00
8.945192307692321876e+00
8.962500000000019895e+00
8.980769230769249489e+00
8.998846153846177032e+00
9.017115384615404849e+00
9.034615384615406697e+00
9.053076923076938343e+00
9.070961538461556728e+00
9.089423076923093703e+00
9.107884615384639559e+00
9.126730769230787743e+00
9.144807692307720615e+00
9.163461538461561418e+00
9.182307692307722036e+00
9.200961538461562839e+00
9.219230769230797762e+00
9.237500000000029132e+00
9.256346153846184421e+00
9.275000000000030553e+00
9.293461538461574634e+00
9.311346153846185913e+00
9.329423076923113456e+00
9.346730769230799041e+00
9.364807692307723030e+00
9.383076923076956177e+00
9.401538461538494929e+00
9.419615384615418918e+00
9.437884615384652065e+00
9.455384615384653912e+00
9.473846153846196216e+00
9.492500000000037019e+00
9.510384615384658957e+00
9.528269230769270237e+00
9.546923076923119922e+00
9.565000000000043912e+00
9.583461538461582663e+00
9.601923076923126743e+00
9.621153846153887912e+00
9.639423076923121059e+00
9.657884615384658034e+00
9.675192307692350724e+00
9.694038461538509566e+00
9.711923076923120846e+00
9.730961538461590621e+00
9.749038461538511058e+00
9.767115384615435048e+00
9.785384615384666418e+00
9.804230769230821707e+00
9.822884615384669615e+00
9.841346153846208367e+00
9.859615384615439737e+00
9.878269230769285869e+00
9.897500000000057696e+00
9.915384615384674305e+00
9.934615384615439027e+00
9.952500000000057412e+00
9.971346153846209148e+00
9.989807692307753229e+00
1.000846153846159581e+01
1.002730769230775465e+01
1.004480769230775472e+01
1.006288461538467871e+01
1.008076923076929887e+01
1.009884615384621753e+01
1.011692307692314152e+01
1.013538461538468205e+01
1.015365384615391164e+01
1.017230769230775955e+01
1.019038461538468709e+01
1.020807692307698922e+01
1.022653846153853685e+01
1.024500000000006317e+01
1.026346153846161080e+01
1.028192307692314600e+01
1.030019230769237737e+01
1.031865384615391967e+01
1.033730769230776048e+01
1.035596153846161549e+01
1.037442307692315602e+01
1.039307692307700393e+01
1.041057692307699867e+01
1.042846153846161705e+01
1.044692307692315758e+01
1.046519230769238895e+01
1.048365384615392415e+01
1.050173076923085169e+01
1.052057692307700520e+01
1.053865384615393452e+01
1.055711538461546795e+01
1.057519230769238838e+01
1.059307692307700322e+01
1.061192307692316561e+01
1.062942307692316213e+01
1.064788461538470266e+01
1.066615384615393580e+01
1.068442307692316540e+01
1.070269230769240032e+01
1.072153846153855561e+01
1.073903846153855923e+01
1.075750000000008555e+01
1.077557692307701487e+01
1.079403846153855540e+01
1.081211538461548294e+01
1.083057692307701636e+01
1.084846153846163297e+01
1.086673076923086967e+01
1.088442307692317890e+01
1.090288461538471410e+01
1.092096153846163631e+01
1.093903846153856030e+01
1.095769230769241354e+01
1.097538461538472099e+01
1.099384615384625619e+01
1.101153846153856719e+01
1.102942307692318558e+01
1.104692307692318565e+01
1.106480769230779693e+01
1.108288461538471736e+01
1.110096153846164491e+01
1.111942307692318721e+01
1.113788461538472419e+01
1.115557692307702808e+01
1.117403846153856684e+01
1.119288461538472745e+01
1.121115384615395882e+01
1.122903846153857366e+01
1.124673076923087756e+01
1.126519230769242341e+01
1.128307692307704357e+01
1.130153846153857700e+01
1.131923076923088445e+01
1.133826923076934889e+01
1.135673076923088942e+01
1.137519230769242817e+01
1.139365384615396160e+01
1.141211538461550568e+01
1.143019230769242967e+01
1.144788461538473712e+01
1.146653846153858325e+01
1.148538461538473676e+01
1.150403846153858289e+01
1.152173076923089390e+01
1.154000000000012527e+01
1.155750000000012534e+01
1.157634615384628241e+01
1.159384615384627715e+01
1.161230769230783011e+01
1.163000000000013046e+01
1.164865384615398014e+01
1.166692307692320085e+01
1.168442307692320981e+01
1.170211538461552259e+01
1.171980769230782649e+01
1.173769230769244309e+01
1.175576923076936708e+01
1.177403846153860023e+01
1.179192307692320973e+01
1.181019230769244288e+01
1.182788461538474856e+01
1.184596153846167965e+01
1.186365384615398710e+01
1.188250000000013884e+01
1.190096153846167759e+01
1.191942307692321990e+01
1.193692307692322352e+01
1.195538461538476049e+01
1.197403846153860663e+01
1.199230769230783800e+01
1.201057692307707114e+01
1.202846153846168065e+01
1.204673076923091912e+01
1.206538461538476703e+01
1.208403846153861494e+01
1.210134615384630408e+01
1.211903846153861153e+01
1.213730769230784468e+01
1.215519230769246128e+01
1.217250000000015397e+01
1.219019230769246143e+01
1.220903846153861494e+01
1.222750000000015547e+01
1.224634615384631076e+01
1.226461538461554035e+01
1.228250000000015696e+01
1.230038461538477357e+01
1.231923076923092530e+01
1.233730769230785462e+01
1.235538461538477861e+01
1.237346153846169727e+01
1.239096153846170445e+01
1.240903846153862489e+01
1.242634615384631402e+01
1.244442307692323801e+01
1.246211538461554724e+01
1.248038461538478572e+01
1.249903846153862297e+01
1.251750000000016882e+01
1.253634615384631701e+01
1.255442307692324988e+01
1.257192307692324462e+01
1.259096153846171084e+01
1.260961538461555875e+01
1.262788461538478657e+01
1.264596153846171234e+01
1.266442307692325642e+01
1.268307692307709722e+01
1.270153846153863952e+01
1.271980769230786734e+01
1.273807692307709694e+01
1.275653846153863746e+01
1.277480769230787061e+01
1.279269230769248367e+01
1.281076923076941121e+01
1.282980769230787210e+01
1.284750000000018488e+01
1.286557692307709821e+01
1.288346153846172371e+01
1.290192307692326068e+01
1.291980769230787551e+01
1.293788461538480306e+01
1.295596153846171994e+01
1.297461538461557495e+01
1.299307692307711726e+01
1.301076923076942471e+01
1.302903846153864542e+01
1.304750000000018595e+01
1.306519230769249340e+01
1.308288461538480973e+01
1.310153846153865054e+01
1.312057692307710965e+01
1.313846153846172982e+01
1.315673076923097540e+01
1.317442307692327574e+01
1.319230769230788880e+01
1.321076923076942045e+01
1.322923076923096986e+01
1.324692307692328086e+01
1.326423076923097533e+01
1.328230769230788688e+01
1.330076923076943629e+01
1.331942307692328598e+01
1.333692307692328072e+01
1.335596153846173806e+01
1.337423076923096943e+01
1.339230769230790230e+01
1.341038461538481741e+01
1.342903846153867065e+01
1.344788461538481528e+01
1.346615384615406441e+01
1.348442307692328512e+01
1.350307692307714014e+01
1.352153846153866468e+01
1.353980769230790138e+01
1.355788461538483247e+01
1.357596153846175469e+01
1.359480769230790465e+01
1.361307692307713246e+01
1.363076923076944880e+01
1.364961538461559876e+01
1.366826923076944311e+01
1.368538461538482842e+01
1.370230769230790813e+01
1.372115384615406519e+01
1.373903846153868002e+01
1.375711538461560934e+01
1.377538461538483716e+01
1.379365384615407031e+01
1.381192307692330168e+01
1.382923076923099792e+01
1.384750000000022219e+01
1.386576923076945889e+01
1.388442307692329969e+01
1.390211538461561247e+01
1.392038461538484029e+01
1.393903846153869353e+01
1.395788461538483993e+01
1.397596153846176570e+01
1.399403846153868969e+01
1.401192307692330807e+01
1.402961538461561375e+01
1.404788461538484334e+01
1.406634615384639098e+01
1.408442307692330786e+01
1.410250000000023363e+01
1.412057692307715939e+01
1.413865384615408871e+01
1.415750000000022979e+01
1.417576923076946827e+01
1.419403846153870319e+01
1.421250000000024016e+01
1.423076923076946798e+01
1.424865384615409347e+01
1.426730769230793605e+01
1.428634615384639339e+01
1.430442307692331028e+01
1.432326923076947800e+01
1.434134615384639844e+01
1.435980769230793541e+01
1.437826923076947949e+01
1.439730769230794749e+01
1.441519230769256232e+01
1.443384615384639780e+01
1.445192307692333067e+01
1.447019230769255671e+01
1.448884615384641705e+01
1.450711538461563066e+01
1.452519230769256353e+01
1.454326923076948042e+01
1.456153846153872600e+01
1.457942307692333372e+01
1.459788461538487070e+01
1.461634615384640412e+01
1.463403846153871868e+01
1.465230769230795183e+01
1.467096153846179796e+01
1.468980769230795680e+01
1.470865384615410854e+01
1.472673076923103253e+01
1.474500000000025857e+01
1.476326923076949882e+01
1.478173076923103579e+01
1.480019230769257632e+01
1.481846153846180236e+01
1.483711538461565382e+01
1.485538461538487987e+01
1.487403846153873310e+01
1.489192307692334438e+01
1.491038461538487958e+01
1.492903846153872571e+01
1.494730769230796774e+01
1.496500000000027697e+01
1.498346153846181039e+01
1.500153846153873261e+01
1.502019230769258229e+01
1.503865384615412282e+01
1.505634615384643205e+01
1.507500000000027462e+01
1.509326923076950422e+01
1.511096153846182411e+01
1.512961538461566491e+01
1.514826923076950749e+01
1.516653846153873531e+01
1.518423076923104631e+01
1.520288461538489244e+01
1.522153846153874390e+01
1.523923076923104425e+01
1.525807692307720487e+01
1.527653846153874539e+01
1.529326923076951950e+01
1.531173076923105825e+01
1.532961538461566775e+01
1.534788461538490090e+01
1.536634615384644853e+01
1.538461538461567812e+01
1.540307692307721332e+01
1.542134615384644114e+01
1.543884615384645009e+01
1.545596153846182830e+01
1.547480769230798536e+01
1.549365384615413710e+01
1.551211538461567407e+01
1.553096153846183292e+01
1.554750000000029964e+01
1.556596153846183661e+01
1.558365384615414584e+01
1.560153846153876245e+01
1.561980769230799559e+01
1.563788461538491603e+01
1.565615384615414385e+01
1.567461538461568438e+01
1.569269230769261902e+01
1.571057692307723563e+01
1.572865384615414541e+01
1.574692307692338389e+01
1.576461538461568779e+01
1.578269230769262066e+01
1.580096153846185025e+01
1.581903846153876891e+01
1.583673076923106926e+01
1.585423076923108354e+01
1.587230769230801108e+01
1.589076923076954273e+01
1.590942307692338531e+01
1.592730769230800369e+01
1.594576923076954955e+01
1.596307692307724224e+01
1.598096153846184997e+01
1.599980769230800348e+01
1.601769230769263075e+01
1.603576923076954586e+01
1.605403846153878078e+01
1.607230769230800504e+01
1.609057692307724352e+01
1.610884615384647489e+01
1.612653846153878234e+01
1.614423076923108269e+01
1.616307692307724153e+01
1.618134615384647645e+01
1.619980769230802409e+01
1.621826923076955751e+01
1.623653846153878888e+01
1.625480769230801670e+01
1.627307692307725517e+01
1.629192307692340691e+01
1.631096153846186425e+01
1.632942307692340478e+01
1.634865384615418193e+01
1.636634615384648583e+01
1.638365384615418563e+01
1.640230769230801755e+01
1.642115384615418350e+01
1.643865384615417469e+01
1.645634615384649280e+01
1.647480769230802622e+01
1.649269230769264283e+01
1.651134615384648541e+01
1.652942307692341117e+01
1.654711538461572928e+01
1.656557692307726626e+01
1.658365384615418492e+01
1.660173076923111068e+01
1.662019230769265121e+01
1.663826923076956632e+01
1.665692307692341956e+01
1.667538461538496364e+01
1.669365384615418790e+01
1.671230769230804114e+01
1.673096153846188017e+01
1.674865384615419828e+01
1.676653846153881133e+01
1.678461538461573710e+01
1.680326923076957613e+01
1.682057692307727947e+01
1.683826923076957272e+01
1.685692307692343661e+01
1.687480769230804611e+01
1.689326923076958309e+01
1.691153846153881801e+01
1.693038461538496975e+01
1.694865384615420467e+01
1.696576923076958465e+01
1.698442307692343789e+01
1.700288461538497486e+01
1.702096153846190063e+01
1.703961538461574321e+01
1.705826923076959645e+01
1.707692307692343903e+01
1.709461538461575714e+01
1.711307692307727990e+01
1.713153846153883109e+01
1.715076923076958693e+01
1.716903846153883251e+01
1.718711538461575472e+01
1.720480769230805507e+01
1.722326923076959559e+01
1.724076923076960099e+01
1.725865384615422471e+01
1.727730769230806018e+01
1.729596153846190987e+01
1.731423076923114124e+01
1.733250000000037971e+01
1.735076923076960043e+01
1.736884615384652619e+01
1.738673076923113570e+01
1.740461538461575941e+01
1.742326923076960909e+01
1.744173076923114962e+01
