1.000000000000000000e+00
1.000769230769230855e+00
1.001730769230769313e+00
1.002692307692307772e+00
1.003461538461538627e+00
1.004807692307692513e+00
1.005576923076923146e+00
1.007115384615384857e+00
1.008461538461538964e+00
1.009038461538461995e+00
1.009807692307692628e+00
1.010576923076923261e+00
1.011923076923077147e+00
1.012884615384615827e+00
1.014038461538461666e+00
1.015384615384615552e+00
1.015769230769230980e+00
1.016346153846153788e+00
1.017115384615384865e+00
1.017692307692307674e+00
1.018269230769230926e+00
1.019230769230769384e+00
1.020576923076923270e+00
1.021538461538461506e+00
1.023846153846153850e+00
1.025000000000000133e+00
1.025576923076923164e+00
1.026923076923076827e+00
1.027884615384615286e+00
1.028653846153846141e+00
1.029230769230769171e+00
1.030384615384615454e+00
1.031153846153846088e+00
1.031923076923076721e+00
1.032307692307692149e+00
1.033076923076922560e+00
1.034038461538461240e+00
1.034807692307691873e+00
1.035769230769230553e+00
1.036538461538461409e+00
1.037499999999999867e+00
1.038461538461538103e+00
1.039230769230768736e+00
1.039807692307691545e+00
1.039999999999999369e+00
1.039999999999999369e+00
1.040384615384614575e+00
1.041346153846152811e+00
1.042692307692306919e+00
1.044230769230768407e+00
1.044999999999999041e+00
1.046153846153845546e+00
1.047499999999999432e+00
1.048076923076922684e+00
1.049038461538461142e+00
1.049615384615384173e+00
1.050384615384614806e+00
1.050961538461537836e+00
1.051923076923076295e+00
1.053269230769230402e+00
1.055192307692307097e+00
1.055576923076922524e+00
1.056538461538461204e+00
1.057692307692307265e+00
1.058269230769230296e+00
1.058846153846153548e+00
1.059615384615384182e+00
1.060961538461538067e+00
1.061538461538461098e+00
1.062499999999999556e+00
1.063076923076922586e+00
1.064423076923076472e+00
1.065192307692307327e+00
1.065576923076922533e+00
1.066346153846153388e+00
1.067307692307691624e+00
1.068653846153845732e+00
1.069038461538461160e+00
1.069615384615384190e+00
1.069999999999999396e+00
1.071153846153845679e+00
1.072115384615383915e+00
1.073076923076922595e+00
1.074038461538461275e+00
1.075384615384614939e+00
1.076730769230768825e+00
1.078269230769230314e+00
1.078846153846153344e+00
1.079807692307691358e+00
1.081153846153845466e+00
1.082499999999999130e+00
1.082499999999999130e+00
1.084038461538460840e+00
1.085384615384614504e+00
1.085769230769229710e+00
1.086730769230767946e+00
1.087499999999998801e+00
1.089038461538460290e+00
1.090769230769230047e+00
1.092692307692306963e+00
1.094230769230768452e+00
1.094807692307691704e+00
1.096923076923076001e+00
1.097692307692306857e+00
1.098653846153844871e+00
1.099807692307691376e+00
1.100384615384614406e+00
1.101730769230768292e+00
1.102499999999998925e+00
1.103076923076921956e+00
1.104423076923075842e+00
1.105192307692306475e+00
1.105961538461537108e+00
1.106730769230767741e+00
1.108076923076921849e+00
1.109807692307691163e+00
1.110576923076921796e+00
1.112115384615383062e+00
1.113461538461536948e+00
1.114038461538460201e+00
1.114615384615383009e+00
1.116730769230767972e+00
1.117307692307690781e+00
1.118461538461537286e+00
1.119423076923075744e+00
1.120192307692306377e+00
1.120769230769229630e+00
1.121538461538460485e+00
1.122307692307691118e+00
1.124038461538460432e+00
1.124615384615383462e+00
1.125769230769229301e+00
1.126538461538460156e+00
1.126730769230767981e+00
1.127884615384614264e+00
1.128269230769229914e+00
1.128846153846152722e+00
1.129615384615383356e+00
1.130961538461537463e+00
1.132884615384614380e+00
1.133269230769229807e+00
1.135192307692306946e+00
1.135192307692306946e+00
1.136730769230768434e+00
1.137884615384614273e+00
1.138653846153845350e+00
1.139999999999999236e+00
1.141153846153845297e+00
1.142115384615383755e+00
1.143269230769230038e+00
1.143461538461537641e+00
1.144423076923076099e+00
1.144423076923076099e+00
1.144999999999998908e+00
1.146153846153845191e+00
1.147115384615383427e+00
1.147884615384614282e+00
1.149038461538460343e+00
1.150769230769229656e+00
1.151538461538460512e+00
1.152692307692306795e+00
1.153653846153845031e+00
1.154807692307691314e+00
1.155961538461537597e+00
1.156923076923076055e+00
1.158076923076922116e+00
1.158653846153845146e+00
1.160192307692306635e+00
1.160961538461537712e+00
1.161923076923076392e+00
1.162499999999999201e+00
1.163461538461537881e+00
1.164615384615384386e+00
1.165769230769230891e+00
1.166346153846153699e+00
1.167307692307692157e+00
1.168461538461538218e+00
1.169038461538461471e+00
1.170192307692307532e+00
1.171538461538461418e+00
1.172692307692307923e+00
1.173653846153845937e+00
1.174807692307692442e+00
1.175769230769230456e+00
1.177307692307692166e+00
1.178653846153846052e+00
1.179999999999999938e+00
1.180769230769230793e+00
1.181730769230768807e+00
1.182884615384614868e+00
1.184038461538460929e+00
1.184999999999999387e+00
1.186153846153845670e+00
1.187499999999999334e+00
1.188269230769230189e+00
1.189807692307691456e+00
1.190769230769229692e+00
1.190961538461537295e+00
1.191730769230768372e+00
1.193076923076922480e+00
1.194423076923076144e+00
1.195384615384614602e+00
1.196538461538461107e+00
1.197115384615383693e+00
1.197884615384614548e+00
1.198461538461537801e+00
1.199038461538460831e+00
1.199999999999999512e+00
1.200961538461537748e+00
1.201923076923076206e+00
1.202499999999999458e+00
1.203846153846153344e+00
1.204615384615384199e+00
1.205576923076922435e+00
1.206538461538461116e+00
1.207692307692307176e+00
1.208269230769230429e+00
1.208461538461538032e+00
1.209615384615384315e+00
1.210384615384615170e+00
1.211538461538461009e+00
1.212884615384614895e+00
1.213461538461538147e+00
1.214807692307692033e+00
1.215384615384615286e+00
1.216730769230768949e+00
1.217115384615384155e+00
1.217692307692307185e+00
1.218846153846153246e+00
1.219423076923076499e+00
1.220384615384614957e+00
1.221153846153845812e+00
1.222307692307692317e+00
1.223076923076923173e+00
1.224038461538461631e+00
1.224807692307692486e+00
1.225384615384614850e+00
1.226153846153845928e+00
1.226730769230768958e+00
1.227884615384614797e+00
1.229038461538461302e+00
1.229999999999999760e+00
1.231153846153846043e+00
1.232307692307691882e+00
1.232884615384615135e+00
1.233461538461537943e+00
1.234038461538460973e+00
1.235769230769229843e+00
1.236346153846153095e+00
1.238269230769230012e+00
1.239038461538460645e+00
1.239423076923076072e+00
1.239999999999999325e+00
1.240384615384614753e+00
1.241153846153845386e+00
1.241923076923076463e+00
1.242499999999999494e+00
1.242884615384615143e+00
1.243461538461538174e+00
1.244615384615384013e+00
1.245384615384614868e+00
1.246730769230768310e+00
1.247692307692306768e+00
1.248269230769230020e+00
1.248846153846152829e+00
1.249615384615383906e+00
1.250384615384614539e+00
1.251346153846152554e+00
1.252307692307691234e+00
1.253846153846152722e+00
1.254615384615383578e+00
1.255384615384614433e+00
1.256538461538460494e+00
1.258269230769229585e+00
1.259038461538460663e+00
1.259807692307691296e+00
1.261153846153845182e+00
1.262307692307691465e+00
1.263076923076922320e+00
1.264230769230768381e+00
1.265576923076922489e+00
1.266730769230768328e+00
1.268076923076922213e+00
1.269038461538460671e+00
1.269999999999999352e+00
1.271346153846153237e+00
1.272115384615383871e+00
1.273269230769230154e+00
1.273653846153845359e+00
1.274230769230768612e+00
1.274807692307691642e+00
1.275769230769229878e+00
1.276346153846152909e+00
1.278461538461537650e+00
1.279999999999999361e+00
1.280384615384614566e+00
1.281730769230768230e+00
1.282692307692306688e+00
1.283269230769229718e+00
1.283653846153845368e+00
1.284999999999999476e+00
1.285961538461537268e+00
1.286923076923075948e+00
1.288076923076922009e+00
1.289615384615383720e+00
1.290769230769229781e+00
1.291730769230768239e+00
1.292499999999998872e+00
1.293653846153845377e+00
1.294615384615384057e+00
1.294999999999999041e+00
1.296346153846153371e+00
1.297115384615384004e+00
1.297884615384614859e+00
1.299038461538461142e+00
1.299999999999999822e+00
1.300769230769230456e+00
1.301730769230768470e+00
1.302307692307691722e+00
1.303269230769229736e+00
1.304038461538460814e+00
1.304230769230768416e+00
1.305192307692306875e+00
1.306153846153845333e+00
1.307884615384614646e+00
1.309038461538460929e+00
1.309999999999999387e+00
1.310384615384614815e+00
1.311153846153845892e+00
1.312115384615384572e+00
1.312884615384615206e+00
1.313269230769230633e+00
1.313461538461538458e+00
1.314615384615384297e+00
1.315576923076922533e+00
1.316153846153845786e+00
1.317499999999999449e+00
1.318653846153845510e+00
1.319038461538460938e+00
1.319038461538460938e+00
1.319423076923076144e+00
1.320192307692307221e+00
1.321538461538461107e+00
1.322692307692307168e+00
1.322884615384614992e+00
1.322884615384614992e+00
1.323653846153845626e+00
1.324230769230768434e+00
1.325384615384614717e+00
1.325769230769230145e+00
1.326730769230768381e+00
1.328269230769229869e+00
1.329807692307691136e+00
1.331153846153845244e+00
1.332115384615383702e+00
1.333461538461537366e+00
1.334230769230768221e+00
1.334807692307690807e+00
1.336153846153844915e+00
1.337115384615383595e+00
1.337884615384614007e+00
1.339038461538460512e+00
1.339615384615383764e+00
1.340384615384613953e+00
1.341153846153845031e+00
1.342307692307690870e+00
1.343076923076921725e+00
1.344038461538460405e+00
1.345384615384614069e+00
1.346346153846152749e+00
1.347307692307690763e+00
1.347692307692306413e+00
1.348461538461536602e+00
1.348846153846152252e+00
1.349038461538459854e+00
1.349807692307690932e+00
1.351153846153845040e+00
1.351730769230768292e+00
1.352499999999998481e+00
1.353461538461537161e+00
1.354615384615383666e+00
1.355961538461537330e+00
1.357499999999998597e+00
1.358269230769229452e+00
1.359807692307691385e+00
1.359999999999998543e+00
1.361153846153845048e+00
1.361538461538460476e+00
1.362692307692306981e+00
1.363269230769230012e+00
1.364038461538461089e+00
1.365961538461537783e+00
1.366730769230768194e+00
1.367692307692306875e+00
1.368076923076922302e+00
1.369038461538460982e+00
1.370384615384614646e+00
1.371153846153845057e+00
1.372115384615383737e+00
1.372692307692306990e+00
1.373653846153845004e+00
1.374807692307690843e+00
1.375769230769229523e+00
1.376346153846152776e+00
1.376538461538460378e+00
1.377307692307691456e+00
1.377884615384614042e+00
1.379423076923075975e+00
1.379999999999999227e+00
1.380192307692306830e+00
1.381153846153845066e+00
1.381730769230767653e+00
1.382884615384613491e+00
1.384038461538459996e+00
1.384615384615383027e+00
1.385384615384614104e+00
1.385769230769229532e+00
1.386730769230767546e+00
1.387499999999998623e+00
1.387884615384614051e+00
1.388461538461537303e+00
1.389423076923075318e+00
1.390769230769229425e+00
1.391538461538460503e+00
1.392692307692306342e+00
1.393846153846152180e+00
1.394423076923075433e+00
1.394615384615383036e+00
1.395576923076921716e+00
1.396730769230767555e+00
1.397499999999998632e+00
1.398076923076921885e+00
1.398846153846152740e+00
1.399807692307690754e+00
1.400961538461537259e+00
1.402884615384613953e+00
1.403846153846152633e+00
1.404999999999999138e+00
1.405961538461537153e+00
1.407692307692306910e+00
1.408461538461537321e+00
1.409807692307691429e+00
1.410576923076921840e+00
1.411346153846152696e+00
1.411730769230768123e+00
1.412884615384614628e+00
1.413461538461537881e+00
1.413846153846153086e+00
1.414423076923075673e+00
1.415384615384613687e+00
1.416346153846152367e+00
1.416730769230768017e+00
1.417307692307691047e+00
1.418076923076922125e+00
1.419423076923075566e+00
1.420576923076922071e+00
1.422499999999998765e+00
1.423653846153845270e+00
1.424615384615383284e+00
1.425384615384614362e+00
1.426538461538460645e+00
1.427499999999998881e+00
1.429230769230768416e+00
1.429999999999999494e+00
1.430576923076922746e+00
1.431923076923076188e+00
1.433269230769229852e+00
1.433846153846153104e+00
1.434999999999999387e+00
1.435769230769229798e+00
1.436538461538460654e+00
1.436538461538460654e+00
1.437499999999999112e+00
1.438269230769229745e+00
1.440192307692306883e+00
1.440576923076922311e+00
1.441923076923076197e+00
1.442115384615383578e+00
1.443269230769229861e+00
1.444423076923075921e+00
1.445384615384614602e+00
1.445769230769230029e+00
1.446346153846153060e+00
1.447115384615383693e+00
1.448076923076922151e+00
1.448653846153845182e+00
1.448653846153845182e+00
1.449999999999999067e+00
1.449999999999999067e+00
1.451346153846152953e+00
1.451730769230768381e+00
1.452499999999999236e+00
1.453076923076922267e+00
1.453461538461537916e+00
1.455192307692306786e+00
1.456346153846153291e+00
1.457692307692306954e+00
1.458846153846153015e+00
1.459999999999999520e+00
1.460769230769230154e+00
1.461730769230768834e+00
1.462307692307691642e+00
1.463461538461538147e+00
1.464999999999999414e+00
1.465769230769230047e+00
1.466538461538461124e+00
1.467307692307691758e+00
1.468076923076922613e+00
1.469038461538461071e+00
1.469807692307691704e+00
1.470384615384614957e+00
1.470961538461538209e+00
1.471730769230768843e+00
1.472307692307691873e+00
1.474038461538461409e+00
1.475384615384615294e+00
1.476153846153845928e+00
1.477115384615384164e+00
1.477884615384615241e+00
1.479038461538461302e+00
1.479423076923076730e+00
1.480576923076923235e+00
1.481346153846153868e+00
1.482499999999999929e+00
1.483846153846153815e+00
1.484230769230769020e+00
1.485961538461538112e+00
1.486730769230768523e+00
1.487692307692307203e+00
1.488653846153845661e+00
1.489615384615384341e+00
1.489999999999999769e+00
1.491730769230769083e+00
1.492499999999999716e+00
1.493653846153845777e+00
1.494423076923076854e+00
1.495576923076922693e+00
1.496346153846153326e+00
1.497692307692306990e+00
1.498653846153845226e+00
1.500192307692306493e+00
1.500961538461537570e+00
1.502115384615383631e+00
1.503269230769230136e+00
1.503846153846153388e+00
1.505384615384614655e+00
1.506153846153845510e+00
1.507692307692307221e+00
1.509038461538461329e+00
1.510769230769230642e+00
1.512115384615384528e+00
1.513269230769230367e+00
1.514423076923076428e+00
1.515192307692307505e+00
1.515961538461538360e+00
1.517499999999999627e+00
1.518269230769230482e+00
1.518653846153845910e+00
1.519615384615384146e+00
1.520961538461538032e+00
1.522499999999999520e+00
1.523269230769230376e+00
1.524615384615384261e+00
1.525384615384614895e+00
1.526923076923076161e+00
1.527115384615383764e+00
1.527884615384614619e+00
1.528653846153845475e+00
1.529423076923075886e+00
1.530192307692306963e+00
1.531346153846153024e+00
1.532884615384614957e+00
1.533461538461537765e+00
1.533846153846153193e+00
1.534423076923076446e+00
1.535961538461538156e+00
1.536923076923076614e+00
1.538653846153845484e+00
1.539038461538461133e+00
1.540769230769230669e+00
1.541538461538461302e+00
1.543076923076923235e+00
1.543653846153846487e+00
1.544615384615384723e+00
1.546346153846153815e+00
1.547884615384615081e+00
1.549423076923076792e+00
1.550769230769230900e+00
1.551923076923077405e+00
1.552884615384615863e+00
1.554230769230769527e+00
1.555192307692308207e+00
1.556730769230769917e+00
1.557884615384615978e+00
1.559423076923077689e+00
1.559807692307693117e+00
1.560576923076923750e+00
1.561346153846154827e+00
1.563076923076923697e+00
1.563846153846154774e+00
1.564423076923077582e+00
1.565384615384616263e+00
1.566346153846154721e+00
1.567692307692308606e+00
1.568653846153847065e+00
1.569230769230769873e+00
1.569807692307693125e+00
1.571730769230769820e+00
1.573269230769231308e+00
1.574230769230769544e+00
1.575576923076923430e+00
1.577500000000000346e+00
1.579038461538461613e+00
1.579423076923077041e+00
1.580192307692307674e+00
1.580576923076923102e+00
1.581538461538461782e+00
1.582884615384615667e+00
1.584230769230769331e+00
1.584615384615384537e+00
1.585769230769230598e+00
1.586923076923076437e+00
1.588076923076922720e+00
1.589807692307692033e+00
1.590961538461537872e+00
1.592884615384614566e+00
1.594038461538460849e+00
1.595576923076922338e+00
1.596538461538460796e+00
1.597115384615384048e+00
1.597884615384614682e+00
1.598269230769230109e+00
1.599423076923075948e+00
1.601153846153845484e+00
1.601346153846153086e+00
1.601923076923076117e+00
1.602884615384614575e+00
1.604038461538461080e+00
1.604807692307691713e+00
1.605384615384614966e+00
1.606153846153845599e+00
1.607115384615384057e+00
1.608076923076922737e+00
1.608846153846153371e+00
1.609807692307691607e+00
1.611153846153845492e+00
1.612307692307691775e+00
1.612499999999999378e+00
1.614038461538460645e+00
1.615192307692307150e+00
1.616538461538461036e+00
1.617307692307691891e+00
1.618653846153845777e+00
1.619807692307692282e+00
1.620961538461538343e+00
1.621538461538461373e+00
1.622307692307692006e+00
1.623846153846153939e+00
1.624807692307692175e+00
1.625576923076923030e+00
1.627115384615384741e+00
1.628653846153846452e+00
1.629230769230769260e+00
1.629423076923077085e+00
1.630769230769230971e+00
1.631730769230769651e+00
1.633269230769230917e+00
1.634615384615384581e+00
1.635384615384615214e+00
1.636153846153845848e+00
1.637692307692307558e+00
1.639615384615384253e+00
1.640769230769230314e+00
1.641538461538460947e+00
1.642115384615383977e+00
1.643846153846153513e+00
1.644038461538461338e+00
1.644999999999999352e+00
1.646153846153845635e+00
1.647307692307691696e+00
1.647884615384614726e+00
1.648269230769230154e+00
1.649230769230768390e+00
1.650192307692306848e+00
1.650769230769230100e+00
1.651538461538460734e+00
1.652499999999999192e+00
1.653653846153845475e+00
1.654807692307691758e+00
1.655192307692307185e+00
1.656153846153845643e+00
1.657692307692307132e+00
1.658076923076922560e+00
1.658653846153845812e+00
1.660769230769230109e+00
1.663076923076922897e+00
1.663461538461538325e+00
1.664807692307691989e+00
1.665961538461538494e+00
1.666923076923076286e+00
1.667884615384614522e+00
1.668846153846152980e+00
1.670769230769230340e+00
1.671730769230768576e+00
1.672692307692307256e+00
1.673269230769229843e+00
1.674807692307691775e+00
1.675769230769230456e+00
1.676346153846153486e+00
1.676730769230769136e+00
1.677884615384614975e+00
1.679038461538461258e+00
1.680384615384614921e+00
1.681923076923076854e+00
1.682884615384614868e+00
1.683653846153845945e+00
1.684807692307692228e+00
1.685961538461538067e+00
1.687115384615384572e+00
1.688269230769230855e+00
1.688653846153845839e+00
1.689615384615384519e+00
1.690576923076923199e+00
1.691346153846153610e+00
1.692307692307692291e+00
1.693653846153846176e+00
1.694230769230769429e+00
1.694423076923077032e+00
1.695576923076923537e+00
1.695961538461538298e+00
1.697115384615384803e+00
1.697884615384615214e+00
1.698653846153846070e+00
1.698846153846153895e+00
1.700192307692308002e+00
1.700769230769231255e+00
1.701923076923076872e+00
1.702884615384615552e+00
1.703461538461538582e+00
1.704423076923076819e+00
1.705576923076923102e+00
1.706730769230769384e+00
1.707692307692308065e+00
1.709038461538461506e+00
1.709807692307692584e+00
1.710576923076923217e+00
1.712115384615384484e+00
1.713076923076922720e+00
1.713653846153845750e+00
1.714038461538461400e+00
1.714423076923076827e+00
1.715576923076923110e+00
1.716538461538461569e+00
1.717500000000000249e+00
1.718269230769230882e+00
1.719038461538461515e+00
1.719999999999999973e+00
1.720576923076923226e+00
1.721538461538461684e+00
1.722115384615384714e+00
1.723461538461538600e+00
1.724230769230769234e+00
1.724807692307692264e+00
1.725769230769230056e+00
1.727307692307691989e+00
1.728076923076922622e+00
1.729230769230768683e+00
1.729807692307691713e+00
1.730576923076922569e+00
1.732115384615384057e+00
1.732692307692307088e+00
1.733653846153845546e+00
1.735192307692306590e+00
1.735769230769229843e+00
1.736346153846153095e+00
1.737307692307691775e+00
1.738846153846153264e+00
1.739423076923076517e+00
1.739999999999999325e+00
1.741538461538460814e+00
1.741923076923076241e+00
1.742692307692307097e+00
1.745192307692307487e+00
1.745961538461538343e+00
1.747307692307692228e+00
1.748269230769230909e+00
1.749038461538461986e+00
1.750000000000000222e+00
1.750769230769230855e+00
1.751730769230769535e+00
1.753461538461539071e+00
1.755576923076923590e+00
1.755961538461539018e+00
1.756346153846154445e+00
1.757115384615385079e+00
1.757500000000000284e+00
1.760192307692308278e+00
1.760961538461538911e+00
1.762500000000000622e+00
1.763846153846154508e+00
1.764807692307693188e+00
1.765961538461538582e+00
1.766923076923077263e+00
1.767692307692308118e+00
1.768846153846154401e+00
1.770192307692308065e+00
1.771346153846154348e+00
1.772307692307692806e+00
1.773846153846154738e+00
1.775000000000000577e+00
1.775961538461539035e+00
1.777115384615384430e+00
1.778653846153846141e+00
1.780384615384615010e+00
1.781538461538461293e+00
1.782307692307692371e+00
1.782884615384615401e+00
1.784230769230769065e+00
1.784999999999999920e+00
1.786923076923076836e+00
1.788269230769230722e+00
1.788653846153846150e+00
1.789999999999999813e+00
1.791153846153846096e+00
1.792115384615384777e+00
1.793076923076923013e+00
1.794038461538461027e+00
1.794999999999999707e+00
1.796538461538461418e+00
1.798076923076923128e+00
1.798461538461538334e+00
1.799423076923076792e+00
1.800192307692307647e+00
1.800961538461538058e+00
1.801923076923076739e+00
1.802884615384615197e+00
1.803846153846153877e+00
1.804230769230768860e+00
1.804423076923076463e+00
1.805192307692307541e+00
1.805192307692307541e+00
1.806730769230769251e+00
1.808653846153846168e+00
1.809230769230768976e+00
1.809615384615384626e+00
1.811346153846153939e+00
1.812884615384615650e+00
1.813653846153845839e+00
1.814999999999999503e+00
1.815576923076922089e+00
1.816730769230768594e+00
1.818269230769229861e+00
1.819038461538460272e+00
1.820192307692306333e+00
1.821346153846152172e+00
1.822115384615382805e+00
1.823269230769228866e+00
1.823846153846152118e+00
1.824615384615382752e+00
1.825576923076921432e+00
1.826153846153844684e+00
1.826730769230767937e+00
1.828269230769229203e+00
1.829615384615382867e+00
1.830769230769228928e+00
1.831346153846152180e+00
1.833269230769229319e+00
1.834807692307690807e+00
1.835384615384614060e+00
1.836730769230768168e+00
1.837499999999999245e+00
1.838461538461537481e+00
1.838846153846152909e+00
1.839807692307691367e+00
1.841923076923076552e+00
1.842499999999999361e+00
1.843269230769230438e+00
1.844423076923076499e+00
1.844999999999999751e+00
1.845576923076922338e+00
1.846153846153845368e+00
1.847692307692307079e+00
1.848461538461538156e+00
1.849230769230768567e+00
1.849230769230768567e+00
1.850192307692307248e+00
1.851346153846153308e+00
1.852884615384615241e+00
1.853653846153845874e+00
1.855384615384615188e+00
1.856730769230768407e+00
1.857307692307691660e+00
1.857884615384614913e+00
1.858846153846152927e+00
1.859807692307691607e+00
1.860769230769229843e+00
1.861923076923076126e+00
1.863269230769230012e+00
1.864615384615384341e+00
1.865192307692307150e+00
1.865961538461538005e+00
