1.000000000000000000e+00
1.939999999999999947e+00
2.899999999999999911e+00
3.850000000000000089e+00
4.790000000000000036e+00
5.719999999999999751e+00
6.669999999999999929e+00
7.629999999999999893e+00
8.589999999999999858e+00
9.570000000000000284e+00
1.049000000000000021e+01
1.143999999999999950e+01
1.241000000000000014e+01
1.334999999999999964e+01
1.430000000000000071e+01
1.525000000000000000e+01
1.617000000000000171e+01
1.714000000000000057e+01
1.807999999999999829e+01
1.903999999999999915e+01
2.001000000000000156e+01
2.098000000000000043e+01
2.194999999999999929e+01
2.287999999999999901e+01
2.385000000000000142e+01
2.480999999999999872e+01
2.575000000000000000e+01
2.669000000000000128e+01
2.760999999999999943e+01
2.853000000000000114e+01
2.948000000000000043e+01
3.044000000000000128e+01
3.137999999999999901e+01
3.235000000000000142e+01
3.327000000000000313e+01
3.422999999999999687e+01
3.515999999999999659e+01
3.606000000000000227e+01
3.702000000000000313e+01
3.796999999999999886e+01
3.892999999999999972e+01
3.990999999999999659e+01
4.085999999999999943e+01
4.182999999999999829e+01
4.278000000000000114e+01
4.375999999999999801e+01
4.472999999999999687e+01
4.564000000000000057e+01
4.654999999999999716e+01
4.745000000000000284e+01
4.839000000000000057e+01
4.934000000000000341e+01
5.029999999999999716e+01
5.127000000000000313e+01
5.218999999999999773e+01
5.309000000000000341e+01
5.400999999999999801e+01
5.496999999999999886e+01
5.589999999999999858e+01
5.686999999999999744e+01
5.784000000000000341e+01
5.875999999999999801e+01
5.974000000000000199e+01
6.067000000000000171e+01
6.161999999999999744e+01
6.254999999999999716e+01
6.349000000000000199e+01
6.440999999999999659e+01
6.532999999999999829e+01
6.631999999999999318e+01
6.725000000000000000e+01
6.821999999999999886e+01
6.915999999999999659e+01
7.012000000000000455e+01
7.106999999999999318e+01
7.203000000000000114e+01
7.300000000000000000e+01
7.398000000000000398e+01
7.493999999999999773e+01
7.587999999999999545e+01
7.681000000000000227e+01
7.779000000000000625e+01
7.876000000000000512e+01
7.970000000000000284e+01
8.057999999999999829e+01
8.150000000000000000e+01
8.246999999999999886e+01
8.343000000000000682e+01
8.434000000000000341e+01
8.529999999999999716e+01
8.628000000000000114e+01
8.720000000000000284e+01
8.817000000000000171e+01
8.912000000000000455e+01
9.006999999999999318e+01
9.104999999999999716e+01
9.200000000000000000e+01
9.295999999999999375e+01
9.393000000000000682e+01
9.485999999999999943e+01
9.581999999999999318e+01
9.676153846153857785e+01
9.769326923076923208e+01
9.862500000000005684e+01
9.956653846153851362e+01
1.004786538461536480e+02
1.014201923076921474e+02
1.023225000000000051e+02
1.032346153846155516e+02
1.041859615384616120e+02
1.051274999999999409e+02
1.060690384615383834e+02
1.069811538461537168e+02
1.079128846153844989e+02
1.088348076923076917e+02
1.097469230769231388e+02
1.107080769230769874e+02
1.116594230769230904e+02
1.126009615384613483e+02
1.135523076923074797e+02
1.145036538461537390e+02
1.154353846153845922e+02
1.163475000000000250e+02
1.172792307692307645e+02
1.181423076923075541e+02
1.190642307692304769e+02
1.200155769230767362e+02
1.209276923076921975e+02
1.218594230769230649e+02
1.228009615384615785e+02
1.237523076923075536e+02
1.246742307692304905e+02
1.256157692307689615e+02
1.265573076923075178e+02
1.275184615384614091e+02
1.284600000000000080e+02
1.293917307692308043e+02
1.303332692307691048e+02
1.312649999999997590e+02
1.322065384615381731e+02
1.331382692307690263e+02
1.340699999999998795e+02
1.350115384615384357e+02
1.359628846153845245e+02
1.369338461538459057e+02
1.379146153846150753e+02
1.388757692307689524e+02
1.398074999999998056e+02
1.407196153846152527e+02
1.416219230769229682e+02
1.425634615384612971e+02
1.434853846153843335e+02
1.443974999999996385e+02
1.453488461538458125e+02
1.462805769230766941e+02
1.472319230769229534e+02
1.481734615384613676e+02
1.491248076923074279e+02
1.500565384615381390e+02
1.509686538461535292e+02
1.518513461538458671e+02
1.528124999999998295e+02
1.537442307692305690e+02
1.546661538461535486e+02
1.556174999999996658e+02
1.565688461538457261e+02
1.575103846153842539e+02
1.584224999999997578e+02
1.593738461538459603e+02
1.603055769230767567e+02
1.612569230769228454e+02
1.621690384615381504e+02
1.631105769230765645e+02
1.640717307692304132e+02
1.650132692307689979e+02
1.659449999999997374e+02
1.668571153846150708e+02
1.678182692307688626e+02
1.687696153846149514e+02
1.697307692307687716e+02
1.706526923076920070e+02
1.715844230769228318e+02
1.725161538461535997e+02
1.734478846153843108e+02
1.743599999999996726e+02
1.752721153846149775e+02
1.761744230769228068e+02
1.771257692307690093e+02
1.780574999999996635e+02
1.789696153846149969e+02
1.798817307692303871e+02
1.808624999999995282e+02
1.817648076923071585e+02
1.826769230769226908e+02
1.836380769230766248e+02
1.845698076923073359e+02
1.855113461538458068e+02
1.864136538461534656e+02
1.873061538461534212e+02
1.881888461538457307e+02
1.890911538461534178e+02
1.900424999999995919e+02
1.909153846153841982e+02
1.918569230769224703e+02
1.927886538461533803e+02
1.937105769230763315e+02
1.946619230769225339e+02
1.955740384615380663e+02
1.965155769230765088e+02
1.974669230769226544e+02
1.983790384615381015e+02
1.993205769230765156e+02
2.002621153846149866e+02
2.012036538461534576e+02
2.021157692307687341e+02
2.030082692307687182e+02
2.039498076923071039e+02
2.048521153846147342e+02
2.057642307692300960e+02
2.067155769230762985e+02
2.076669230769225294e+02
2.085398076923072210e+02
2.094911538461534235e+02
2.104130769230765452e+02
2.113448076923073415e+02
2.122863461538457273e+02
2.132376923076919297e+02
2.141792307692302018e+02
2.151207692307685875e+02
2.160132692307686000e+02
2.169646153846146035e+02
2.178865384615377252e+02
2.188280769230761962e+02
2.197990384615378332e+02
2.207209615384609833e+02
2.216821153846149173e+02
2.226334615384610913e+02
2.235749999999996760e+02
2.244871153846150662e+02
2.253698076923074041e+02
2.263309615384610254e+02
2.272136538461531643e+02
2.281944230769223623e+02
2.290967307692300494e+02
2.300186538461531143e+02
2.309601923076914716e+02
2.318723076923069186e+02
2.327942307692300972e+02
2.337259615384609788e+02
2.346478846153841289e+02
2.356188461538457659e+02
2.365505769230766191e+02
2.375313461538458171e+02
2.384826923076917922e+02
2.394046153846146865e+02
2.403363461538454544e+02
2.412778846153838685e+02
2.421998076923068481e+02
2.430923076923068322e+02
2.440338461538453600e+02
2.449557692307684817e+02
2.458874999999993065e+02
2.468094230769224566e+02
2.477313461538456636e+02
2.486630769230764315e+02
2.495849999999995532e+02
2.505363461538455567e+02
2.514386538461531870e+02
2.523801923076915728e+02
2.533119230769223122e+02
2.542632692307683442e+02
2.551949999999990553e+02
2.561169230769221485e+02
2.570388461538453839e+02
2.579901923076915295e+02
2.589219230769224396e+02
2.598438461538455613e+02
2.607951923076917637e+02
2.617171153846148286e+02
2.626292307692300483e+02
2.635511538461530563e+02
2.644828846153837389e+02
2.654048076923068038e+02
2.663365384615375433e+02
2.672388461538451452e+02
2.681509615384605922e+02
2.690630769230760393e+02
2.700046153846144534e+02
2.709363461538454203e+02
2.718582692307685988e+02
2.727801923076917774e+02
2.737119230769225169e+02
2.746338461538455249e+02
2.755459615384608583e+02
2.764874999999991019e+02
2.773898076923067606e+02
2.783215384615373864e+02
2.792924999999989950e+02
2.802340384615374660e+02
2.811461538461528562e+02
2.820582692307683601e+02
2.829899999999990996e+02
2.839119230769223350e+02
2.848632692307685375e+02
2.858048076923070653e+02
2.867561538461531541e+02
2.877074999999993565e+02
2.886392307692299255e+02
2.895709615384606650e+02
2.905026923076912908e+02
2.914540384615373796e+02
2.923661538461527130e+02
2.933076923076912976e+02
2.942394230769220940e+02
2.951711538461529472e+02
2.960930769230760689e+02
2.970444230769223282e+02
2.980153846153839368e+02
2.989373076923070585e+02
2.998788461538455294e+02
3.008007692307684806e+02
3.017128846153838708e+02
3.026642307692298459e+02
3.035763461538450088e+02
3.045276923076912112e+02
3.054398076923066014e+02
3.064009615384605922e+02
3.073523076923067379e+02
3.082742307692298596e+02
3.092255769230761189e+02
3.101573076923069152e+02
3.110988461538453862e+02
3.120207692307685647e+02
3.129623076923068083e+02
3.138940384615375478e+02
3.148355769230758483e+02
3.157869230769219371e+02
3.167284615384603512e+02
3.176798076923065537e+02
3.186017307692297891e+02
3.195236538461527971e+02
3.204553846153836503e+02
3.213773076923067720e+02
3.222992307692298368e+02
3.232505769230760393e+02
3.242019230769222418e+02
3.251532692307683874e+02
3.260457692307682578e+02
3.269971153846141760e+02
3.278798076923064286e+02
3.288213461538447859e+02
3.297824999999987767e+02
3.307338461538449792e+02
3.316949999999988563e+02
3.326365384615374410e+02
3.335780769230758551e+02
3.345294230769220576e+02
3.354905769230759347e+02
3.364419230769220803e+02
3.373638461538452020e+02
3.383053846153836730e+02
3.392174999999990064e+02
3.401492307692294617e+02
3.411005769230756641e+02
3.420519230769218098e+02
3.429934615384603944e+02
3.439349999999988086e+02
3.448667307692296049e+02
3.457984615384604012e+02
3.467007692307680600e+02
3.476423076923066446e+02
3.485838461538452293e+02
3.495057692307681236e+02
3.503982692307682782e+02
3.513398076923065787e+02
3.522813461538449928e+02
3.531934615384601557e+02
3.541153846153834479e+02
3.550569230769217484e+02
3.559788461538450974e+02
3.568909615384603171e+02
3.578128846153833820e+02
3.587249999999988290e+02
3.596567307692294548e+02
3.605884615384605354e+02
3.615005769230756982e+02
3.624421153846142829e+02
3.633640384615372909e+02
3.643251923076913386e+02
3.652765384615371431e+02
3.662278846153834593e+02
3.671596153846141988e+02
3.681109615384605149e+02
3.689838461538449224e+02
3.698861538461527516e+02
3.708473076923063445e+02
3.717594230769219052e+02
3.726911538461526447e+02
3.736424999999986767e+02
3.746036538461527243e+02
3.755157692307678872e+02
3.764474999999987403e+02
3.773792307692295367e+02
3.783011538461525447e+02
3.792034615384602603e+02
3.801253846153834388e+02
3.810571153846142352e+02
3.819986538461526493e+02
3.829205769230755436e+02
3.838523076923065105e+02
3.848134615384601034e+02
3.857255769230757778e+02
3.866671153846139077e+02
3.876086538461526629e+02
3.885305769230755004e+02
3.894623076923063536e+02
3.904038461538447677e+02
3.913355769230755641e+02
3.922869230769218234e+02
3.932186538461525060e+02
3.941601923076912612e+02
3.951311538461523583e+02
3.960628846153833820e+02
3.969946153846139509e+02
3.978871153846139919e+02
3.988090384615371136e+02
3.997407692307679099e+02
4.007019230769219007e+02
4.016434615384599738e+02
4.025751923076908838e+02
4.035167307692292979e+02
4.044778846153832887e+02
4.054488461538448405e+02
4.063707692307679622e+02
4.073024999999985312e+02
4.082538461538449610e+02
4.091659615384600102e+02
4.100878846153831319e+02
4.110490384615370090e+02
4.120298076923062922e+02
4.129909615384602262e+02
4.139324999999985266e+02
4.148446153846140874e+02
4.157665384615370385e+02
4.167374999999985903e+02
4.177182692307678167e+02
4.186598076923063445e+02
4.196111538461520922e+02
4.205330769230753276e+02
4.214942307692292047e+02
4.224259615384600579e+02
4.233282692307677166e+02
4.242305769230754322e+02
4.251426923076908793e+02
4.260744230769216188e+02
4.269865384615371795e+02
4.279280769230754800e+02
4.288794230769216824e+02
4.297915384615369021e+02
4.307232692307678121e+02
4.316648076923059989e+02
4.325867307692291206e+02
4.335380769230752094e+02
4.344796153846137372e+02
4.354211538461523787e+02
4.363430769230753299e+02
4.372846153846139146e+02
4.382163461538446541e+02
4.391284615384601580e+02
4.400601923076907269e+02
4.409919230769215801e+02
4.419530769230752867e+02
4.428946153846140987e+02
4.438557692307675211e+02
4.448267307692289592e+02
4.457682692307674870e+02
4.466803846153829340e+02
4.476317307692290797e+02
4.485732692307676643e+02
4.495049999999984038e+02
4.504269230769215255e+02
4.513390384615369726e+02
4.522413461538445176e+02
4.531828846153829886e+02
4.540851923076906473e+02
4.550561538461523696e+02
4.559780769230752639e+02
4.569392307692290842e+02
4.578611538461519217e+02
4.588124999999982379e+02
4.597540384615367088e+02
4.606367307692289614e+02
4.615782692307676029e+02
4.625099999999983993e+02
4.634711538461524469e+02
4.644028846153830727e+02
4.653149999999984630e+02
4.662565384615367634e+02
4.671882692307675597e+02
4.681396153846138759e+02
4.690713461538445017e+02
4.699932692307675666e+02
4.709249999999981355e+02
4.718763461538442243e+02
4.728473076923060034e+02
4.737888461538441334e+02
4.747401923076907906e+02
4.756424999999983925e+02
4.765938461538446518e+02
4.775648076923061467e+02
4.784965384615367725e+02
4.794478846153830318e+02
4.803698076923061535e+02
4.812917307692291615e+02
4.822430769230751366e+02
4.831846153846136644e+02
4.841457692307672005e+02
4.850774999999981674e+02
4.860190384615364110e+02
4.869801923076907428e+02
4.879315384615367179e+02
4.888632692307676848e+02
4.897753846153829613e+02
4.907169230769214323e+02
4.916388461538444403e+02
4.925607692307677894e+02
4.935121153846138782e+02
4.944830769230752026e+02
4.954148076923060557e+02
4.963367307692287227e+02
4.972782692307672505e+02
4.982296153846135667e+02
4.991711538461520945e+02
5.001028846153829477e+02
5.010248076923060125e+02
5.019074999999983220e+02
5.028392307692288909e+02
5.037611538461520695e+02
5.046928846153830932e+02
5.055853846153830773e+02
5.065269230769214346e+02
5.074390384615367680e+02
5.083805769230751253e+02
5.093221153846133689e+02
5.102832692307673028e+02
5.112051923076902540e+02
5.121565384615369112e+02
5.131176923076905041e+02
5.140690384615369339e+02
5.150007692307674461e+02
5.159324999999985266e+02
5.168936538461523469e+02
5.178449999999986630e+02
5.187865384615370203e+02
5.196986538461527516e+02
5.206205769230756459e+02
5.215032692307679554e+02
5.224251923076908497e+02
5.233569230769215892e+02
5.242984615384601739e+02
5.252203846153832956e+02
5.261521153846140351e+02
5.270446153846144171e+02
5.279861538461526607e+02
5.289374999999993179e+02
5.298496153846144807e+02
5.307617307692300983e+02
5.317130769230761871e+02
5.326349999999993088e+02
5.335765384615378935e+02
5.345180769230762508e+02
5.354988461538457614e+02
5.364305769230762735e+02
5.373721153846149718e+02
5.382548076923070539e+02
5.392159615384611016e+02
5.401280769230766055e+02
5.410990384615380435e+02
5.420209615384611652e+02
5.429428846153842869e+02
5.438746153846153675e+02
5.448357692307689604e+02
5.457871153846153902e+02
5.467286538461538612e+02
5.476603846153847144e+02
5.486117307692308032e+02
5.495925000000002001e+02
5.505046153846157040e+02
5.514853846153852146e+02
5.523975000000001501e+02
5.533586538461543114e+02
5.543001923076923276e+02
5.552515384615389848e+02
5.562126923076925777e+02
5.571051923076929597e+02
5.580271153846158541e+02
5.589392307692313580e+02
5.598611538461545933e+02
5.607830769230777150e+02
5.617246153846160723e+02
5.626563461538469255e+02
5.636076923076930143e+02
5.645296153846163634e+02
5.654319230769242495e+02
5.663734615384626068e+02
5.673150000000014188e+02
5.682565384615394350e+02
5.691980769230781334e+02
5.701298076923088729e+02
5.710713461538472302e+02
5.720226923076937737e+02
5.729740384615396351e+02
5.739155769230783335e+02
5.748669230769244223e+02
5.757594230769248043e+02
5.766715384615398534e+02
5.776130769230786655e+02
5.785448076923092913e+02
5.794863461538478759e+02
5.804082692307709976e+02
5.813694230769250453e+02
5.822913461538479396e+02
5.832328846153867516e+02
5.841548076923096460e+02
5.850669230769251499e+02
5.860280769230786291e+02
5.869205769230792384e+02
5.878621153846174821e+02
5.887938461538485626e+02
5.897255769230793021e+02
5.906573076923100416e+02
5.916184615384640892e+02
5.925109615384640165e+02
5.934525000000027148e+02
5.943744230769254955e+02
5.953159615384641938e+02
5.962378846153872018e+02
5.971794230769259002e+02
5.980915384615409494e+02
5.990232692307722573e+02
5.999255769230798023e+02
6.008671153846182733e+02
6.017890384615413950e+02
6.027109615384644030e+02
6.036623076923106055e+02
6.045646153846182642e+02
6.055061538461571899e+02
6.064084615384645076e+02
6.073205769230803526e+02
6.082130769230802798e+02
6.091251923076957837e+02
6.100471153846186780e+02
6.109690384615417997e+02
6.119105769230803844e+02
6.128521153846189691e+02
6.137544230769267415e+02
6.146959615384653262e+02
6.156571153846191464e+02
6.165888461538496585e+02
6.175009615384651624e+02
6.184032692307729349e+02
6.193448076923116332e+02
6.202569230769266824e+02
6.211984615384656081e+02
6.221007692307731531e+02
6.230717307692351596e+02
6.240132692307732896e+02
6.249548076923117605e+02
6.258963461538504589e+02
6.268378846153887025e+02
6.277598076923120516e+02
6.286621153846197103e+02
6.296134615384662538e+02
6.305746153846197330e+02
6.315259615384660492e+02
6.324282692307738216e+02
6.333600000000044474e+02
6.342525000000048294e+02
6.352136538461583086e+02
6.361061538461585769e+02
6.370476923076970479e+02
6.379500000000048203e+02
6.389013461538511365e+02
6.398330769230818760e+02
6.407255769230819169e+02
6.416278846153895756e+02
6.425301923076975754e+02
6.434423076923126246e+02
6.443642307692359736e+02
6.452959615384668268e+02
6.462080769230823307e+02
6.471398076923128428e+02
6.480421153846208426e+02
6.489640384615436233e+02
6.498663461538517367e+02
6.508275000000053296e+02
6.517690384615440280e+02
6.527105769230824990e+02
6.536030769230824262e+02
6.545446153846213520e+02
6.554959615384672134e+02
6.564276923076982939e+02
6.573594230769288060e+02
6.582715384615445373e+02
6.592032692307751631e+02
6.601546153846215930e+02
6.611059615384677954e+02
6.619886538461603323e+02
6.628909615384679910e+02
6.638226923076986168e+02
6.647348076923138933e+02
6.656175000000062028e+02
6.665198076923137478e+02
6.674809615384679091e+02
6.684225000000063801e+02
6.693836538461604277e+02
6.703153846153910536e+02
6.712275000000070122e+02
6.721396153846218340e+02
6.731007692307761090e+02
6.740226923076992307e+02
6.749446153846221250e+02
6.758665384615455878e+02
6.767590384615455150e+02
6.776809615384688641e+02
6.785636538461610598e+02
6.794855769230839542e+02
6.803878846153918403e+02
6.813196153846225798e+02
6.822709615384687822e+02
6.832125000000070258e+02
6.841736538461613009e+02
6.850955769230843089e+02
6.859880769230841224e+02
6.869590384615459016e+02
6.879103846153919903e+02
6.888421153846228435e+02
6.897640384615461926e+02
6.907055769230844362e+02
6.916569230769309797e+02
6.925984615384694507e+02
6.935301923077003039e+02
6.944619230769309297e+02
6.954034615384694007e+02
6.963351923077002539e+02
6.972473076923156441e+02
6.981692307692391068e+02
6.991401923077000902e+02
7.000425000000082036e+02
7.009644230769314390e+02
7.018765384615466019e+02
7.028180769230853002e+02
7.037301923077004631e+02
7.046521153846239258e+02
7.055740384615467065e+02
7.065253846153931363e+02
7.074669230769316073e+02
7.083692307692394934e+02
7.093009615384703466e+02
7.102425000000087039e+02
7.111448076923165900e+02
7.120471153846240213e+02
7.129984615384706785e+02
7.139694230769318892e+02
7.148815384615472794e+02
7.158132692307779052e+02
7.167155769230864735e+02
7.176276923077015226e+02
7.185692307692401073e+02
7.195107692307781235e+02
7.204130769230863507e+02
7.212957692307784328e+02
7.222176923077017818e+02
7.231592307692399118e+02
7.241105769230867963e+02
7.250030769230861551e+02
7.259740384615481616e+02
7.269057692307786738e+02
7.278276923077017955e+02
7.287496153846253719e+02
7.297009615384711196e+02
7.306621153846255083e+02
7.315938461538557931e+02
7.325255769230871010e+02
7.334769230769331898e+02
7.344184615384717745e+02
7.353501923077020592e+02
7.362721153846255220e+02
7.371940384615487574e+02
7.381551923077025776e+02
7.390869230769333171e+02
7.399892307692406348e+02
7.409503846153950235e+02
7.419017307692412260e+02
7.427746153846259176e+02
7.436376923077026504e+02
7.445988461538565844e+02
7.455109615384724293e+02
7.464328846153953236e+02
7.473646153846261768e+02
7.482963461538564616e+02
7.492280769230882242e+02
7.501107692307800789e+02
7.510425000000110458e+02
7.519742307692412169e+02
7.529255769230877604e+02
7.538278846153958739e+02
7.547596153846264997e+02
7.557109615384725885e+02
7.566721153846264087e+02
7.575940384615496441e+02
7.585159615384728795e+02
7.594280769230880423e+02
7.603303846153959284e+02
7.612621153846266679e+02
7.622036538461655937e+02
7.631255769230887154e+02
7.640475000000114960e+02
7.649694230769347314e+02
7.658913461538580805e+02
7.668525000000119007e+02
7.677842307692424129e+02
7.687159615384730387e+02
7.696575000000124192e+02
7.705892307692427039e+02
7.715013461538577531e+02
7.724526923077045240e+02
7.734236538461659620e+02
7.743455769230890837e+02
7.753067307692424492e+02
7.762286538461663667e+02
7.771701923077043830e+02
7.781117307692429677e+02
7.790826923077049742e+02
7.799948076923203644e+02
7.809461538461665668e+02
7.818680769230892338e+02
7.827998076923204280e+02
7.837511538461662894e+02
7.846828846153973700e+02
7.856048076923201506e+02
7.865267307692438408e+02
7.874584615384741255e+02
7.883705769230900842e+02
7.893121153846284415e+02
7.902536538461667988e+02
7.911559615384744575e+02
7.920876923077053107e+02
7.930390384615513995e+02
7.940001923077055608e+02
7.949613461538594947e+02
7.958832692307827301e+02
7.968150000000133559e+02
7.977467307692443228e+02
7.986882692307827938e+02
7.996298076923210374e+02
8.005615384615520043e+02
8.015128846153980930e+02
8.024446153846294010e+02
8.033959615384751487e+02
8.043080769230905389e+02
8.052496153846291236e+02
8.062009615384754397e+02
8.071326923077060655e+02
8.080350000000140653e+02
8.089765384615525363e+02
8.098984615384755443e+02
8.108498076923219742e+02
8.117913461538602178e+02
8.126936538461679902e+02
8.136450000000144200e+02
8.145767307692450458e+02
8.154790384615528183e+02
8.164303846153989070e+02
8.173817307692454506e+02
8.183134615384763038e+02
8.192157692307837351e+02
8.201671153846297102e+02
8.211184615384759127e+02
8.220207692307840261e+02
8.229819230769376190e+02
8.239234615384762037e+02
8.247767307692456598e+02
8.257182692307842444e+02
8.266303846153998620e+02
8.275621153846301468e+02
8.285036538461690725e+02
8.294353846153996983e+02
8.303769230769385103e+02
8.313086538461689088e+02
8.322011538461692908e+02
8.330740384615539824e+02
8.340351923077075753e+02
8.349963461538613956e+02
8.359378846153999802e+02
8.368990384615539142e+02
8.377425000000152977e+02
8.386840384615543371e+02
8.395863461538617685e+02
8.404984615384771587e+02
8.414301923077082392e+02
8.423521153846311336e+02
8.432838461538621004e+02
8.442253846154003440e+02
8.451473076923234657e+02
8.460594230769389696e+02
8.469813461538625461e+02
8.479130769230927172e+02
8.488153846154007169e+02
8.497373076923239523e+02
8.506690384615551466e+02
8.515909615384781546e+02
8.524932692307853586e+02
8.533857692307850584e+02
8.543076923077090896e+02
8.552492307692475606e+02
8.562005769230936494e+02
8.571126923077084712e+02
8.580542307692473969e+02
8.589369230769398200e+02
8.598490384615554376e+02
8.608101923077089168e+02
8.617223076923239660e+02
8.626442307692477698e+02
8.635759615384787367e+02
8.645076923077093625e+02
8.654394230769397609e+02
8.663711538461710688e+02
8.672734615384788412e+02
8.681757692307865000e+02
8.691369230769400929e+02
8.700686538461711734e+02
8.710101923077095307e+02
8.719517307692481154e+02
8.728834615384789686e+02
8.738151923077099354e+02
8.747469230769406749e+02
8.757080769230946089e+02
8.766790384615561607e+02
8.776205769230942906e+02
8.786013461538636875e+02
8.795036538461718010e+02
8.803863461538639967e+02
8.813376923077101992e+02
8.822988461538639058e+02
8.831913461538644015e+02
8.840936538461716054e+02
8.850351923077105312e+02
8.859473076923258077e+02
8.868986538461717828e+02
8.878205769230947908e+02
8.887228846154029043e+02
8.896644230769417163e+02
8.905863461538647243e+02
8.915082692307873913e+02
8.924498076923263170e+02
8.933717307692492113e+02
8.943230769230951864e+02
8.952646153846341122e+02
8.961963461538649653e+02
8.971476923077111678e+02
8.980990384615569155e+02
8.990013461538649153e+02
8.999134615384806466e+02
9.008353846154036546e+02
9.017867307692498571e+02
9.026694230769420528e+02
9.035717307692499389e+02
9.045230769230958003e+02
9.054351923077116453e+02
9.063767307692500026e+02
9.073084615384807421e+02
9.082696153846346760e+02
9.092013461538654155e+02
9.100742307692501072e+02
9.110255769230960823e+02
9.119671153846350080e+02
9.128890384615581297e+02
9.138403846154047869e+02
9.147917307692505346e+02
9.157430769230965097e+02
9.166453846154041685e+02
9.175869230769436626e+02
9.185284615384812241e+02
9.195092307692511895e+02
9.204409615384809058e+02
9.213628846154050507e+02
9.222651923077125957e+02
9.232067307692508393e+02
9.240992307692507666e+02
9.250113461538664978e+02
9.259626923077127003e+02
9.269140384615586754e+02
9.278457692307897560e+02
9.287775000000203818e+02
9.297092307692514623e+02
9.306311538461742430e+02
9.315432692307898606e+02
9.324553846154053645e+02
9.334067307692514532e+02
9.343482692307900379e+02
