1.000000000000000000e+00
1.060000000000000053e+00
1.100000000000000089e+00
1.149999999999999911e+00
1.209999999999999964e+00
1.280000000000000027e+00
1.330000000000000071e+00
1.370000000000000107e+00
1.409999999999999920e+00
1.429999999999999938e+00
1.510000000000000009e+00
1.560000000000000053e+00
1.590000000000000080e+00
1.649999999999999911e+00
1.699999999999999956e+00
1.750000000000000000e+00
1.830000000000000071e+00
1.860000000000000098e+00
1.919999999999999929e+00
1.959999999999999964e+00
1.989999999999999991e+00
2.020000000000000018e+00
2.049999999999999822e+00
2.120000000000000107e+00
2.149999999999999911e+00
2.189999999999999947e+00
2.250000000000000000e+00
2.310000000000000053e+00
2.390000000000000124e+00
2.470000000000000195e+00
2.520000000000000018e+00
2.560000000000000053e+00
2.620000000000000107e+00
2.649999999999999911e+00
2.729999999999999982e+00
2.770000000000000018e+00
2.839999999999999858e+00
2.939999999999999947e+00
2.979999999999999982e+00
3.029999999999999805e+00
3.069999999999999840e+00
3.089999999999999858e+00
3.140000000000000124e+00
3.169999999999999929e+00
3.220000000000000195e+00
3.240000000000000213e+00
3.270000000000000018e+00
3.359999999999999876e+00
3.450000000000000178e+00
3.549999999999999822e+00
3.609999999999999876e+00
3.660000000000000142e+00
3.700000000000000178e+00
3.729999999999999982e+00
3.810000000000000053e+00
3.910000000000000142e+00
3.990000000000000213e+00
4.030000000000000249e+00
4.099999999999999645e+00
4.129999999999999893e+00
4.160000000000000142e+00
4.240000000000000213e+00
4.259999999999999787e+00
4.330000000000000071e+00
4.379999999999999893e+00
4.450000000000000178e+00
4.509999999999999787e+00
4.589999999999999858e+00
4.669999999999999929e+00
4.679999999999999716e+00
4.750000000000000000e+00
4.780000000000000249e+00
4.839999999999999858e+00
4.879999999999999893e+00
4.929999999999999716e+00
4.969999999999999751e+00
5.000000000000000000e+00
5.019999999999999574e+00
5.059999999999999609e+00
5.120000000000000107e+00
5.190000000000000391e+00
5.209999999999999964e+00
5.240000000000000213e+00
5.299999999999999822e+00
5.419999999999999929e+00
5.500000000000000000e+00
5.530000000000000249e+00
5.570000000000000284e+00
5.660000000000000142e+00
5.700000000000000178e+00
5.719999999999999751e+00
5.799999999999999822e+00
5.830000000000000071e+00
5.879999999999999893e+00
5.929999999999999716e+00
5.950000000000000178e+00
6.000000000000000000e+00
6.040000000000000036e+00
6.070000000000000284e+00
6.139999999999999680e+00
6.179999999999999716e+00
6.219230769230770228e+00
6.268269230769231370e+00
6.317307692307694289e+00
6.356538461538463913e+00
6.425192307692310756e+00
6.464423076923079492e+00
6.542884615384618741e+00
6.611538461538465583e+00
6.640961538461541913e+00
6.680192307692310649e+00
6.719423076923079385e+00
6.788076923076926228e+00
6.837115384615389146e+00
6.895961538461543583e+00
6.964615384615388649e+00
6.984230769230773461e+00
7.013653846153850679e+00
7.052884615384621192e+00
7.082307692307697522e+00
7.111730769230773852e+00
7.160769230769234106e+00
7.229423076923080949e+00
7.278461538461541203e+00
7.396153846153850964e+00
7.455000000000004512e+00
7.484423076923081730e+00
7.553076923076928573e+00
7.602115384615390603e+00
7.641346153846159339e+00
7.670769230769236557e+00
7.729615384615390994e+00
7.768846153846160618e+00
7.808076923076930242e+00
7.827692307692315055e+00
7.866923076923082903e+00
7.915961538461544933e+00
7.955192307692312781e+00
8.004230769230773035e+00
8.043461538461542659e+00
8.092500000000004690e+00
8.141538461538464944e+00
8.180769230769232792e+00
8.210192307692310010e+00
8.220000000000002416e+00
8.220000000000002416e+00
8.239615384615387228e+00
8.288653846153847482e+00
8.357307692307692548e+00
8.435769230769233573e+00
8.475000000000001421e+00
8.533846153846155858e+00
8.602500000000002700e+00
8.631923076923079918e+00
8.680961538461541949e+00
8.710384615384617391e+00
8.749615384615387015e+00
8.779038461538462457e+00
8.828076923076924487e+00
8.896730769230769553e+00
8.994807692307695390e+00
9.014423076923080203e+00
9.063461538461542233e+00
9.122307692307694893e+00
9.151730769230772111e+00
9.181153846153849329e+00
9.220384615384618954e+00
9.289038461538465796e+00
9.318461538461543014e+00
9.367500000000006821e+00
9.396923076923082263e+00
9.465576923076929106e+00
9.504807692307696954e+00
9.524423076923081766e+00
9.563653846153849614e+00
9.612692307692311644e+00
9.681346153846158487e+00
9.700961538461543299e+00
9.730384615384620517e+00
9.750000000000003553e+00
9.808846153846156213e+00
9.857884615384618243e+00
9.906923076923080274e+00
9.955961538461540528e+00
1.002461538461538737e+01
1.009326923076923244e+01
1.017173076923077168e+01
1.020115384615384890e+01
1.025019230769231093e+01
1.031884615384615778e+01
1.038750000000000462e+01
1.038750000000000462e+01
1.046596153846154031e+01
1.053461538461538716e+01
1.055423076923077197e+01
1.060326923076923400e+01
1.064250000000000185e+01
1.072096153846154110e+01
1.080923076923077097e+01
1.090730769230769504e+01
1.098576923076922895e+01
1.101519230769230795e+01
1.112307692307692442e+01
1.116230769230769226e+01
1.121134615384615429e+01
1.127019230769230695e+01
1.129961538461538417e+01
1.136826923076922924e+01
1.140749999999999709e+01
1.143692307692307431e+01
1.150557692307692292e+01
1.154480769230769255e+01
1.158403846153846217e+01
1.162326923076923180e+01
1.169192307692307331e+01
1.178019230769230496e+01
1.181942307692307459e+01
1.189788461538461206e+01
1.196653846153846246e+01
1.199596153846153790e+01
1.202538461538461512e+01
1.213326923076923158e+01
1.216269230769230880e+01
1.222153846153846501e+01
1.227057692307692527e+01
1.230980769230769489e+01
1.233923076923077211e+01
1.237846153846153996e+01
1.241769230769230958e+01
1.250596153846154124e+01
1.253538461538461490e+01
1.259423076923077112e+01
1.263346153846154074e+01
1.264326923076923137e+01
1.270211538461538581e+01
1.272173076923077062e+01
1.275115384615384961e+01
1.279038461538462101e+01
1.285903846153846608e+01
1.295711538461538836e+01
1.297673076923077140e+01
1.307480769230769546e+01
1.307480769230769546e+01
1.315326923076923293e+01
1.321211538461538737e+01
1.325134615384615877e+01
1.332000000000000384e+01
1.337884615384616005e+01
1.342788461538461853e+01
1.348673076923077296e+01
1.349653846153846715e+01
1.354557692307692562e+01
1.354557692307692562e+01
1.357500000000000462e+01
1.363384615384615905e+01
1.368288461538461931e+01
1.372211538461539071e+01
1.378096153846154337e+01
1.386923076923076970e+01
1.390846153846154110e+01
1.396730769230769198e+01
1.401634615384615756e+01
1.407519230769231022e+01
1.413403846153846111e+01
1.418307692307692136e+01
1.424192307692307580e+01
1.427134615384615302e+01
1.434980769230769226e+01
1.438903846153846189e+01
1.443807692307692569e+01
1.446750000000000291e+01
1.451653846153846494e+01
1.457538461538461583e+01
1.463423076923076849e+01
1.466365384615384748e+01
1.471269230769230774e+01
1.477153846153846217e+01
1.480096153846153761e+01
1.485980769230769205e+01
1.492846153846153889e+01
1.498730769230768978e+01
1.503634615384615181e+01
1.509519230769230980e+01
1.514423076923076827e+01
1.522269230769230752e+01
1.529134615384615259e+01
1.535999999999999943e+01
1.539923076923076906e+01
1.544826923076923286e+01
1.550711538461538375e+01
1.556596153846153641e+01
1.561499999999999844e+01
1.567384615384614932e+01
1.574249999999999261e+01
1.578173076923076401e+01
1.586019230769230504e+01
1.590923076923076884e+01
1.591903846153845947e+01
1.595826923076923087e+01
1.602692307692307239e+01
1.609557692307691923e+01
1.614461538461538126e+01
1.620346153846153570e+01
1.623288461538461291e+01
1.627211538461538254e+01
1.630153846153845976e+01
1.633096153846153342e+01
1.637999999999999901e+01
1.642903846153845748e+01
1.647807692307691596e+01
1.650749999999999318e+01
1.657615384615384002e+01
1.661538461538460609e+01
1.666442307692306812e+01
1.671346153846152660e+01
1.677230769230768104e+01
1.680173076923075826e+01
1.681153846153844711e+01
1.687038461538460155e+01
1.690961538461537117e+01
1.696846153846152561e+01
1.703711538461537245e+01
1.706653846153844967e+01
1.713519230769229296e+01
1.716461538461537017e+01
1.723326923076921702e+01
1.725288461538460183e+01
1.728230769230768260e+01
1.734115384615383348e+01
1.737057692307691070e+01
1.741961538461537273e+01
1.745884615384613880e+01
1.751769230769229679e+01
1.755692307692306287e+01
1.760596153846152490e+01
1.764519230769229452e+01
1.767461538461537529e+01
1.771384615384613781e+01
1.774326923076921858e+01
1.780211538461536946e+01
1.786096153846152745e+01
1.790999999999998948e+01
1.796884615384614037e+01
1.802769230769229480e+01
1.805711538461537202e+01
1.808653846153844924e+01
1.811596153846152291e+01
1.820423076923075456e+01
1.823365384615382823e+01
1.833173076923075229e+01
1.837096153846152546e+01
1.839057692307690672e+01
1.841999999999998394e+01
1.843961538461536875e+01
1.847884615384614193e+01
1.851807692307690800e+01
1.854749999999998522e+01
1.856711538461537003e+01
1.859653846153844725e+01
1.865538461538459813e+01
1.869461538461537131e+01
1.876326923076921105e+01
1.881230769230767308e+01
1.884173076923075030e+01
1.887115384615383107e+01
1.891038461538459714e+01
1.894961538461537032e+01
1.899865384615383235e+01
1.904769230769228727e+01
1.912615384615382652e+01
1.916538461538459259e+01
1.920461538461536577e+01
1.926346153846152376e+01
1.935173076923075186e+01
1.939096153846152149e+01
1.943019230769228756e+01
1.949884615384613795e+01
1.955769230769229239e+01
1.959692307692306557e+01
1.965576923076922000e+01
1.972442307692306684e+01
1.978326923076922128e+01
1.985192307692306812e+01
1.990096153846153015e+01
1.994999999999999218e+01
2.001865384615383547e+01
2.005788461538460510e+01
2.011673076923075953e+01
2.013634615384614435e+01
2.016576923076921801e+01
2.019519230769229168e+01
2.024423076923075726e+01
2.027365384615383448e+01
2.038153846153844739e+01
2.045999999999998664e+01
2.047961538461537501e+01
2.054826923076921830e+01
2.059730769230768033e+01
2.062673076923076110e+01
2.064634615384614946e+01
2.071499999999999631e+01
2.076403846153845834e+01
2.081307692307692037e+01
2.087192307692307480e+01
2.095038461538461405e+01
2.100923076923076849e+01
2.105826923076923407e+01
2.109750000000000369e+01
2.115634615384615103e+01
2.120538461538462016e+01
2.122500000000000142e+01
2.129365384615384826e+01
2.133288461538461789e+01
2.137211538461538396e+01
2.143096153846153840e+01
2.148000000000000398e+01
2.151923076923077716e+01
2.156826923076923208e+01
2.159769230769230930e+01
2.164673076923077488e+01
2.168596153846154095e+01
2.169576923076923691e+01
2.174480769230769894e+01
2.179384615384615742e+01
2.188211538461538908e+01
2.194096153846154706e+01
2.199000000000000909e+01
2.200961538461539035e+01
2.204884615384615998e+01
2.209788461538462911e+01
2.213711538461539519e+01
2.215673076923078000e+01
2.216653846153847240e+01
2.222538461538462329e+01
2.227442307692308532e+01
2.230384615384616254e+01
2.237250000000000583e+01
2.243134615384615671e+01
2.245096153846153797e+01
2.245096153846153797e+01
2.247057692307692278e+01
2.250980769230769596e+01
2.257846153846154280e+01
2.263730769230769369e+01
2.264711538461538609e+01
2.264711538461538609e+01
2.268634615384615572e+01
2.271576923076923293e+01
2.277461538461538026e+01
2.279423076923076508e+01
2.284326923076922711e+01
2.292173076923076280e+01
2.300019230769229495e+01
2.306884615384614889e+01
2.311788461538461092e+01
2.318653846153845421e+01
2.322576923076922384e+01
2.325519230769230461e+01
2.332384615384615856e+01
2.337288461538461348e+01
2.341211538461538666e+01
2.347096153846153399e+01
2.350038461538461476e+01
2.353961538461538439e+01
2.357884615384615756e+01
2.363769230769230845e+01
2.367692307692308162e+01
2.372596153846154365e+01
2.379461538461538694e+01
2.384365384615384897e+01
2.389269230769231100e+01
2.391230769230769582e+01
2.395153846153845834e+01
2.397115384615384315e+01
2.398096153846153911e+01
2.402019230769230873e+01
2.408884615384615557e+01
2.411826923076923279e+01
2.415749999999999886e+01
2.420653846153846089e+01
2.426538461538461533e+01
2.433403846153846217e+01
2.441249999999999432e+01
2.445173076923076749e+01
2.453019230769230319e+01
2.453999999999999559e+01
2.459884615384614648e+01
2.461846153846153484e+01
2.467730769230768573e+01
2.470673076923076650e+01
2.474596153846154323e+01
2.484403846153846018e+01
2.488326923076923336e+01
2.493230769230769539e+01
2.495192307692308020e+01
2.500096153846153868e+01
2.506961538461538552e+01
2.510884615384615870e+01
2.515788461538461718e+01
2.518730769230769440e+01
2.523634615384615643e+01
2.529519230769231086e+01
2.534423076923077289e+01
2.537365384615384656e+01
2.538346153846154252e+01
2.542269230769230859e+01
2.545211538461538581e+01
2.553057692307692861e+01
2.556000000000000583e+01
2.556980769230769823e+01
2.561884615384616026e+01
2.564826923076924103e+01
2.570711538461539547e+01
2.576596153846154635e+01
2.579538461538462357e+01
2.583461538461538964e+01
2.585423076923077090e+01
2.590326923076922938e+01
2.594250000000000611e+01
2.596211538461539092e+01
2.599153846153846814e+01
2.604057692307692307e+01
2.610923076923076991e+01
2.614846153846153243e+01
2.620730769230768686e+01
2.626615384615383775e+01
2.629557692307691497e+01
2.630538461538460382e+01
2.635442307692306585e+01
2.641326923076921673e+01
2.645249999999998991e+01
2.648192307692307068e+01
2.652115384615383320e+01
2.657019230769229878e+01
2.662903846153845322e+01
2.672711538461537728e+01
2.677615384615383221e+01
2.683499999999998664e+01
2.688403846153844512e+01
2.697230769230768033e+01
2.701153846153845350e+01
2.708019230769229679e+01
2.711942307692306642e+01
2.715865384615383249e+01
2.717826923076921020e+01
2.723711538461536819e+01
2.726653846153844540e+01
2.728615384615383377e+01
2.731557692307691454e+01
2.736461538461538012e+01
2.741365384615383860e+01
2.743326923076922341e+01
2.746269230769229708e+01
2.750192307692306670e+01
2.757057692307691354e+01
2.762942307692306798e+01
2.772749999999999204e+01
2.778634615384614648e+01
2.783538461538460851e+01
2.787461538461538169e+01
2.793346153846153257e+01
2.798249999999999460e+01
2.807076923076922981e+01
2.810999999999999943e+01
2.813942307692307310e+01
2.820807692307692349e+01
2.827673076923076678e+01
2.830615384615384755e+01
2.836499999999999488e+01
2.840423076923077161e+01
2.844346153846153769e+01
2.844346153846153769e+01
2.849249999999999972e+01
2.853173076923076223e+01
2.862980769230768274e+01
2.864942307692306755e+01
2.871807692307691084e+01
2.872788461538460680e+01
2.878673076923075769e+01
2.884557692307691568e+01
2.889461538461537060e+01
2.891423076923075897e+01
2.894365384615383974e+01
2.898288461538460581e+01
2.903192307692306784e+01
2.906134615384614861e+01
2.906134615384614861e+01
2.912999999999999901e+01
2.912999999999999901e+01
2.919865384615384585e+01
2.921826923076922711e+01
2.925750000000000028e+01
2.928692307692307750e+01
2.930653846153846231e+01
2.939480769230770107e+01
2.945365384615385551e+01
2.952230769230770591e+01
2.958115384615385679e+01
2.964000000000000767e+01
2.967923076923077730e+01
2.972826923076924288e+01
2.975769230769232010e+01
2.981653846153846033e+01
2.989499999999999957e+01
2.993423076923077275e+01
2.997346153846153882e+01
3.001269230769230489e+01
3.005192307692307097e+01
3.010096153846153300e+01
3.014019230769230617e+01
3.016961538461537629e+01
3.019903846153846061e+01
3.023826923076923023e+01
3.026769230769231100e+01
3.035596153846153200e+01
3.042461538461538595e+01
3.046384615384615202e+01
3.051288461538461050e+01
3.055211538461537657e+01
3.061096153846153456e+01
3.063057692307691937e+01
3.068942307692307025e+01
3.072865384615383988e+01
3.078749999999999076e+01
3.085615384615383761e+01
3.087576923076921886e+01
3.096403846153846118e+01
3.100326923076922725e+01
3.105230769230768573e+01
3.110134615384615842e+01
3.115038461538461334e+01
3.117000000000000171e+01
3.125826923076922270e+01
3.129749999999999588e+01
3.135634615384614676e+01
3.139557692307691994e+01
3.145442307692306727e+01
3.149365384615384400e+01
3.156230769230768729e+01
3.161134615384614222e+01
3.168980769230768502e+01
3.172903846153845109e+01
3.178788461538460552e+01
3.184673076923076707e+01
3.187615384615384428e+01
3.195461538461537643e+01
3.199384615384613895e+01
3.207230769230767464e+01
3.214096153846152504e+01
3.222923076923075314e+01
3.229788461538461064e+01
3.235673076923076508e+01
3.241557692307691241e+01
3.245480769230767493e+01
3.249403846153844455e+01
3.257249999999998380e+01
3.261173076923076053e+01
3.263134615384614534e+01
3.268038461538460382e+01
3.274903846153845421e+01
3.282750000000000057e+01
3.286673076923077019e+01
3.293538461538460638e+01
3.297461538461538311e+01
3.305307692307691525e+01
3.306288461538461121e+01
3.310211538461537373e+01
3.314134615384615046e+01
3.318057692307692008e+01
3.321980769230768260e+01
3.327865384615383704e+01
3.335711538461537629e+01
3.338653846153844995e+01
3.340615384615384187e+01
3.343557692307690843e+01
3.351403846153845478e+01
3.356307692307691326e+01
3.365134615384614136e+01
3.367096153846152617e+01
3.375923076923075428e+01
3.379846153846152390e+01
3.387692307692306315e+01
3.390634615384613681e+01
3.395538461538459529e+01
3.404365384615382339e+01
3.412211538461535554e+01
3.420057692307690189e+01
3.426923076923073808e+01
3.432807692307689962e+01
3.437711538461536520e+01
3.444576923076920849e+01
3.449480769230767407e+01
3.457326923076921332e+01
3.463211538461536065e+01
3.471057692307690701e+01
3.473019230769229182e+01
3.476942307692306144e+01
3.480865384615383107e+01
3.489692307692305917e+01
3.493615384615383590e+01
3.496557692307691667e+01
3.501461538461537515e+01
3.506365384615384073e+01
3.513230769230768402e+01
3.518134615384613539e+01
3.521076923076921616e+01
3.524019230769228983e+01
3.533826923076922100e+01
3.541673076923076735e+01
3.546576923076922583e+01
3.553442307692306912e+01
3.563249999999999318e+01
3.571096153846153243e+01
3.573057692307691724e+01
3.576980769230769397e+01
3.578942307692307168e+01
3.583846153846153726e+01
3.590711538461537344e+01
3.597576923076922384e+01
3.599538461538460865e+01
3.605423076923075598e+01
3.611307692307691042e+01
3.617192307692307196e+01
3.626019230769230006e+01
3.631903846153846160e+01
3.641711538461537856e+01
3.647596153846154010e+01
3.655442307692308646e+01
3.660346153846154493e+01
3.663288461538462570e+01
3.667211538461538112e+01
3.669173076923077303e+01
3.675057692307694168e+01
3.683884615384616268e+01
3.684865384615385864e+01
3.687807692307693941e+01
3.692711538461539078e+01
3.698596153846154522e+01
3.702519230769231484e+01
3.705461538461538851e+01
3.709384615384615813e+01
3.714288461538462371e+01
3.719192307692308219e+01
3.723115384615384471e+01
3.728019230769231740e+01
3.734884615384616069e+01
3.740769230769230802e+01
3.741750000000000398e+01
3.749596153846155033e+01
3.755480769230769766e+01
3.762346153846154806e+01
3.766269230769231058e+01
3.773134615384615387e+01
3.779019230769230120e+01
3.784903846153845564e+01
3.787846153846152930e+01
3.791769230769229893e+01
3.799615384615383107e+01
3.804519230769230376e+01
3.808442307692307338e+01
3.816288461538461263e+01
3.824134615384615898e+01
3.827076923076923265e+01
3.828057692307692861e+01
3.834923076923077190e+01
3.839826923076923038e+01
3.847673076923076962e+01
3.854538461538461291e+01
3.858461538461538254e+01
3.862384615384615927e+01
3.870230769230769852e+01
3.880038461538462258e+01
3.885923076923077701e+01
3.889846153846155374e+01
3.892788461538463451e+01
3.901615384615386262e+01
3.902596153846155858e+01
3.907500000000001705e+01
3.913384615384617859e+01
3.919269230769232593e+01
3.922211538461540670e+01
3.924173076923079151e+01
3.929076923076924999e+01
3.933980769230770846e+01
3.936923076923078213e+01
3.940846153846154465e+01
3.945750000000001023e+01
3.951634615384616467e+01
3.957519230769232621e+01
3.959480769230770392e+01
3.964384615384616950e+01
3.972230769230770164e+01
3.974192307692308646e+01
3.977134615384616012e+01
3.987923076923078014e+01
3.999692307692308191e+01
4.001653846153847383e+01
4.008519230769232422e+01
4.014403846153847866e+01
4.019307692307694424e+01
4.024211538461540272e+01
4.029115384615386120e+01
4.038923076923077815e+01
4.043826923076925084e+01
4.048730769230770221e+01
4.051673076923078298e+01
4.059519230769230802e+01
4.064423076923077360e+01
4.067365384615384016e+01
4.069326923076923208e+01
4.075211538461537941e+01
4.081096153846154095e+01
4.087961538461538424e+01
4.095807692307692349e+01
4.100711538461538908e+01
4.104634615384615159e+01
4.110519230769230603e+01
4.116403846153846757e+01
4.122288461538460780e+01
4.128173076923076934e+01
4.130134615384615415e+01
4.135038461538461263e+01
4.139942307692305690e+01
4.143865384615382652e+01
4.148769230769228500e+01
4.155634615384613539e+01
4.158576923076920906e+01
4.159557692307689791e+01
4.165442307692305945e+01
4.167403846153845137e+01
4.173288461538459870e+01
4.177211538461536122e+01
4.181134615384613085e+01
4.182115384615382681e+01
4.188980769230767720e+01
4.191923076923075087e+01
4.197807692307690530e+01
4.202711538461537089e+01
4.205653846153845166e+01
4.210557692307691724e+01
4.216442307692307878e+01
4.222326923076924032e+01
4.227230769230769170e+01
4.234096153846153499e+01
4.238019230769230461e+01
4.241942307692307423e+01
4.249788461538460638e+01
4.254692307692306485e+01
4.257634615384614563e+01
4.259596153846153044e+01
4.261557692307691525e+01
4.267442307692307679e+01
4.272346153846154237e+01
4.277250000000000796e+01
4.281173076923077758e+01
4.285096153846155431e+01
4.290000000000001990e+01
4.292942307692309356e+01
4.297846153846155914e+01
4.300788461538463991e+01
4.307653846153848320e+01
4.311576923076925283e+01
4.314519230769233360e+01
4.319423076923079208e+01
4.327269230769232422e+01
4.331192307692309384e+01
4.337076923076924828e+01
4.340019230769232195e+01
4.343942307692308447e+01
4.351788461538463082e+01
4.354730769230770449e+01
4.359634615384617007e+01
4.367480769230772353e+01
4.370423076923079009e+01
4.373365384615386375e+01
4.378269230769232223e+01
4.386115384615386859e+01
4.389057692307694225e+01
4.392000000000001592e+01
4.399846153846155516e+01
4.401807692307693287e+01
4.405730769230770250e+01
4.418480769230770733e+01
4.422403846153847695e+01
4.429269230769232024e+01
4.434173076923077872e+01
4.438096153846154834e+01
4.443000000000002103e+01
4.446923076923079066e+01
4.451826923076924913e+01
4.460653846153846303e+01
4.471442307692308304e+01
4.473403846153847496e+01
4.475365384615385977e+01
4.479288461538462229e+01
4.481250000000000711e+01
4.494980769230770079e+01
4.498903846153848463e+01
4.506750000000000966e+01
4.513615384615386006e+01
4.518519230769232564e+01
4.524403846153848718e+01
4.529307692307695277e+01
4.533230769230772239e+01
4.539115384615387683e+01
4.545980769230771301e+01
4.551865384615386745e+01
4.556769230769233303e+01
4.564615384615386517e+01
4.570500000000001961e+01
4.575403846153847809e+01
4.581288461538462542e+01
4.589134615384615046e+01
4.597961538461539277e+01
4.603846153846154010e+01
4.607769230769230262e+01
4.610711538461538339e+01
4.617576923076921247e+01
4.621499999999998209e+01
4.631307692307691326e+01
4.638173076923076366e+01
4.640134615384614136e+01
4.646999999999999886e+01
4.652884615384616041e+01
4.657788461538462599e+01
4.662692307692309157e+01
4.667596153846156426e+01
4.672500000000002984e+01
4.680346153846156909e+01
4.688192307692310123e+01
4.690153846153849315e+01
4.695057692307695163e+01
4.698980769230772125e+01
4.702903846153849088e+01
4.707807692307694936e+01
4.712711538461540783e+01
4.717615384615387342e+01
4.719576923076925823e+01
4.720557692307695419e+01
4.724480769230772381e+01
4.724480769230772381e+01
4.732326923076926306e+01
4.742134615384618712e+01
4.745076923076926789e+01
4.747038461538465270e+01
4.755865384615387370e+01
4.763711538461540584e+01
4.767634615384618257e+01
4.774500000000001876e+01
4.777442307692310663e+01
4.783326923076925397e+01
4.791173076923080032e+01
4.795096153846156994e+01
4.800980769230771017e+01
4.806865384615387171e+01
4.810788461538465555e+01
4.816673076923079577e+01
4.819615384615388365e+01
4.823538461538464617e+01
4.828442307692311175e+01
4.831384615384617831e+01
4.834326923076926619e+01
4.842173076923080544e+01
4.849038461538465583e+01
4.854923076923081027e+01
4.857865384615387683e+01
4.867673076923080799e+01
4.875519230769234724e+01
4.878461538461543512e+01
4.885326923076928551e+01
4.889250000000003382e+01
4.894153846153849940e+01
4.896115384615388422e+01
4.901019230769234269e+01
4.911807692307694850e+01
4.914750000000003638e+01
4.918673076923082021e+01
4.924557692307696755e+01
4.927500000000003411e+01
4.930442307692312198e+01
4.933384615384620986e+01
4.941230769230774911e+01
4.945153846153851163e+01
4.949076923076929546e+01
4.949076923076929546e+01
4.953980769230773973e+01
4.959865384615389416e+01
4.967711538461543341e+01
4.971634615384619593e+01
4.980461538461540982e+01
4.987326923076924601e+01
4.990269230769231967e+01
4.993211538461540044e+01
4.998115384615386603e+01
5.003019230769232450e+01
5.007923076923079009e+01
5.013807692307693031e+01
5.020673076923078781e+01
5.027538461538463110e+01
5.030480769230770477e+01
5.034403846153846729e+01
