1.000000000000000000e+00
1.000423315602837038e+00
1.001016691952047122e+00
1.001697175498349912e+00
1.002288678766323882e+00
1.003406222382820401e+00
1.004095555618018443e+00
1.005562705423699521e+00
1.006910875484174905e+00
1.007589940768530479e+00
1.008455696800733437e+00
1.009274694703324649e+00
1.011106497198645648e+00
1.012397556794102593e+00
1.014103614876489923e+00
1.016233044747272718e+00
1.016675509369535213e+00
1.017648089605371897e+00
1.018682403135470205e+00
1.019428208706569139e+00
1.020440881261966526e+00
1.022328910842885685e+00
1.024377439630212772e+00
1.026350923475239041e+00
1.031003604963819598e+00
1.033280657903101307e+00
1.034282528662241907e+00
1.037130877758344116e+00
1.038777963436262830e+00
1.040316090910036628e+00
1.041326076785468402e+00
1.043827396591285428e+00
1.045442512161424808e+00
1.046952206331879687e+00
1.047944841968487806e+00
1.049710371494003480e+00
1.052092972345818556e+00
1.054063328356378948e+00
1.056237940312245716e+00
1.058205942330860960e+00
1.060502528881206219e+00
1.062920521133835949e+00
1.064442309354413529e+00
1.065636926458561673e+00
1.066145715705338448e+00
1.066145715705338448e+00
1.067051800509755788e+00
1.069876142248032291e+00
1.073366171636112254e+00
1.078008544057314610e+00
1.080717179541892614e+00
1.083339534345923116e+00
1.086837196618879675e+00
1.088314564676949203e+00
1.090858893206755997e+00
1.092905818005868834e+00
1.095288989879775299e+00
1.096876934662423864e+00
1.100041030641915718e+00
1.103787042808580976e+00
1.109626896348215430e+00
1.110397149469983136e+00
1.113783867643089343e+00
1.117044500955724828e+00
1.118955219461806871e+00
1.120477564876956489e+00
1.122412642591235077e+00
1.125839971878386248e+00
1.127724097512535550e+00
1.130673354644012862e+00
1.132752248301243547e+00
1.136379031359470382e+00
1.138431570797182379e+00
1.139451202187327317e+00
1.142671667582839667e+00
1.145429999648156949e+00
1.149406067372445772e+00
1.150470262454194925e+00
1.151960296130084993e+00
1.153023074550240334e+00
1.157309670071521968e+00
1.160221106956978998e+00
1.163104760608164145e+00
1.165921413281064023e+00
1.170941003463588537e+00
1.175703978910036085e+00
1.180333414407149117e+00
1.181891060893133227e+00
1.184846052898806956e+00
1.188743405383721141e+00
1.192915233250851470e+00
1.192915233250851470e+00
1.199247469330898763e+00
1.204664368006876707e+00
1.205812582388652743e+00
1.209159417016833382e+00
1.212026767645593806e+00
1.218401104653205280e+00
1.224785394695776075e+00
1.231460734259474998e+00
1.236846521859741754e+00
1.238474639961574919e+00
1.246078483983291019e+00
1.249696521027438889e+00
1.252854731954279766e+00
1.257137028120153266e+00
1.259105880307437086e+00
1.264319147143559974e+00
1.267245899400197606e+00
1.269276138752968075e+00
1.274529696748654795e+00
1.277038404954698336e+00
1.279718906288295877e+00
1.281968574447711617e+00
1.287950137007688900e+00
1.293562223041409665e+00
1.296536732055088459e+00
1.301980302136624523e+00
1.306854429516932647e+00
1.309014266993140163e+00
1.311561457761584393e+00
1.318841235666758482e+00
1.321570917708011494e+00
1.326241376913624315e+00
1.330284164361285937e+00
1.332995339268546520e+00
1.335220165213817145e+00
1.337873314765335886e+00
1.340834266064087288e+00
1.346577364073818561e+00
1.348589385266202534e+00
1.353147733929511043e+00
1.356232092635628605e+00
1.356859091071485945e+00
1.360647979777912742e+00
1.361930591167492821e+00
1.364216740393933369e+00
1.367201396863922946e+00
1.372306748002605215e+00
1.379250605546223696e+00
1.380382488605728764e+00
1.387504478701079513e+00
1.387504478701079513e+00
1.393894199746451346e+00
1.398382393800951862e+00
1.401349366711466704e+00
1.406282278921077822e+00
1.411008893062397407e+00
1.414547708611628485e+00
1.418749007891200398e+00
1.419252524061616505e+00
1.422947614278132544e+00
1.422947614278132544e+00
1.425309087165525401e+00
1.430031953308948722e+00
1.433884293315053959e+00
1.436438151542010822e+00
1.440246833563263440e+00
1.447539379881749300e+00
1.450415192721815405e+00
1.455972099291670041e+00
1.459963212852307679e+00
1.464219699853248180e+00
1.468922299796974418e+00
1.472863936609918545e+00
1.477400857121250022e+00
1.481112364465157594e+00
1.486949038676453450e+00
1.490097192326520936e+00
1.493497668432159697e+00
1.495251240288613781e+00
1.498841444766386477e+00
1.504427058750632762e+00
1.509446452261540728e+00
1.511647969969417415e+00
1.516332042698559812e+00
1.521029294992945147e+00
1.523119272514125822e+00
1.528245914729891686e+00
1.533766562841193393e+00
1.538194334242948047e+00
1.541994493034120062e+00
1.545659756439769605e+00
1.549110341199242624e+00
1.555261971618293160e+00
1.560394538923619567e+00
1.566092898240263764e+00
1.568779982151544683e+00
1.572115790625695508e+00
1.576575644395852516e+00
1.580259521544211676e+00
1.584241332190788221e+00
1.589082064076907219e+00
1.594988751688223294e+00
1.598561774170766725e+00
1.604979148246355791e+00
1.609546282871208378e+00
1.610336795464572868e+00
1.613008638153815788e+00
1.618606480141774329e+00
1.624181405697719294e+00
1.628785025310646395e+00
1.634075769779853804e+00
1.636551415092751149e+00
1.639954963512660457e+00
1.642256436715511914e+00
1.644425813676754666e+00
1.648687772458740319e+00
1.653057852070693556e+00
1.657149556513607624e+00
1.659035491851728272e+00
1.664991939972978230e+00
1.668183476437063772e+00
1.671735031251740722e+00
1.675859291101978732e+00
1.680398993961265131e+00
1.683186293914338050e+00
1.684042430117718148e+00
1.688371246550672611e+00
1.691537546889828159e+00
1.696481763705480983e+00
1.701258014127875473e+00
1.703195017963572866e+00
1.709076051259291296e+00
1.711660981964099326e+00
1.717277232021539257e+00
1.718595775676622583e+00
1.720970227292765387e+00
1.725677202891479300e+00
1.727803739126504645e+00
1.730870623231646421e+00
1.734197197188143136e+00
1.738571262503818771e+00
1.742225385875794119e+00
1.746182294099856147e+00
1.748981951960826731e+00
1.751195169389485606e+00
1.753964946785555368e+00
1.756333436146976901e+00
1.760602319621786149e+00
1.765885486648581137e+00
1.769211791845842763e+00
1.774152741540059086e+00
1.778702257218441440e+00
1.780837479107261423e+00
1.782777652762979725e+00
1.785810783278825697e+00
1.793448590165867218e+00
1.796009187121597295e+00
1.803832481988681513e+00
1.806832808197604612e+00
1.808024156148805961e+00
1.810855187566813518e+00
1.812403187803559135e+00
1.816495076025294697e+00
1.819687279653606105e+00
1.821646840988632610e+00
1.823222166982646719e+00
1.825120888232883765e+00
1.830640913875569042e+00
1.833616148196377305e+00
1.840007799944973543e+00
1.843240049996760721e+00
1.845634331044917253e+00
1.848143891895332125e+00
1.852570757275472380e+00
1.855655321585164996e+00
1.858983148985049016e+00
1.863515141755023974e+00
1.870375783380162860e+00
1.874182014729066426e+00
1.878639141202055773e+00
1.883635217345974722e+00
1.890211787510446939e+00
1.893698997037001952e+00
1.896409151586083697e+00
1.903314726063530138e+00
1.907972257071518296e+00
1.911444817340978375e+00
1.915917113867071642e+00
1.922000970923925189e+00
1.926617193954871743e+00
1.932832072749495200e+00
1.936060986032540177e+00
1.940326361828756951e+00
1.945310317630397856e+00
1.948642266939232259e+00
1.953920483801188102e+00
1.955684270534029823e+00
1.958546344688406382e+00
1.961681575556576185e+00
1.965524929789883579e+00
1.967381684972522971e+00
1.975874397017854500e+00
1.982631018421610047e+00
1.984187998777495077e+00
1.990205264520587214e+00
1.994423624724965594e+00
1.996856987119525417e+00
1.998249976278534623e+00
2.004448694520128971e+00
2.009302704533597161e+00
2.013132777838413823e+00
2.018275497100555427e+00
2.024420793587811573e+00
2.028726224133579947e+00
2.032049573913357499e+00
2.034428013406433422e+00
2.039046566181716091e+00
2.042947738642695743e+00
2.044520821141398770e+00
2.050795791571697002e+00
2.054533241716371084e+00
2.058057631009057697e+00
2.063303771474734205e+00
2.067215877424912751e+00
2.069786456407924469e+00
2.073329050276486285e+00
2.075836148888098975e+00
2.079914527006109459e+00
2.083293669597940934e+00
2.084308955304437827e+00
2.088217370522935212e+00
2.092768196565109928e+00
2.099300556913524574e+00
2.104261324050861859e+00
2.108317522168097646e+00
2.110920823641478261e+00
2.114014743937835838e+00
2.118341790254957502e+00
2.120787572306619406e+00
2.122259335600656271e+00
2.123038669299619929e+00
2.127864591117980098e+00
2.132211404554031464e+00
2.134485065153539640e+00
2.141114158145246638e+00
2.146677509223019253e+00
2.148556083857867449e+00
2.148556083857867449e+00
2.150241712179962406e+00
2.153241595916047579e+00
2.158425283462357402e+00
2.162519113116120550e+00
2.163326413214686550e+00
2.163326413214686550e+00
2.166564623835491421e+00
2.169533411180794236e+00
2.173886342896959256e+00
2.175754440099035403e+00
2.179657978076879665e+00
2.187671413201003556e+00
2.193854394997355683e+00
2.199259778739036886e+00
2.203552793138548349e+00
2.210072446184809802e+00
2.213313896142238502e+00
2.215899542553298573e+00
2.221482498031815744e+00
2.227173544413221240e+00
2.230526019906583723e+00
2.235387835461990935e+00
2.237954425601836217e+00
2.241580063302584858e+00
2.244789029327230345e+00
2.249432068290337927e+00
2.252833089287771706e+00
2.257354028603427043e+00
2.263466611574280307e+00
2.267907184878364291e+00
2.272196237150393650e+00
2.274133185783643984e+00
2.277497313179891236e+00
2.278906393312277956e+00
2.279957578332761692e+00
2.283540785684708307e+00
2.288083312056389040e+00
2.290620496709123710e+00
2.294083442182882404e+00
2.297711590324709174e+00
2.302008153201702711e+00
2.308622566705578194e+00
2.314910511236003554e+00
2.317925283274120840e+00
2.325007734765700995e+00
2.325663892305213754e+00
2.330725194851666959e+00
2.331814272356312667e+00
2.337270494219024553e+00
2.339659857785824748e+00
2.342512438872506486e+00
2.351788012042324461e+00
2.354851920428249645e+00
2.359381286707947112e+00
2.360659130691297847e+00
2.364352112645610404e+00
2.371270354218795173e+00
2.374362036624857453e+00
2.378577536782362500e+00
2.381178974197044163e+00
2.385575482271179215e+00
2.391093042158656257e+00
2.395621373723507919e+00
2.397439438295007275e+00
2.398058609970496136e+00
2.401641629666996902e+00
2.403788853881051235e+00
2.410603304767495292e+00
2.413559688006613246e+00
2.414672403362361219e+00
2.419093776214587876e+00
2.421743046402217825e+00
2.427313955031490611e+00
2.432477246807713378e+00
2.434858936985380140e+00
2.437882971007686805e+00
2.439921146104071070e+00
2.443964897599142372e+00
2.447289197458115240e+00
2.448969610267225594e+00
2.451385543942759426e+00
2.455586106806043389e+00
2.461255047976502297e+00
2.464619725387742211e+00
2.470637511822944443e+00
2.475320548963630518e+00
2.477738927178825268e+00
2.479390349180022657e+00
2.483794546555814886e+00
2.489224573238077998e+00
2.493986214912841337e+00
2.496495740655768181e+00
2.500015348377084390e+00
2.504360075888144799e+00
2.509029904779134235e+00
2.516664188561091642e+00
2.520710332330057035e+00
2.525065872424284930e+00
2.528571796819615525e+00
2.535805961681174558e+00
2.538878973630827929e+00
2.544754550486193700e+00
2.547593862417082189e+00
2.550462724171096873e+00
2.552255736676799280e+00
2.557135441228243877e+00
2.559792704843243172e+00
2.561602648076339861e+00
2.564074673831415740e+00
2.569168945172060958e+00
2.573763165553473176e+00
2.575136722393438049e+00
2.578315423741780688e+00
2.581224961723346034e+00
2.587586016950701673e+00
2.592768131764064066e+00
2.601774405180466321e+00
2.606608407454393372e+00
2.610837674541860665e+00
2.614523430035085472e+00
2.618778378387002448e+00
2.622598791987273525e+00
2.630310513583686838e+00
2.633533834224924153e+00
2.635818418362166682e+00
2.640993964036836061e+00
2.646500423327621476e+00
2.648780526331965923e+00
2.653644810649073982e+00
2.657083776173890133e+00
2.660099752143392671e+00
2.660099752143392671e+00
2.664513685755292904e+00
2.667615778064245990e+00
2.676885789263457216e+00
2.678691210018998348e+00
2.684493830306568629e+00
2.685252850430655869e+00
2.689384072547170490e+00
2.694807352290029101e+00
2.699841811992921503e+00
2.701268812564448396e+00
2.703777151616794328e+00
2.706883770981585169e+00
2.711222018851245252e+00
2.714042324021076702e+00
2.714042324021076702e+00
2.720070815151869770e+00
2.720070815151869770e+00
2.725966106432795133e+00
2.727629524829890073e+00
2.731075286558871440e+00
2.733769208408325380e+00
2.735369612441505005e+00
2.743441152755635937e+00
2.749494161321690999e+00
2.755520358543616766e+00
2.760843642172681189e+00
2.765220066147721756e+00
2.768584570099645426e+00
2.772885166154397396e+00
2.774978259194686547e+00
2.780790199984244371e+00
2.786708936949500170e+00
2.790016593896556873e+00
2.793374463584741729e+00
2.796830895913080539e+00
2.800165384505925115e+00
2.804346538302480596e+00
2.807268696079026071e+00
2.810271421557767990e+00
2.812366945098212945e+00
2.816060670050268389e+00
2.818758111723708826e+00
2.827086690259140944e+00
2.832447876191341862e+00
2.835875685504238408e+00
2.840090761597511282e+00
2.843488065424807587e+00
2.848456351717736812e+00
2.850070914089324781e+00
2.854739481613642216e+00
2.857972702766058859e+00
2.862745096350051366e+00
2.869624825865865425e+00
2.871515807020510458e+00
2.878568090312528582e+00
2.882783281144972509e+00
2.887503666235883060e+00
2.892090256551363314e+00
2.896129138818488435e+00
2.897980074010391593e+00
2.906305523753816455e+00
2.909415468541241889e+00
2.914895998460816706e+00
2.917944606019843956e+00
2.922737375957193962e+00
2.926442260449836130e+00
2.932394429764698884e+00
2.936789069985217715e+00
2.944342413689960303e+00
2.947454480985680192e+00
2.952598030192805201e+00
2.957961677066286210e+00
2.961023074716157666e+00
2.968401621770293985e+00
2.972255941581790406e+00
2.979099268929488620e+00
2.985935535599620216e+00
2.992951705676369034e+00
2.999166566558167268e+00
3.004428183305145161e+00
3.010082152708886127e+00
3.014221140141641442e+00
3.017672378773228470e+00
3.024560637539930319e+00
3.028496086859308711e+00
3.029940670188540963e+00
3.035073585743258473e+00
3.041336702198472963e+00
3.047875471626939614e+00
3.051072687075789602e+00
3.058193840488427018e+00
3.061427573055667484e+00
3.067766904801034755e+00
3.068497012364829857e+00
3.072135477707766071e+00
3.075055535418357078e+00
3.078239926700069518e+00
3.081794089859790198e+00
3.087117642418276020e+00
3.094062896138952024e+00
3.096679110193711448e+00
3.099032419236587899e+00
3.101604869513176155e+00
3.108665908935926758e+00
3.112918440214197613e+00
3.119827033860897991e+00
3.121482356372228040e+00
3.129161031367634127e+00
3.132214628348645391e+00
3.139537088988534119e+00
3.141891308837480690e+00
3.146140619308645192e+00
3.152472762662664074e+00
3.159098278749222111e+00
3.165470466216951273e+00
3.171865303024330451e+00
3.176317832248352069e+00
3.180855340514629592e+00
3.186764864409616038e+00
3.192211844007177834e+00
3.199688822088573303e+00
3.204764638400292132e+00
3.212557296840084842e+00
3.214841255149635035e+00
3.218281699034989618e+00
3.222215315285292814e+00
3.229103259577525531e+00
3.231979148161663762e+00
3.234413988327333289e+00
3.239300820026520977e+00
3.243546404263816907e+00
3.249754406872917389e+00
3.254262891490258713e+00
3.256218521875219984e+00
3.258987085766173575e+00
3.267954807412258411e+00
3.275009676550282745e+00
3.279724825274846101e+00
3.285094011565221184e+00
3.293532307959533334e+00
3.299351525819490760e+00
3.301097841807758559e+00
3.304405544516322735e+00
3.306391119375878596e+00
3.310513570447795484e+00
3.316507763194083580e+00
3.321906494662711040e+00
3.323186518998096695e+00
3.328036160035228619e+00
3.332810300900939549e+00
3.338031664888768457e+00
3.346356665744735892e+00
3.351192138155116851e+00
3.360976169405433200e+00
3.366992501514582070e+00
3.373692319892986013e+00
3.377831625323461040e+00
3.381003404254705025e+00
3.384871815280371621e+00
3.386737548304580958e+00
3.391456326692302348e+00
3.399860804041850759e+00
3.400885434729046253e+00
3.403771071766266587e+00
3.408676194998312425e+00
3.414514517975966168e+00
3.418297839687304496e+00
3.421244697032873372e+00
3.424456393550477706e+00
3.428652293908358129e+00
3.432205840829805066e+00
3.435250945151168356e+00
3.439236947623304452e+00
3.445272743871671040e+00
3.450753436525705542e+00
3.451711464855021116e+00
3.458292754309651773e+00
3.463327741738603027e+00
3.468517471199082269e+00
3.472132161455449673e+00
3.477326228448118783e+00
3.482447960561157352e+00
3.487041568094420008e+00
3.489561498041028553e+00
3.492297570174057508e+00
3.498934714961689174e+00
3.503195738117648173e+00
3.506548955502108100e+00
3.513541908051719176e+00
3.520651707914039807e+00
3.523202513238191891e+00
3.523999683641810154e+00
3.529389703519318022e+00
3.533485576326562683e+00
3.540020826528737619e+00
3.545821012984874177e+00
3.549315603113471607e+00
3.552315252967578552e+00
3.559428688645990047e+00
3.567892333220598289e+00
3.573202510501704232e+00
3.576432700396002140e+00
3.579500274181159902e+00
3.586238360041470674e+00
3.586976995410463331e+00
3.591881328988362654e+00
3.597021759291571197e+00
3.602382181703911002e+00
3.604367412019013894e+00
3.605868088283112893e+00
3.609430555998001111e+00
3.613930326301476370e+00
3.616499427584421777e+00
3.619610231686668289e+00
3.623528665294942996e+00
3.628780158203219752e+00
3.633402141566018706e+00
3.635113122485859716e+00
3.639083581530103029e+00
3.645828988132461035e+00
3.647899140225804526e+00
3.650777981080230106e+00
3.660546551755333056e+00
3.671731886484938201e+00
3.673351558373497472e+00
3.679331634310224253e+00
3.684884957028294661e+00
3.688699474740318340e+00
3.693639766376870082e+00
3.697952299352821104e+00
3.706263132329417953e+00
3.710358615333060328e+00
3.714985589655258824e+00
3.718198078245300131e+00
3.724597060539056148e+00
3.729548852666360048e+00
3.732265031660948029e+00
3.734382673001728659e+00
3.739930074404617777e+00
3.745082895764495934e+00
3.750959887346847488e+00
3.758493295652227673e+00
3.762955696653996984e+00
3.766396078127590918e+00
3.771641180298771712e+00
3.776456023053938793e+00
3.781765182290851790e+00
3.787244593182892416e+00
3.789219408603350825e+00
3.793270274767807759e+00
3.797546039011686414e+00
3.800572516821394409e+00
3.804838212184727730e+00
3.810719798353645604e+00
3.813843297083034045e+00
3.814479619027276058e+00
3.820056039982976159e+00
3.821378585354530788e+00
3.826386996654437045e+00
3.830131965359222068e+00
3.833792425678895111e+00
3.834417894263514981e+00
3.840247253027476493e+00
3.842744832402398725e+00
3.847557872813192503e+00
3.852276909138614869e+00
3.854858488208900980e+00
3.859213144012279439e+00
3.864203166451944060e+00
3.869041629607012922e+00
3.873153308858395150e+00
3.879471888229872434e+00
3.882693055869026022e+00
3.886147128480025525e+00
3.893901252638409360e+00
3.898392551756987068e+00
3.900843911592741797e+00
3.902401875840689094e+00
3.904067018699694636e+00
3.908953888356137440e+00
3.912479549282358082e+00
3.916815635468612555e+00
3.919765825874794718e+00
3.923362515852601984e+00
3.928384020440390145e+00
3.930668522390258879e+00
3.934414472344590852e+00
3.936528600816926460e+00
3.943814577328587312e+00
3.947365396984513275e+00
3.949965219099636382e+00
3.954387712794688259e+00
3.961500468343579051e+00
3.964483484379095479e+00
3.970183482877446934e+00
3.972145274082289568e+00
3.975679915492502214e+00
3.982096978872858184e+00
3.985423567054536598e+00
3.989286280783955974e+00
3.995518788506564167e+00
3.997841206965352612e+00
4.000053245339686647e+00
4.004438289300592757e+00
4.010915579306079337e+00
4.013893336777988097e+00
4.016758390038884130e+00
4.023693398244868824e+00
4.025598400613425554e+00
4.028139007210363332e+00
4.039244624169727516e+00
4.042281126258140844e+00
4.048620498079645635e+00
4.052894319667545098e+00
4.056674474546842823e+00
4.061189784381475931e+00
4.064936594090786670e+00
4.069423376061228836e+00
4.077466307376697685e+00
4.086628279764979332e+00
4.088130824787596040e+00
4.089710033485905782e+00
4.093128241170563619e+00
4.094952004171366511e+00
4.107097547931355841e+00
4.110495827049990503e+00
4.118013814398203465e+00
4.123767063206976502e+00
4.127296979238884944e+00
4.132253546625801022e+00
4.136520646167971549e+00
4.139265868312998364e+00
4.143949809743386226e+00
4.149914423613009440e+00
4.155062757350415303e+00
4.159015024579885811e+00
4.165303117339682615e+00
4.170968341260512524e+00
4.175237168311083380e+00
4.180883399233501052e+00
4.187988868274103993e+00
4.194995856735823203e+00
4.200760320532944014e+00
4.203983815395329060e+00
4.206546150824414632e+00
4.212531140552019160e+00
4.215733594477997670e+00
4.223288531260806167e+00
4.229746313164242544e+00
4.231790313456327723e+00
4.238088881757527737e+00
4.243374905828290800e+00
4.247622261006348765e+00
4.251513607390262628e+00
4.255593691417438151e+00
4.259911457327451245e+00
4.266068677390787656e+00
4.272209600922106887e+00
4.274532944974862581e+00
4.278972687451033430e+00
4.282675419842138176e+00
4.286126478815736718e+00
4.290093502660388580e+00
4.294059345892472734e+00
4.298575361251415927e+00
4.300117805533406390e+00
4.300739390148704544e+00
4.303840495641083841e+00
4.303840495641083841e+00
4.310040316575398656e+00
4.319075681170870595e+00
4.322000089517243460e+00
4.324027778676406975e+00
4.331705631527931644e+00
4.337603510198832168e+00
4.341324645531508430e+00
4.347006301137225748e+00
4.350047959145046050e+00
4.355520179939767367e+00
4.362434954386896102e+00
4.365482673250230761e+00
4.371168433194682734e+00
4.377686660919826167e+00
4.381174005954994399e+00
4.386100016649149502e+00
4.389149997994100438e+00
4.393368496865510231e+00
4.396931258775556017e+00
4.399563373285418244e+00
4.401498487790720837e+00
4.408140550906576749e+00
4.413573997465181975e+00
4.419049774919491469e+00
4.421637282402667068e+00
4.430561910101857848e+00
4.437596799478571441e+00
4.439638763895462858e+00
4.445364228982759514e+00
4.449106853101872261e+00
4.453229521283400771e+00
4.455336429570240675e+00
4.459496864445939401e+00
4.468079563230660689e+00
4.470382226745194920e+00
4.473847043040326987e+00
4.479179013908091811e+00
4.481457080388801195e+00
4.483959414643293506e+00
4.486269423374492860e+00
4.492967644273083039e+00
4.497343298762377373e+00
4.500748325012840390e+00
4.500748325012840390e+00
4.505143011520348573e+00
4.509880524518618650e+00
4.516842368024126309e+00
4.520165947188740319e+00
4.528323633452137287e+00
4.534158440122446621e+00
4.537133115575580078e+00
4.539908981631011642e+00
4.544125714590812493e+00
4.548564143925291070e+00
4.552139487183144873e+00
4.558238758571482308e+00
4.564052268233922405e+00
4.570186250368394987e+00
4.572807776872287455e+00
4.575953127239114515e+00
