1.000000000000000000e+00
1.939999999999999947e+00
2.899999999999999911e+00
3.850000000000000089e+00
4.790000000000000036e+00
5.719999999999999751e+00
6.669999999999999929e+00
7.629999999999999893e+00
8.589999999999999858e+00
9.570000000000000284e+00
1.049000000000000021e+01
1.143999999999999950e+01
1.241000000000000014e+01
1.334999999999999964e+01
1.430000000000000071e+01
1.525000000000000000e+01
1.617000000000000171e+01
1.714000000000000057e+01
1.807999999999999829e+01
1.903999999999999915e+01
2.001000000000000156e+01
2.098000000000000043e+01
2.194999999999999929e+01
2.287999999999999901e+01
2.385000000000000142e+01
2.480999999999999872e+01
2.575000000000000000e+01
2.669000000000000128e+01
2.760999999999999943e+01
2.853000000000000114e+01
2.948000000000000043e+01
3.044000000000000128e+01
3.137999999999999901e+01
3.235000000000000142e+01
3.327000000000000313e+01
3.422999999999999687e+01
3.515999999999999659e+01
3.606000000000000227e+01
3.702000000000000313e+01
3.796999999999999886e+01
3.892999999999999972e+01
3.990999999999999659e+01
4.085999999999999943e+01
4.182999999999999829e+01
4.278000000000000114e+01
4.375999999999999801e+01
4.472999999999999687e+01
4.564000000000000057e+01
4.654999999999999716e+01
4.745000000000000284e+01
4.839000000000000057e+01
4.934000000000000341e+01
5.029999999999999716e+01
5.127000000000000313e+01
5.218999999999999773e+01
5.309000000000000341e+01
5.400999999999999801e+01
5.496999999999999886e+01
5.589999999999999858e+01
5.686999999999999744e+01
5.784000000000000341e+01
5.875999999999999801e+01
5.974000000000000199e+01
6.067000000000000171e+01
6.161999999999999744e+01
6.254999999999999716e+01
6.349000000000000199e+01
6.440999999999999659e+01
6.532999999999999829e+01
6.631999999999999318e+01
6.725000000000000000e+01
6.821999999999999886e+01
6.915999999999999659e+01
7.012000000000000455e+01
7.106999999999999318e+01
7.203000000000000114e+01
7.300000000000000000e+01
7.398000000000000398e+01
7.493999999999999773e+01
7.587999999999999545e+01
7.681000000000000227e+01
7.779000000000000625e+01
7.876000000000000512e+01
7.970000000000000284e+01
8.057999999999999829e+01
8.150000000000000000e+01
8.246999999999999886e+01
8.343000000000000682e+01
8.434000000000000341e+01
8.529999999999999716e+01
8.628000000000000114e+01
8.720000000000000284e+01
8.817000000000000171e+01
8.912000000000000455e+01
9.006999999999999318e+01
9.104999999999999716e+01
9.200000000000000000e+01
9.295999999999999375e+01
9.393000000000000682e+01
9.485999999999999943e+01
9.581999999999999318e+01
9.662862615162616464e+01
9.743178999846688271e+01
9.823664229367517464e+01
9.905053369725570178e+01
9.983969071448906618e+01
1.006554945093072035e+02
1.014379243579212755e+02
1.022300731372971825e+02
1.030587078102497571e+02
1.038782645131889097e+02
1.046976985135744371e+02
1.054945063351609349e+02
1.063091035264679931e+02
1.071163724719122712e+02
1.079174300486471338e+02
1.087598570032503034e+02
1.095956362293480169e+02
1.104214046980122959e+02
1.112560829228989263e+02
1.120922693134747163e+02
1.129127190035364521e+02
1.137139073607202562e+02
1.145359909336831095e+02
1.152992304924430016e+02
1.161146654897387265e+02
1.169557095390698294e+02
1.177640343299395909e+02
1.185884281821066395e+02
1.194229556057926374e+02
1.202659271464155921e+02
1.210840245557366330e+02
1.219200647594656459e+02
1.227557990659808240e+02
1.236103480150812572e+02
1.244476085613243299e+02
1.252771425675611283e+02
1.261157735505245370e+02
1.269451081987932639e+02
1.277845411451013575e+02
1.286153644396620166e+02
1.294468416668944997e+02
1.302860378966624353e+02
1.311346143514664959e+02
1.320016148532093325e+02
1.328773711540346767e+02
1.337354501170409264e+02
1.345688585127841748e+02
1.353840027375238435e+02
1.361923930603370252e+02
1.370369793143488266e+02
1.378616566051198902e+02
1.386787505846066324e+02
1.395315854940614031e+02
1.403669782538079005e+02
1.412212257161974094e+02
1.420666496156727874e+02
1.429207650459193246e+02
1.437582832550836542e+02
1.445769801796894853e+02
1.453707546033153335e+02
1.462344480001586930e+02
1.470741472245261434e+02
1.479039012999456588e+02
1.487608592245449586e+02
1.496170907551531570e+02
1.504644066942726965e+02
1.512849932723673305e+02
1.521426759335681993e+02
1.529828614534429789e+02
1.538414526565809979e+02
1.546631369931474467e+02
1.555120667785261617e+02
1.563791918065036839e+02
1.572307603661412259e+02
1.580718040090920056e+02
1.588951394076708254e+02
1.597633131512781404e+02
1.606223620293089880e+02
1.614907111335822947e+02
1.623249722916131361e+02
1.631670219235412560e+02
1.640092475990620073e+02
1.648514921877634265e+02
1.656776355678858863e+02
1.665040334554742856e+02
1.673200093202063385e+02
1.681811439962966404e+02
1.690247634390532028e+02
1.698503367249407461e+02
1.706767356820638497e+02
1.715659888884775910e+02
1.723858957796332163e+02
1.732147260311645027e+02
1.740866926670136365e+02
1.749325133615509174e+02
1.757876974147126816e+02
1.766088833468242854e+02
1.774201705893906933e+02
1.782223561719744112e+02
1.790427538233247446e+02
1.799073670519369159e+02
1.807019201536412254e+02
1.815601249867058584e+02
1.824078301555956330e+02
1.832477435635024676e+02
1.841140621555703092e+02
1.849455297409880643e+02
1.858036729014636990e+02
1.866703595497514527e+02
1.875020303584168744e+02
1.883598139950553616e+02
1.892178670627582733e+02
1.900755396021003207e+02
1.909086364767915427e+02
1.917215470061659346e+02
1.925807193566391788e+02
1.934037987941414087e+02
1.942362879626251129e+02
1.951048193946714662e+02
1.959739289735902048e+02
1.967701665595044460e+02
1.976399816098522138e+02
1.984828096364395549e+02
1.993346276295656878e+02
2.001947371201326575e+02
2.010643767341948092e+02
2.019245386294408604e+02
2.027854048508061169e+02
2.036003414716880116e+02
2.044700015678532168e+02
2.053134516571024619e+02
2.061747891137119950e+02
2.070627869335304467e+02
2.079053149113587153e+02
2.087842934047283450e+02
2.096548629691181986e+02
2.105164225852610969e+02
2.113509333488682671e+02
2.121582468074720964e+02
2.130375579055574349e+02
2.138452315617543036e+02
2.147431894221672621e+02
2.155701290126652339e+02
2.164145232760017450e+02
2.172769012421748869e+02
2.181121951303292974e+02
2.189572808803708597e+02
2.198109598744150333e+02
2.206555007403466391e+02
2.215450776059615237e+02
2.223989609063225998e+02
2.232979383384976302e+02
2.241700881574573998e+02
2.250153032652564207e+02
2.258696642955187315e+02
2.267323147430556958e+02
2.275768500427781760e+02
2.283960181132063383e+02
2.292593737195740573e+02
2.301063318985502804e+02
2.309615290316046980e+02
2.318070152424928096e+02
2.326532631637707027e+02
2.335084754712331687e+02
2.343546777477359626e+02
2.352295284444736581e+02
2.360576586538205106e+02
2.369223998395017645e+02
2.377773307200473312e+02
2.386502536365605636e+02
2.395054971355902182e+02
2.403535323151129433e+02
2.412007531169650179e+02
2.420745547135774132e+02
2.429314510169394907e+02
2.437785066620811278e+02
2.446522921232478893e+02
2.455000998189801749e+02
2.463385270702372907e+02
2.471856435170261364e+02
2.480419544671227357e+02
2.488881462275669776e+02
2.497441723432718561e+02
2.505735798888177328e+02
2.514117562059943225e+02
2.522508620148001910e+02
2.531160916340715517e+02
2.539722892790167634e+02
2.548200463416904995e+02
2.556667601966875054e+02
2.565239645246211353e+02
2.573723837942786759e+02
2.582122131961904756e+02
2.590790371585293315e+02
2.599093990201125166e+02
2.607676462570368017e+02
2.616612473599176383e+02
2.625272248463312508e+02
2.633667489834093089e+02
2.642064802615799408e+02
2.650649469452540643e+02
2.659142813851472624e+02
2.667902289878985584e+02
2.676573731673104817e+02
2.685332019746312540e+02
2.694089691720091082e+02
2.702671819236529132e+02
2.711257989561942168e+02
2.719840653790081433e+02
2.728596789833385969e+02
2.737003605736588270e+02
2.745676745569888908e+02
2.754255661086288569e+02
2.762841561838512803e+02
2.771332116784292907e+02
2.780101268753585941e+02
2.789047985351051580e+02
2.797537791771032403e+02
2.806213654458862834e+02
2.814712178462789325e+02
2.823108882233234453e+02
2.831871483315364344e+02
2.840281854200799785e+02
2.849052722040445360e+02
2.857460879049908726e+02
2.866318004122285288e+02
2.875087635897281189e+02
2.883584905138561680e+02
2.892352456627474453e+02
2.900931487662269319e+02
2.909612832621078837e+02
2.918108511401628675e+02
2.926794401143671962e+02
2.935384768491371119e+02
2.944061921743731887e+02
2.952832209897093207e+02
2.961509499505019107e+02
2.970282474717802188e+02
2.978777692062488995e+02
2.987285517268870763e+02
2.995870932869554508e+02
3.004375061705110852e+02
3.012875913312138323e+02
3.021648082386370788e+02
3.030418106279299764e+02
3.039200716705781247e+02
3.047438804749774022e+02
3.056216870322471664e+02
3.064358877835357475e+02
3.073043665989363262e+02
3.081907358189332626e+02
3.090689692765364498e+02
3.099557700676934360e+02
3.108254953358344324e+02
3.116942855427084851e+02
3.125716546399219169e+02
3.134585763918847192e+02
3.143359166225197896e+02
3.151874797597032511e+02
3.160561476458956349e+02
3.168986889971094456e+02
3.177577207432852333e+02
3.186358165244377574e+02
3.195139710478503048e+02
3.203843372618555350e+02
3.212532311567940155e+02
3.221125044678995550e+02
3.229731032205072552e+02
3.238064551527748449e+02
3.246764495552317840e+02
3.255469979109336691e+02
3.263983107050282797e+02
3.272215432912715869e+02
3.280912159058311772e+02
3.289600437120128618e+02
3.298036441233776941e+02
3.306547593437127261e+02
3.315246298021785947e+02
3.323755808174214508e+02
3.332184069188879221e+02
3.340695777738758352e+02
3.349125691645672305e+02
3.357722619449698414e+02
3.366330663459115726e+02
3.374748203015323611e+02
3.383446465923361188e+02
3.391966272387097092e+02
3.400847538239290770e+02
3.409640622943350650e+02
3.418436882503847869e+02
3.427042045670870039e+02
3.435825082075400587e+02
3.443883785903319676e+02
3.452223002438597632e+02
3.461103354689215621e+02
3.469534881098296069e+02
3.478146260314095457e+02
3.486937610105661065e+02
3.495817257960009101e+02
3.504250880079839590e+02
3.512869709211689724e+02
3.521477673552188321e+02
3.530001044018753760e+02
3.538336241620423834e+02
3.546851122177106959e+02
3.555454715039138591e+02
3.564147708500975114e+02
3.572666692500046111e+02
3.581277440193943562e+02
3.590161797503753291e+02
3.598598293220456412e+02
3.607306679075812212e+02
3.616013324733032732e+02
3.624539323697196096e+02
3.633151251942391582e+02
3.641848055333114189e+02
3.650456786761523631e+02
3.659253068320155080e+02
3.667867457090068797e+02
3.676573805020406098e+02
3.685554001006133262e+02
3.694166532929089612e+02
3.702786732942778372e+02
3.711029184975411681e+02
3.719553826268204375e+02
3.728169239118833502e+02
3.737068165073935688e+02
3.745772861634743549e+02
3.754391464584109599e+02
3.763089272001559493e+02
3.771976739017561613e+02
3.780956129549101092e+02
3.789480426166006737e+02
3.798099731451857792e+02
3.806895973045849928e+02
3.815340823206742584e+02
3.823873982424454425e+02
3.832766930496935629e+02
3.841838937397922109e+02
3.850729596037475062e+02
3.859435025036864886e+02
3.867865250099565060e+02
3.876382847637770510e+02
3.885364363045484311e+02
3.894436996091782817e+02
3.903145659087958279e+02
3.911951208846056147e+02
3.920472904138288186e+02
3.929366702507069817e+02
3.937983496122286056e+02
3.946345007577317574e+02
3.954687240762164038e+02
3.963121426927029347e+02
3.971743296117480213e+02
3.980189948678572591e+02
3.988900572633616548e+02
3.997704038109272346e+02
4.006140482894576280e+02
4.014778144260716886e+02
4.023490393182136700e+02
4.032019770604737801e+02
4.040824424600778002e+02
4.049540210054908016e+02
4.058251926534823042e+02
4.066779342447599674e+02
4.075493314341292148e+02
4.084119334550770759e+02
4.092562741616787889e+02
4.101188210443530124e+02
4.109812502784907906e+02
4.118711090893459641e+02
4.127425438762529666e+02
4.136318342189424015e+02
4.145307282168866436e+02
4.154024049601655406e+02
4.162451910672027111e+02
4.171257483816917215e+02
4.179973494435990915e+02
4.188591397527214326e+02
4.197117063505730812e+02
4.205567474306121767e+02
4.213915000235963930e+02
4.222626571029423985e+02
4.230982211700084008e+02
4.239968738832885720e+02
4.248503416878775738e+02
4.257394824100286428e+02
4.265933736927622704e+02
4.274739239965426805e+02
4.283450208303768250e+02
4.291630502031352989e+02
4.300344148987655331e+02
4.308973576129774301e+02
4.317868087220963389e+02
4.326488892728555129e+02
4.334944269312833285e+02
4.343658456468459690e+02
4.352285975430539224e+02
4.361095468184092852e+02
4.369724525263318924e+02
4.378265733748536945e+02
4.386896044622816930e+02
4.395697591440082874e+02
4.404686170508707619e+02
4.413406819793465274e+02
4.422212206737956421e+02
4.430568010887729429e+02
4.439381778789343684e+02
4.448376123340655681e+02
4.457006468690012753e+02
4.465817830963442248e+02
4.474361066328744982e+02
4.482899594151977567e+02
4.491708782341125357e+02
4.500424602480579210e+02
4.509329843726133049e+02
4.517956865161979749e+02
4.526676228782130806e+02
4.535577723708644839e+02
4.544387559697978531e+02
4.553016446340007519e+02
4.561461488337483274e+02
4.570181776921890560e+02
4.578729999268118149e+02
4.587264915987450422e+02
4.596075202352164411e+02
4.605076885479002726e+02
4.613708807756755164e+02
4.622251628033521342e+02
4.630987054695963820e+02
4.639798931987836568e+02
4.648521624168764674e+02
4.657152905234533478e+02
4.665688509171102965e+02
4.673856008676019087e+02
4.682484863572213385e+02
4.691017520634104017e+02
4.699640766287136557e+02
4.707904403364557311e+02
4.716623365114602962e+02
4.725072416479527533e+02
4.733789188884298937e+02
4.742506278345150577e+02
4.751411730471960482e+02
4.759950274639930399e+02
4.768764987202426937e+02
4.777670828349282033e+02
4.786483934735795742e+02
4.795124648502735454e+02
4.803760235431029741e+02
4.812661916492736509e+02
4.821482518644476158e+02
4.830200563590244656e+02
4.838655598470685959e+02
4.847198693505779943e+02
4.855382100819751940e+02
4.863921609338808594e+02
4.872554295781714018e+02
4.881281297901340963e+02
4.889814952563076531e+02
4.898444175963468297e+02
4.906714475407035252e+02
4.915437144499649094e+02
4.924249962949434689e+02
4.932693649931403570e+02
4.941141413552496715e+02
4.949954504342915129e+02
4.958495371203281934e+02
4.967220838698474950e+02
4.975942045613167011e+02
4.985030992858709737e+02
4.993666777535806887e+02
5.002389077757945302e+02
5.010576503585964474e+02
5.019485058793377448e+02
5.027936462238513400e+02
5.036934046010483712e+02
5.045467598720023830e+02
5.054014687467237081e+02
5.062657744908829613e+02
5.071562826140902871e+02
5.080379548192068455e+02
5.089102656140842669e+02
5.097738764834837752e+02
5.106558804112990515e+02
5.115648934110187156e+02
5.124102867239780608e+02
5.133193105877159041e+02
5.141646144310002455e+02
5.150554124412035435e+02
5.159280953606076991e+02
5.168100151277807299e+02
5.177007705402460260e+02
5.185284079770904100e+02
5.193838838868292669e+02
5.202294042296816770e+02
5.210841866416943731e+02
5.219379697890077523e+02
5.228106517642587505e+02
5.236743281621077131e+02
5.245556967558698034e+02
5.254109930004148055e+02
5.262464097467560578e+02
5.271190650023939952e+02
5.279918056932483523e+02
5.288646326174325623e+02
5.297373659878826402e+02
5.306009968878947802e+02
5.314732907109963662e+02
5.323556622422380542e+02
5.332370874459388688e+02
5.341102057931813079e+02
5.349922762083479029e+02
5.358202678480142822e+02
5.366651711475567481e+02
5.375380396873338213e+02
5.384017422778837272e+02
5.392746037667938026e+02
5.401291050171953430e+02
5.410200725283756356e+02
5.418743125881539981e+02
5.427470360224183423e+02
5.436014180419274453e+02
5.444479518760236942e+02
5.453392699963254699e+02
5.461660517776530241e+02
5.470397907206391892e+02
5.479040805038715689e+02
5.487682560157852549e+02
5.496318629704172736e+02
5.505231765410396747e+02
5.513512910788689396e+02
5.522239569773823860e+02
5.530791427163226217e+02
5.539517471613576163e+02
5.548062124799803314e+02
5.556795112877790643e+02
5.565252131263769115e+02
5.573892881447766285e+02
5.582266516734165407e+02
5.590993756900217022e+02
5.599542598600220344e+02
5.608093572418367785e+02
5.616920275559854190e+02
5.625292554918345331e+02
5.634027807749661179e+02
5.642394686409761562e+02
5.650861418619575716e+02
5.659130291291248795e+02
5.667590631544378539e+02
5.676141273539049052e+02
5.684696110519013246e+02
5.693434732884589948e+02
5.702166477611079927e+02
5.710534320325840554e+02
5.719271200000965791e+02
5.728182075196076539e+02
5.736831455020113708e+02
5.745292999307066566e+02
5.753657949451484228e+02
5.762387576646275420e+02
5.770857879701936781e+02
5.779587942611343578e+02
5.787950641551243507e+02
5.796954696345624143e+02
5.805689036697461916e+02
5.814416367134099346e+02
5.823146438831636260e+02
5.831880196454020506e+02
5.840432383865538668e+02
5.848801614871700849e+02
5.857625533553513151e+02
5.866546717892173319e+02
5.875370511198086660e+02
5.883741051333977339e+02
5.892382490924854892e+02
5.900652083666387853e+02
5.909566688333804905e+02
5.917844310277937439e+02
5.926573635760358911e+02
5.934947241201153929e+02
5.943769367009685993e+02
5.952411308606742750e+02
5.960675398433248802e+02
5.969042208257174025e+02
5.977406717004093935e+02
5.985871545053997806e+02
5.994416278337914719e+02
6.003061485417144922e+02
6.011521117542746424e+02
6.020175630443407044e+02
6.028551855228785143e+02
6.037103295654712838e+02
6.045482705608695824e+02
6.054404655836762004e+02
6.063138767360926522e+02
6.071877944310489283e+02
6.080148681399551833e+02
6.088877364119274489e+02
6.097701367974528921e+02
6.106350690298104382e+02
6.114993684218732142e+02
6.123457179323321498e+02
6.132103295638642066e+02
6.140922677560918146e+02
6.149750285944285224e+02
6.157942659522846043e+02
6.166315487688614212e+02
6.174963852257212693e+02
6.183419069360832054e+02
6.191606343901471519e+02
6.199966390142660657e+02
6.208883981865470787e+02
6.217618026872812607e+02
6.226538056400909227e+02
6.235180437559389475e+02
6.243642559573427206e+02
6.252098486701398770e+02
6.261011536232782646e+02
6.269561683040726621e+02
6.278111140466063489e+02
6.286665311525470088e+02
6.294951856177391392e+02
6.303502310961237072e+02
6.311703997168601745e+02
6.320266393841549188e+02
6.328636289806328250e+02
6.337279457783059797e+02
6.346112436155294745e+02
6.354853000136446326e+02
6.363772674508855971e+02
6.372322293020142752e+02
6.380609910877345783e+02
6.389621149996887652e+02
6.398451727550810801e+02
6.407103187263456903e+02
6.415664479111127321e+02
6.424404502154839065e+02
6.433235724325005549e+02
6.441969921989643808e+02
6.450614334771867107e+02
6.459252205681217447e+02
6.467984683158437065e+02
6.476627097062897747e+02
6.485090588735598658e+02
6.493648615541123945e+02
6.502659671715874765e+02
6.511029003401189357e+02
6.519582517694718717e+02
6.528037773091029976e+02
6.536776381352643739e+02
6.545231684949864075e+02
6.553786207457342243e+02
6.562335531987764625e+02
6.571163006755415381e+02
6.579892952585233843e+02
6.588263517540071916e+02
6.596909231824797644e+02
6.605645646915306770e+02
6.614019958923267950e+02
6.622395308564948664e+02
6.631223431076197130e+02
6.640233488881157200e+02
6.648691120452796213e+02
6.657335473482340831e+02
6.665705168714114279e+02
6.674167223463248320e+02
6.682905306337661386e+02
6.691638532875364263e+02
6.700014118337791160e+02
6.708203885660252581e+02
6.716761078986547773e+02
6.725496739975041010e+02
6.734330537355551769e+02
6.742602691760682774e+02
6.751612665185213018e+02
6.760265802645365056e+02
6.768821339842843372e+02
6.777379183751993423e+02
6.786202427075252217e+02
6.795120491949194275e+02
6.803759924230967044e+02
6.812409209326235668e+02
6.821238377094728094e+02
6.829973229648198867e+02
6.838616428803012468e+02
6.847173546243434430e+02
6.855724085937197287e+02
6.864644537475793413e+02
6.873288463394247856e+02
6.881661164630967278e+02
6.890585399885817424e+02
6.899418021287876854e+02
6.907521872245001759e+02
6.915540621149746130e+02
6.924460472509380224e+02
6.932925424749357717e+02
6.941485765474790242e+02
6.950128441327159408e+02
6.958782658595224575e+02
6.967430398570935495e+02
6.975619500770226296e+02
6.984265138900693728e+02
6.992916281417399205e+02
7.001752871545418202e+02
7.010122596397699226e+02
7.018777164577779786e+02
7.027608700502837564e+02
7.036534032874714057e+02
7.045094711771059792e+02
7.053651548018332278e+02
7.062116025900577370e+02
7.070497172475676280e+02
7.079147182916562997e+02
7.087886452502988277e+02
7.096444386817120176e+02
7.104998098439226624e+02
7.113556584042217992e+02
7.122116970705984613e+02
7.131041248898401363e+02
7.139687120315469429e+02
7.148335285978678257e+02
7.157070609157242416e+02
7.165718804438719189e+02
7.174183611553988840e+02
7.183020039934403940e+02
7.192030842979537510e+02
7.200592491097144148e+02
7.209510437368985549e+02
7.218066365647423481e+02
7.226809217186429350e+02
7.235551191246833014e+02
7.244562020541009133e+02
7.253026422695958217e+02
7.261856589616791098e+02
7.270410578493948606e+02
7.279063620706488109e+02
7.287894772773076966e+02
7.296544216949012025e+02
7.305100207103723733e+02
7.313654603055455254e+02
7.322301643491445020e+02
7.330771315993727058e+02
7.339509202708775319e+02
7.348249442558063720e+02
7.356633809917981353e+02
7.365284785031304864e+02
7.374114794659211611e+02
7.383035694388643151e+02
7.391957622198083300e+02
7.400512786812785180e+02
7.409154073398233322e+02
7.417803656542732824e+02
7.426539048315847822e+02
7.435280941048050636e+02
7.443937393011689210e+02
7.452765998222942017e+02
7.461409718617571798e+02
7.470236611018460735e+02
7.478716243857602421e+02
7.487457800316095700e+02
7.496289626489131024e+02
7.504940289002294094e+02
7.513318628222270945e+02
7.522054555108460363e+02
7.530618380726242549e+02
7.539443922304361649e+02
7.548185517844081005e+02
7.556556953060852493e+02
7.565396430140235680e+02
7.574041587815420371e+02
7.582411229311412626e+02
7.591240565658908963e+02
7.600068821332098423e+02
7.608719445056879067e+02
7.617091584560222373e+02
7.625927679084705915e+02
7.634762668808140234e+02
7.643139511594093847e+02
7.652064684607314575e+02
7.660796520350944547e+02
7.668716306183852112e+02
7.677453303477622057e+02
7.685924195609909475e+02
7.694573886394796318e+02
7.703318379114436993e+02
7.711970704354188229e+02
7.720715070994269809e+02
7.729366968881612365e+02
7.737655327172569741e+02
7.745755442320344173e+02
7.754676916742286039e+02
7.763599224188146763e+02
7.772340312240595495e+02
7.781265075202605885e+02
7.789095786127321617e+02
7.797836825579881861e+02
7.806220097021084712e+02
7.814685367436853767e+02
7.823327841691175308e+02
7.831884971057448865e+02
7.840534993947022713e+02
7.849269495522364650e+02
7.857823911005013997e+02
7.866291445126781809e+02
7.874850633064498879e+02
7.883497639783141722e+02
7.891868791889813792e+02
7.900433337051824765e+02
7.909083583604472096e+02
7.917647958471432048e+02
7.926027369649692673e+02
7.934305899112591760e+02
7.942871493207584308e+02
7.951611245479392664e+02
7.960444204397203976e+02
7.968912304739562842e+02
7.977651877875323407e+02
7.985836185409764312e+02
7.994309148075969915e+02
8.003236850859586866e+02
8.011708268941692950e+02
8.020269250971756492e+02
8.028919711844972653e+02
8.037566539083318276e+02
8.046215285911889623e+02
8.054866493349250050e+02
8.063236677754107404e+02
8.071606719214142913e+02
8.080537563293680705e+02
8.089190128734477412e+02
8.097935036637584290e+02
8.106677534895052304e+02
8.115325378458276191e+02
8.123973129186380220e+02
8.132626554692371883e+02
8.141549563720991500e+02
8.150563145133693297e+02
8.159302085073874196e+02
8.168409286160317606e+02
8.176779983826896796e+02
8.184979601900605530e+02
8.193816808210895033e+02
8.202744804403552052e+02
8.211030805767284164e+02
8.219398623306885838e+02
8.228144048909787216e+02
8.236609790616529381e+02
8.245448215666993974e+02
8.254011636346331215e+02
8.262389779042636064e+02
8.271128524122957515e+02
8.279694093937697517e+02
8.288268105160412915e+02
8.297011333597962448e+02
8.305569353203973151e+02
8.314408046908069991e+02
8.323158730330621893e+02
8.331802883196504581e+02
8.340637424511901372e+02
8.349464937740932555e+02
8.357840525517368633e+02
8.366303833703213968e+02
8.374867524515358355e+02
8.383701729983615678e+02
8.391900775630833778e+02
8.400280527563755868e+02
8.409109284684003569e+02
8.417575780188667522e+02
8.426321882108018144e+02
8.434971915791029460e+02
8.443901291674411596e+02
8.452551754660274810e+02
8.460647572991812240e+02
8.469479093781582151e+02
8.478222502672869041e+02
8.486785019482537109e+02
8.495616359665700656e+02
8.504449997169544986e+02
8.513281655522564506e+02
8.521658195794584572e+02
8.530410879023587540e+02
8.539153825803246036e+02
8.548261940284793354e+02
8.556915008821358697e+02
8.565471602834397800e+02
8.573850888079172137e+02
8.582593101526206283e+02
8.590884639119125268e+02
8.599352487352356320e+02
8.608191074929897013e+02
8.617027661664852758e+02
8.625678977297944812e+02
8.634332573623353255e+02
8.642977502679412964e+02
8.651547961837900402e+02
8.660015807862882866e+02
8.668486869906627135e+02
8.677322044257806510e+02
8.686062662055129522e+02
