1.000000000000000000e+00
1.151373848373848929e+00
1.298210001533140812e+00
1.443357706324792211e+00
1.589466302744307669e+00
1.730309285510954087e+00
1.874505490692738752e+00
2.012075642078709592e+00
2.149926862702823183e+00
2.291292189750260277e+00
2.431735486811146263e+00
2.572301486425538020e+00
2.705493664839038193e+00
2.840896473532016131e+00
2.973627528087723793e+00
3.102569951352859956e+00
3.240142996749721060e+00
3.374363770651930494e+00
3.508595301987647463e+00
3.643917077101043400e+00
3.777730686525277548e+00
3.907280996463494471e+00
4.036092639279728722e+00
4.164009066316853414e+00
4.280769507556985154e+00
4.405334510261230463e+00
4.534290460930139766e+00
4.655965670060400186e+00
4.781571817893300214e+00
4.907044394207291660e+00
5.034072853584412144e+00
5.155975444263354746e+00
5.279935240534410212e+00
5.404200934019123714e+00
5.529651984918728225e+00
5.652391438675720359e+00
5.772857432438836867e+00
5.894226449475420182e+00
6.014891801206708521e+00
6.135458854898660164e+00
6.254635560338008382e+00
6.373158333105481077e+00
6.493962103337530323e+00
6.615385648533537832e+00
6.738385146790704106e+00
6.862628845965307534e+00
6.984549882959099953e+00
7.101141487215758552e+00
7.215997262476065544e+00
7.327606939662987706e+00
7.443020685651171142e+00
7.558343394880116861e+00
7.671249415393337934e+00
7.788414505938579424e+00
7.903021746192127495e+00
8.018774283802553526e+00
8.133350384327176386e+00
8.249234954080677085e+00
8.361716744916300570e+00
8.473019820310449646e+00
8.579245396684605396e+00
8.695551999841269364e+00
8.805852775473846705e+00
8.916098700054380544e+00
9.029140775455003265e+00
9.142909244846864070e+00
9.255593305727348508e+00
9.365006727632692929e+00
9.477324066431808802e+00
9.587138546557106622e+00
9.698547343418979949e+00
9.806863006852568176e+00
9.917933221473804295e+00
1.003080819349631092e+01
1.013923963385871652e+01
1.024819599090800537e+01
1.035486059232915501e+01
1.046668684872177657e+01
1.057763797069093492e+01
1.068928886641772102e+01
1.079502770838687375e+01
1.090297807645875494e+01
1.101075240093800822e+01
1.111850781223650486e+01
1.122236443211410162e+01
1.132596654452578200e+01
1.142999067979365613e+01
1.153885600370326081e+01
1.164523656094679893e+01
1.174966327505911678e+01
1.185326431793614432e+01
1.196401111152235508e+01
1.206410422036674568e+01
1.216527396883545897e+01
1.227330733298641263e+01
1.237748663844902453e+01
1.248230258528731795e+01
1.258111665317575856e+01
1.267982941060930280e+01
1.277764382802557286e+01
1.287724617667518778e+01
1.298263294806309709e+01
1.307807984635883436e+01
1.317987501329416311e+01
1.328216984440441806e+01
1.338225643649747276e+01
1.348593784442968335e+01
1.358447025901197236e+01
1.368632709853641671e+01
1.378964045024857299e+01
1.388796964158317060e+01
1.399018600494457409e+01
1.409213293724165794e+01
1.419446039789973391e+01
1.429136352320845837e+01
1.438845299383409682e+01
1.448928064336089605e+01
1.458620120585864655e+01
1.468371203737490838e+01
1.478518060532847578e+01
1.488607102640987634e+01
1.497983344049549181e+01
1.508001839014778156e+01
1.517719036356049145e+01
1.527537237043434715e+01
1.537526287986733387e+01
1.547562326580526992e+01
1.557546137055916269e+01
1.567459514919376495e+01
1.576965852831206583e+01
1.586999843214677952e+01
1.596654834289759428e+01
1.606521088628806027e+01
1.616721306646964251e+01
1.626468508864136453e+01
1.636570659527158966e+01
1.646513703088175973e+01
1.656357741473882683e+01
1.665906665113170959e+01
1.675175319252793216e+01
1.685244209444254793e+01
1.694476843824573820e+01
1.704681057783277964e+01
1.713987098733482384e+01
1.723547672399825004e+01
1.733309875782517651e+01
1.742780486967071241e+01
1.752271911962925799e+01
1.761904012558505528e+01
1.771449925965332639e+01
1.781492239403858235e+01
1.791103909367757652e+01
1.801206166150242538e+01
1.810991184254264752e+01
1.820469673474383399e+01
1.830033570448135549e+01
1.839768525694434942e+01
1.849314995722177102e+01
1.858398188679377583e+01
1.868062628042588003e+01
1.877366810144976483e+01
1.886847096839530025e+01
1.896298475750702295e+01
1.905673683622926617e+01
1.915152452876687050e+01
1.924532225226398907e+01
1.934047155552636355e+01
1.943234134617949849e+01
1.952760016049822056e+01
1.962266927995263899e+01
1.971974636343934506e+01
1.981450286440987796e+01
1.990646768488725371e+01
1.999924688303500631e+01
2.009544528642267025e+01
2.018854898306047119e+01
2.028149333791894193e+01
2.037770787675213668e+01
2.046990018101976005e+01
2.056147292976286778e+01
2.065435648297401272e+01
2.074804553287710362e+01
2.084185377243296600e+01
2.093582765672822177e+01
2.102642011118238941e+01
2.111824379400572838e+01
2.120913798519986315e+01
2.130390836592852821e+01
2.139771072098337257e+01
2.148995365830941751e+01
2.158323980331259406e+01
2.167603547537898478e+01
2.176761620572133182e+01
2.185778680380951400e+01
2.195096284147067323e+01
2.204060097988748268e+01
2.213235374296329283e+01
2.222875264008239071e+01
2.232277515366877196e+01
2.241325101659070995e+01
2.250351973841998543e+01
2.259505305474597137e+01
2.268571861485282781e+01
2.277977101210149158e+01
2.287262683268950525e+01
2.296679802536875314e+01
2.306103082799098658e+01
2.315281807634708500e+01
2.324420104380570251e+01
2.333593462099185700e+01
2.343032101666137734e+01
2.351963942634121452e+01
2.361232544301128655e+01
2.370443389137126289e+01
2.379584381614878197e+01
2.388678832157070175e+01
2.397987312464146115e+01
2.407520146489483182e+01
2.416622082289693552e+01
2.425863455411383640e+01
2.434878215372110333e+01
2.443911177667649071e+01
2.453285166846364973e+01
2.462181457992003430e+01
2.471472779595546854e+01
2.480391209500898952e+01
2.489819958777144038e+01
2.499123641027192733e+01
2.508150948614380482e+01
2.517475433725264722e+01
2.526685123377294673e+01
2.535871673789220182e+01
2.544914885983712338e+01
2.554055988563288793e+01
2.563152315086311361e+01
2.572380782562682811e+01
2.581677901029080502e+01
2.590905004949816970e+01
2.600175252821982141e+01
2.609223079375121301e+01
2.618144827311292033e+01
2.627290671304452729e+01
2.636249382948897946e+01
2.645240866878620167e+01
2.654519176136317071e+01
2.663818937207007309e+01
2.672992832942189878e+01
2.681611952502248641e+01
2.690831296775290582e+01
2.699411221646431258e+01
2.708563340106384132e+01
2.717926418106683784e+01
2.727103072346358204e+01
2.736422993230664247e+01
2.745450466416556878e+01
2.754571445729144585e+01
2.763834536007821541e+01
2.773142360811526430e+01
2.782408337748039528e+01
2.791252024029677159e+01
2.800385235410433182e+01
2.809131100289063454e+01
2.818227925671472178e+01
2.827418347556231382e+01
2.836602895214970133e+01
2.845566273814436897e+01
2.854676884320591768e+01
2.863749553210040943e+01
2.872689677949285780e+01
2.881354484722508147e+01
2.890355044476812907e+01
2.899300208906621634e+01
2.908168929497166744e+01
2.916845670872841012e+01
2.925878409416884907e+01
2.934995628798705525e+01
2.943635587662240027e+01
2.952524065628728422e+01
2.961537019782128866e+01
2.970441918257854752e+01
2.979159308111211502e+01
2.988042222612417476e+01
2.996743083543275077e+01
3.005773805503016760e+01
3.014693365408837167e+01
3.023517969846749409e+01
3.032535340766395748e+01
3.041337276129035061e+01
3.050524617607100453e+01
3.059593770566482362e+01
3.068631174961522134e+01
3.077579543291312802e+01
3.086749179246002228e+01
3.095162140966806774e+01
3.103769975614021703e+01
3.112966453107855003e+01
3.121651189017034866e+01
3.130537396859044819e+01
3.139623898943390046e+01
3.148827420399900845e+01
3.157491199201597709e+01
3.166302907883105888e+01
3.175223264478113805e+01
3.183989559812467007e+01
3.192637583795773182e+01
3.201488778228936383e+01
3.210452849608613235e+01
3.219522914990243123e+01
3.228333074999531505e+01
3.237225598060582143e+01
3.246382024962478852e+01
3.255017067795426300e+01
3.263933209241865541e+01
3.272866752669679613e+01
3.281606763028032958e+01
3.290487480576074120e+01
3.299519446668846001e+01
3.308432132384759683e+01
3.317469316798473500e+01
3.326325429099318853e+01
3.335261949795943082e+01
3.344459989938661693e+01
3.353334670709118370e+01
3.362132670572207616e+01
3.370708150245878443e+01
3.379461737317956960e+01
3.388307608811684446e+01
3.397318349260656589e+01
3.406271383652575224e+01
3.415085354158930642e+01
3.424107279984399099e+01
3.433232609824393222e+01
3.442438704509001468e+01
3.451195738339941244e+01
3.460002685481431683e+01
3.469040269541496713e+01
3.477591767932568700e+01
3.486260175755483459e+01
3.495330695030652635e+01
3.504610626020797071e+01
3.513704039625242359e+01
3.522649749631369787e+01
3.531347499004350965e+01
3.540171523622285576e+01
3.549356369545151324e+01
3.558630039082169105e+01
3.567543409120417408e+01
3.576487911539448561e+01
3.585270958617129367e+01
3.594332974929317714e+01
3.603165038777161300e+01
3.611549924226824970e+01
3.620127592378357662e+01
3.628785730729712355e+01
3.637567038825211085e+01
3.646100513214276617e+01
3.654994273663837845e+01
3.663959618907286142e+01
3.672595171054238250e+01
3.681218557392833901e+01
3.690096068178613109e+01
3.698802293952634557e+01
3.707755753992237402e+01
3.716597899450911768e+01
3.725480734651769410e+01
3.734206575524006411e+01
3.743066856587074653e+01
3.751806654492263249e+01
3.760372583832115367e+01
3.769117895564727405e+01
3.777874972150929267e+01
3.786889091065398816e+01
3.795745612374703626e+01
3.804816578105759817e+01
3.813927178311347888e+01
3.822759503983457563e+01
3.831480893279746880e+01
3.840425161830843592e+01
3.849265055640088917e+01
3.858086024727853669e+01
3.866829364942700664e+01
3.875325256938775453e+01
3.883849997640363938e+01
3.892734289705777684e+01
3.901177882999166968e+01
3.910312611671140104e+01
3.918965831212238982e+01
3.928051758997144560e+01
3.936662630723796497e+01
3.945607600345744714e+01
3.954497916962351667e+01
3.962694979686469310e+01
3.971558510123446695e+01
3.980264238702270063e+01
3.989319127790357555e+01
3.998111072714439729e+01
4.006557306871652457e+01
4.015415435315385650e+01
4.024140245694586326e+01
4.033045318159076231e+01
4.041754747366812950e+01
4.050342662514637482e+01
4.059039553771827258e+01
4.068024085599174100e+01
4.077138294912919037e+01
4.085931802065314145e+01
4.094877932620449457e+01
4.103319891122720264e+01
4.112182212106561252e+01
4.121238766593441483e+01
4.129935313099878158e+01
4.138821690365580253e+01
4.147389336712537755e+01
4.156004058480243657e+01
4.164912176588735093e+01
4.173753975194198773e+01
4.182701562738669310e+01
4.191431348380194066e+01
4.200237712178704186e+01
4.209222762913555016e+01
4.218124403020188140e+01
4.226835536599902099e+01
4.235385116625163704e+01
4.244182230781093779e+01
4.252700007318803443e+01
4.261350840125487593e+01
4.270247976478366780e+01
4.279231145209968190e+01
4.287911922432448364e+01
4.296483719664778533e+01
4.305129453040353127e+01
4.314010680121620567e+01
4.322783758312338165e+01
4.331470947654656811e+01
4.340114908288968110e+01
4.348439913239801058e+01
4.357151364277855521e+01
4.365824793658975267e+01
4.374592337128664354e+01
4.382955966354432320e+01
4.391766348853970214e+01
4.400275835204728736e+01
4.409108111157012644e+01
4.417937216548509127e+01
4.426882695280398394e+01
4.435497253600711076e+01
4.444350127975736342e+01
4.453291716507153097e+01
4.462160652642039338e+01
4.470753514972632559e+01
4.479397645689709151e+01
4.488380835072619135e+01
4.497174813555241002e+01
4.505994364097532667e+01
4.514444015293143764e+01
4.523013064942210093e+01
4.531178991802458711e+01
4.539783906611914688e+01
4.548457042182862864e+01
4.557187020986595627e+01
4.565850474369221956e+01
4.574558240365323059e+01
4.582855245929654586e+01
4.591628555003500622e+01
4.600500370505654502e+01
4.609063500685946480e+01
4.617585864475034896e+01
4.626454956570851351e+01
4.635046287967173839e+01
4.643791613015239506e+01
4.652579543868325374e+01
4.661690071412877501e+01
4.670332224641937557e+01
4.679109222420574810e+01
4.687234964140364468e+01
4.696149412066228024e+01
4.704635377614837211e+01
4.713659539895171235e+01
4.722324012799748516e+01
4.730853125327629982e+01
4.739422550911675103e+01
4.748371738590974900e+01
4.757204518079331024e+01
4.765973438591559841e+01
4.774612351651630604e+01
4.783411958870061653e+01
4.792510658898137876e+01
4.800971327602211858e+01
4.810068941228414019e+01
4.818538556899977010e+01
4.827458755879641217e+01
4.836190463939218631e+01
4.844998487221916861e+01
4.853922945975392622e+01
4.862159202290944648e+01
4.870611611317080047e+01
4.879059577031841144e+01
4.887581335830584095e+01
4.896203021099238128e+01
4.904934823574129865e+01
4.913567183789245263e+01
4.922430324413014091e+01
4.930900699958527866e+01
4.939359025324408492e+01
4.948093499760576464e+01
4.956819430675162863e+01
4.965536738256751903e+01
4.974263401211721458e+01
4.982900311210541844e+01
4.991670928900391146e+01
5.000433775776200207e+01
5.009291255406142795e+01
5.017979420681860603e+01
5.026772379165228699e+01
5.034973215198564844e+01
5.043482885244306857e+01
5.052196031266642251e+01
5.060825772211632056e+01
5.069539623320611099e+01
5.078089498280455416e+01
5.086992747162426554e+01
5.095568741184604988e+01
5.104296397758156445e+01
5.112858195807270079e+01
5.121204812397644446e+01
5.130073000367470826e+01
5.138394822234707249e+01
5.147020927936114276e+01
5.155591949612875169e+01
5.164174398421496193e+01
5.172813702958271165e+01
5.181682345896033581e+01
5.189870892113140854e+01
5.198604302261752963e+01
5.207085728367741240e+01
5.215825283864255368e+01
5.224378752001997839e+01
5.233048871222101894e+01
5.241478687362340594e+01
5.250071185522356387e+01
5.258334832658368185e+01
5.267062430997852829e+01
5.275574013997805167e+01
5.284064275816350431e+01
5.292797244401482004e+01
5.301074450816565076e+01
5.309721922503409530e+01
5.318053135902388817e+01
5.326385813804268565e+01
5.334697087087523215e+01
5.343093684556243517e+01
5.351587264609560179e+01
5.360038894809875387e+01
5.368652671154109157e+01
5.377335223889225091e+01
5.385656796741617569e+01
5.394287999990348936e+01
5.403179248039273830e+01
5.411685449798896030e+01
5.420070006929356055e+01
5.428420505485203051e+01
5.437124233537261375e+01
5.445421202980653419e+01
5.454120573886569900e+01
5.462493584487569365e+01
5.471453036543768889e+01
5.480109633025397642e+01
5.488836328659018449e+01
5.497535611683678525e+01
5.506198035459815543e+01
5.514676161344671357e+01
5.522983851283013479e+01
5.531744664464895322e+01
5.540532821078289061e+01
5.549294888019157668e+01
5.557589486660266687e+01
5.566175090751496413e+01
5.574479163336152254e+01
5.583333116661989948e+01
5.591556897220662847e+01
5.600263642396441099e+01
5.608527587988513829e+01
5.617306329903174600e+01
5.625886913932608735e+01
5.634246015667548590e+01
5.642577917428320688e+01
5.650932829959116788e+01
5.659284549460056013e+01
5.667837216620898033e+01
5.676385145828602674e+01
5.684788824572589760e+01
5.693243695565960394e+01
5.701481447712195205e+01
5.709967043452920876e+01
5.718172943913070583e+01
5.726953441632420549e+01
5.735612326390773319e+01
5.744220556895133001e+01
5.752513186004555479e+01
5.761226358807308401e+01
5.769986320254777468e+01
5.778493097019008218e+01
5.787063157812728775e+01
5.795428206766817425e+01
5.803967043613616283e+01
5.812773224390873139e+01
5.821497140557191585e+01
5.829573404771588940e+01
5.837845123113890367e+01
5.846361477427925735e+01
5.854809306391718593e+01
5.862936560985348677e+01
5.871336098573423357e+01
5.880160181345328851e+01
5.888819731271929214e+01
5.897619435990970516e+01
5.906195624406147715e+01
5.914574404265783159e+01
5.923015132986043341e+01
5.931884637672230554e+01
5.940383169592787738e+01
5.948888595339450092e+01
5.957346884745378901e+01
5.965481438226156286e+01
5.973976890387712757e+01
5.981960028314041722e+01
5.990336061584538641e+01
5.998637101936765958e+01
6.007205422169445086e+01
6.015875638447098339e+01
6.024469998635585455e+01
6.033273254911529904e+01
6.041777069798616395e+01
6.049900891226599242e+01
6.058788500031197799e+01
6.067482724491954116e+01
6.075968127365525362e+01
6.084355208888793953e+01
6.092954978451698622e+01
6.101642756750032959e+01
6.110300780103622031e+01
6.118856652281409936e+01
6.127477943187918186e+01
6.136153168415691539e+01
6.144729029371092111e+01
6.153094112644082969e+01
6.161513844588843369e+01
6.170403282841294867e+01
6.178709965988183228e+01
6.187174823052907158e+01
6.195622269089781753e+01
6.204236186473642078e+01
6.212683150501460716e+01
6.221137925426643278e+01
6.229644680122410705e+01
6.238369932445909427e+01
6.247070474147744790e+01
6.255364824599353568e+01
6.263907681752093737e+01
6.272543530846993320e+01
6.280800410767370323e+01
6.289046914350582540e+01
6.297765689238142528e+01
6.306665111188490869e+01
6.315088795472083660e+01
6.323645265176670449e+01
6.331948312858926897e+01
6.340327765367597834e+01
6.348946936623444515e+01
6.357614671246421523e+01
6.365858816622155558e+01
6.373961143397539786e+01
6.382389210134621038e+01
6.391032600249641149e+01
6.399694626444549783e+01
6.407973082393253605e+01
6.416873348147970546e+01
6.425341973546416341e+01
6.433786601571645747e+01
6.442208162480129374e+01
6.450975729247532797e+01
6.459795080508139620e+01
6.468400757690409364e+01
6.476907906737731935e+01
6.485616229052794779e+01
6.494267703518043788e+01
6.502835711969918009e+01
6.511264537565682531e+01
6.519759140628063676e+01
6.528554625242105658e+01
6.537115366057587096e+01
6.545388353690408678e+01
6.554146001141880618e+01
6.562819787121304671e+01
6.570781277550064203e+01
6.578593788502602990e+01
6.587395274906276654e+01
6.595745752506454096e+01
6.604142345252149937e+01
6.612715586728504036e+01
6.621173414047811434e+01
6.629696014290712469e+01
6.637804992297783713e+01
6.646348610993140937e+01
6.654837185826076507e+01
6.663471284545860840e+01
6.671774036023083454e+01
6.680228354222256826e+01
6.688912994971701664e+01
6.697659671252952762e+01
6.706052882289479555e+01
6.714484519816747365e+01
6.722839740994258761e+01
6.731028275243315306e+01
6.739528170834438470e+01
6.748135474970220571e+01
6.756556131828891409e+01
6.765019015607813913e+01
6.773434159577887215e+01
6.781830292940219351e+01
6.790587511016038036e+01
6.799128796845380407e+01
6.807647140213293824e+01
6.816293908427647352e+01
6.824811955612882741e+01
6.833163884460205395e+01
6.841799600656048597e+01
6.850691570204719483e+01
6.859075089028630146e+01
6.867895626310244950e+01
6.876336343525854033e+01
6.884907828135781926e+01
6.893488087531727615e+01
6.902379794590009965e+01
6.910735773040485697e+01
6.919434103832132621e+01
6.927894215060572947e+01
6.936363792935186723e+01
6.945052272269305149e+01
6.953557830509943471e+01
6.961997928962863114e+01
6.970453969445522091e+01
6.978983565085610508e+01
6.987286840062790816e+01
6.995907972912279149e+01
7.004505574419442837e+01
7.012661900820268102e+01
7.021152149687057431e+01
7.029852053407994106e+01
7.038643056113666319e+01
7.047423778019219753e+01
7.055872131872222042e+01
7.064459266017752270e+01
7.072963434572722008e+01
7.081609516841611196e+01
7.090190589519552589e+01
7.098626069883223977e+01
7.107340017770640372e+01
7.115902813824359896e+01
7.124633889815476095e+01
7.132837561424028650e+01
7.141421996839125086e+01
7.150103735108767466e+01
7.158597109977119999e+01
7.166813717777357340e+01
7.175454448915506589e+01
7.183816192737661765e+01
7.192560776956463542e+01
7.201144821559266518e+01
7.209430469391567442e+01
7.218035698597780936e+01
7.226584121845890252e+01
7.234887706885970715e+01
7.243594343411024283e+01
7.252311786679146621e+01
7.260805549431287886e+01
7.269084154397820896e+01
7.277723209153056416e+01
7.286373311918674744e+01
7.294604884059120309e+01
7.303353153926973107e+01
7.312034796490644339e+01
7.319836938161587625e+01
7.328466965223857699e+01
7.336758043901021153e+01
7.345261136052108952e+01
7.353816208855715786e+01
7.362292956458226456e+01
7.370849290057398662e+01
7.379330311183991853e+01
7.387446728274372276e+01
7.395445576796662124e+01
7.404230832577222543e+01
7.413007758118646962e+01
7.421596877594137709e+01
7.430349247974064042e+01
7.438042138726893882e+01
7.446631744201245340e+01
7.454799029789258213e+01
7.463146325631549871e+01
7.471721583088385898e+01
7.480150289425623100e+01
7.488650060529901964e+01
7.497305044776493332e+01
7.505760889949982584e+01
7.514085548732239772e+01
7.522493669355111479e+01
7.531023602168674813e+01
7.539312081101984120e+01
7.547666629481854272e+01
7.556164163955386925e+01
7.564520415285764443e+01
7.572726303503141310e+01
7.580941008874161469e+01
7.589285067924218708e+01
7.597887545206151572e+01
7.606557956028072454e+01
7.614876952604454630e+01
7.623481221246862560e+01
7.631638145902442716e+01
7.639908519240390206e+01
7.648631491404231042e+01
7.656917310583128256e+01
7.665307490282506819e+01
7.673802881550388122e+01
7.682334609166889550e+01
7.690847140881213306e+01
7.699335066507558167e+01
7.707633222459040212e+01
7.715932807858688136e+01
7.724624367063310615e+01
7.733098712655356621e+01
7.741649633624219007e+01
7.750224651049548186e+01
7.758746215417403391e+01
7.767268708136289490e+01
7.775734453076412933e+01
7.784504362790205789e+01
7.793368548663170259e+01
7.801979149261393331e+01
7.810907138396905225e+01
7.819200161731113496e+01
7.827203980994006827e+01
7.835831917891181320e+01
7.844551955964598733e+01
7.852691942327237484e+01
7.861013766931240809e+01
7.869559510902236354e+01
7.877902093834860864e+01
7.886517843330184974e+01
7.894883636536783911e+01
7.903102209573775383e+01
7.911714758770568778e+01
7.920059060623120217e+01
7.928318948395980215e+01
7.936886664020482840e+01
7.945306467960340058e+01
7.953919530919394276e+01
7.962412696693890268e+01
7.970971168035079302e+01
7.979625754881108435e+01
7.988350622590802175e+01
7.996594744826427359e+01
8.004961662967988900e+01
8.013324754846559017e+01
8.021982700163975721e+01
8.029992243691827980e+01
8.038194724362590193e+01
8.046907153160049120e+01
8.055242198113388952e+01
8.063781178919943216e+01
8.072280842089845976e+01
8.080987083255948278e+01
8.089482453397369000e+01
8.097524270082028863e+01
8.106209062184241532e+01
8.114774973271430270e+01
8.123149805174749361e+01
8.131836403343116615e+01
8.140500028304630575e+01
8.149183444774450891e+01
8.157418042054274565e+01
8.165891209764275516e+01
8.174461741967667194e+01
8.183380597152149960e+01
8.191849911786549399e+01
8.200283971656166671e+01
8.208491119208390785e+01
8.217068984738079962e+01
8.225153608808869876e+01
8.233475126476542982e+01
8.242089250701130254e+01
8.250723383351592588e+01
8.259210227020651018e+01
8.267674263766585341e+01
8.276224973206029745e+01
8.284520381621112506e+01
8.292841921371316971e+01
8.301131300933825230e+01
8.309779557422093887e+01
8.318373379448831884e+01
