1.000000000000000000e+00
1.060000000000000053e+00
1.100000000000000089e+00
1.149999999999999911e+00
1.209999999999999964e+00
1.280000000000000027e+00
1.330000000000000071e+00
1.370000000000000107e+00
1.409999999999999920e+00
1.429999999999999938e+00
1.510000000000000009e+00
1.560000000000000053e+00
1.590000000000000080e+00
1.649999999999999911e+00
1.699999999999999956e+00
1.750000000000000000e+00
1.830000000000000071e+00
1.860000000000000098e+00
1.919999999999999929e+00
1.959999999999999964e+00
1.989999999999999991e+00
2.020000000000000018e+00
2.049999999999999822e+00
2.120000000000000107e+00
2.149999999999999911e+00
2.189999999999999947e+00
2.250000000000000000e+00
2.310000000000000053e+00
2.390000000000000124e+00
2.470000000000000195e+00
2.520000000000000018e+00
2.560000000000000053e+00
2.620000000000000107e+00
2.649999999999999911e+00
2.729999999999999982e+00
2.770000000000000018e+00
2.839999999999999858e+00
2.939999999999999947e+00
2.979999999999999982e+00
3.029999999999999805e+00
3.069999999999999840e+00
3.089999999999999858e+00
3.140000000000000124e+00
3.169999999999999929e+00
3.220000000000000195e+00
3.240000000000000213e+00
3.270000000000000018e+00
3.359999999999999876e+00
3.450000000000000178e+00
3.549999999999999822e+00
3.609999999999999876e+00
3.660000000000000142e+00
3.700000000000000178e+00
3.729999999999999982e+00
3.810000000000000053e+00
3.910000000000000142e+00
3.990000000000000213e+00
4.030000000000000249e+00
4.099999999999999645e+00
4.129999999999999893e+00
4.160000000000000142e+00
4.240000000000000213e+00
4.259999999999999787e+00
4.330000000000000071e+00
4.379999999999999893e+00
4.450000000000000178e+00
4.509999999999999787e+00
4.589999999999999858e+00
4.669999999999999929e+00
4.679999999999999716e+00
4.750000000000000000e+00
4.780000000000000249e+00
4.839999999999999858e+00
4.879999999999999893e+00
4.929999999999999716e+00
4.969999999999999751e+00
5.000000000000000000e+00
5.019999999999999574e+00
5.059999999999999609e+00
5.120000000000000107e+00
5.190000000000000391e+00
5.209999999999999964e+00
5.240000000000000213e+00
5.299999999999999822e+00
5.419999999999999929e+00
5.500000000000000000e+00
5.530000000000000249e+00
5.570000000000000284e+00
5.660000000000000142e+00
5.700000000000000178e+00
5.719999999999999751e+00
5.799999999999999822e+00
5.830000000000000071e+00
5.879999999999999893e+00
5.929999999999999716e+00
5.950000000000000178e+00
6.000000000000000000e+00
6.040000000000000036e+00
6.070000000000000284e+00
6.139999999999999680e+00
6.179999999999999716e+00
6.219576684397163824e+00
6.268983308047952896e+00
6.318302824501651038e+00
6.357711321233677104e+00
6.426593777617179981e+00
6.465904444381981975e+00
6.544437294576300523e+00
6.613089124515826533e+00
6.642410059231469432e+00
6.681544303199266288e+00
6.720725305296674890e+00
6.788893502801353286e+00
6.837602443205896385e+00
6.895896385123509553e+00
6.963766955252725488e+00
6.983324490630463011e+00
7.012351910394627019e+00
7.051317596864528525e+00
7.080571791293428063e+00
7.109559118738030925e+00
7.157671089157112476e+00
7.225622560369786562e+00
7.273649076524759671e+00
7.388996395036178555e+00
7.446719342096897343e+00
7.475717471337756770e+00
7.542869122241655511e+00
7.591222036563737952e+00
7.629683909089963301e+00
7.658673923214530888e+00
7.716172603408715247e+00
7.754557487838574126e+00
7.793047793668120171e+00
7.812055158031511404e+00
7.850289628505996653e+00
7.897907027654182066e+00
7.935936671643620599e+00
7.983762059687753876e+00
8.021794057669136890e+00
8.069497471118793896e+00
8.117079478866166653e+00
8.155557690645588664e+00
8.184363073541438993e+00
8.193854284294662449e+00
8.193854284294662449e+00
8.212948199490245571e+00
8.260123857751969112e+00
8.326633828363888767e+00
8.401991455942685150e+00
8.439282820458107182e+00
8.496660465654077399e+00
8.563162803381118238e+00
8.591685435323050513e+00
8.639141106793243097e+00
8.667094181994130508e+00
8.704711010120224302e+00
8.733123065337576207e+00
8.779958969358084175e+00
8.846212957191418980e+00
8.940373103651785058e+00
8.959602850530016482e+00
9.006216132356911430e+00
9.062955499044273111e+00
9.091044780538192427e+00
9.119522435123041504e+00
9.157587357408765172e+00
9.224160028121611177e+00
9.252275902487461678e+00
9.299326645355984411e+00
9.327247751698752865e+00
9.393620968640526314e+00
9.431568429202814130e+00
9.450548797812668766e+00
9.487328332417156673e+00
9.534570000351839880e+00
9.600593932627550231e+00
9.619529737545802206e+00
9.648039703869912387e+00
9.666976925449755953e+00
9.722690329928475705e+00
9.769778893043021384e+00
9.816895239391834949e+00
9.864078586718935782e+00
9.929058996536411996e+00
9.994296021089965620e+00
1.006966658559285399e+01
1.009810893910687213e+01
1.014515394710119445e+01
1.021125659461628210e+01
1.027708476674915161e+01
1.027708476674915161e+01
1.035075253066910150e+01
1.041533563199312340e+01
1.043418741761134783e+01
1.048084058298316634e+01
1.051797323235440906e+01
1.059159889534679877e+01
1.067521460530422672e+01
1.076853926574052522e+01
1.084315347814026076e+01
1.087152536003842940e+01
1.097392151601671273e+01
1.101030347897256512e+01
1.105714526804572451e+01
1.111286297187984928e+01
1.114089411969256638e+01
1.120568085285644422e+01
1.124275410059980729e+01
1.127072386124703307e+01
1.133547030325134841e+01
1.137296159504530202e+01
1.141028109371170629e+01
1.144803142555229059e+01
1.151204986299231159e+01
1.159643777695858979e+01
1.163346326794490970e+01
1.170801969786337793e+01
1.177314557048306831e+01
1.180098573300685949e+01
1.182843854223841618e+01
1.193115876433324196e+01
1.195842908229198898e+01
1.201375862308637643e+01
1.205971583563871441e+01
1.209700466073145186e+01
1.212477983478618171e+01
1.216212668523466078e+01
1.219916573393591008e+01
1.228342263592618089e+01
1.231141061473379672e+01
1.236685226607048804e+01
1.240376790736437052e+01
1.241314090892851318e+01
1.246935202022208600e+01
1.248806940883250505e+01
1.251578325960606364e+01
1.255279860313607543e+01
1.261769325199739811e+01
1.271074939445377794e+01
1.272961751139427378e+01
1.282249552129892578e+01
1.282249552129892578e+01
1.289610580025355624e+01
1.295161760619905422e+01
1.298865063328853608e+01
1.305371772107892703e+01
1.310899110693760328e+01
1.315545229138837158e+01
1.321125099210880016e+01
1.322074747593838318e+01
1.326705238572186474e+01
1.326705238572186474e+01
1.329469091283447213e+01
1.334996804669104975e+01
1.339611570668494522e+01
1.343356184845798929e+01
1.348975316643673672e+01
1.357246062011824961e+01
1.360958480727818198e+01
1.366402790070832829e+01
1.371003678714768981e+01
1.376578030014675136e+01
1.382107770020301984e+01
1.386713606339007754e+01
1.392259914287875056e+01
1.394888763553484345e+01
1.402305096132354656e+01
1.405990280767347933e+01
1.410650233156783706e+01
1.413474875971138367e+01
1.418115855523361013e+01
1.423557294124936767e+01
1.429055354773846176e+01
1.431835203003058510e+01
1.436366795730144119e+01
1.441897070500705524e+01
1.444688072748587793e+01
1.450175408527011101e+01
1.456623343715880914e+01
1.462180566575705321e+01
1.466800550696588346e+01
1.472434024356023130e+01
1.477088965880075833e+01
1.484473802838170720e+01
1.490960546107638329e+01
1.497390710175974249e+01
1.501122001784846205e+01
1.505788420937431304e+01
1.511342435560415431e+01
1.516974047845579499e+01
1.521575866780921871e+01
1.527091793592309799e+01
1.533501124831178508e+01
1.537143822582924102e+01
1.544502085175365380e+01
1.549045371712879771e+01
1.549966320453543389e+01
1.553699136184618901e+01
1.560139351985823453e+01
1.566581859430229073e+01
1.571121497468936390e+01
1.576592423022015765e+01
1.579344858490726011e+01
1.583004503648735017e+01
1.585774356328449741e+01
1.588557418632325202e+01
1.593131222754126597e+01
1.597694214792931255e+01
1.602285044348639431e+01
1.605096450814827591e+01
1.611500806002702291e+01
1.615181652356293540e+01
1.619826496874825850e+01
1.624414070889801565e+01
1.629960100603872775e+01
1.632681370608565885e+01
1.633595756988227876e+01
1.639162875344932147e+01
1.642846245311016418e+01
1.648351823629451118e+01
1.654874198587211964e+01
1.657680498203642472e+01
1.664092394874070635e+01
1.666833901803589768e+01
1.673272276797845848e+01
1.675140422432337317e+01
1.677902977270722573e+01
1.683432279710851276e+01
1.686219626087348900e+01
1.690912937676834815e+01
1.694580280281184770e+01
1.700142873749617678e+01
1.703777461412419925e+01
1.708381770590013815e+01
1.712101804803917204e+01
1.714880483061051208e+01
1.718603505321443947e+01
1.721366656385301752e+01
1.726939768037820855e+01
1.732411451335141095e+01
1.737078820815415270e+01
1.742584725845993887e+01
1.748129774278155679e+01
1.750916252089274039e+01
1.753722234723701590e+01
1.756418921672117150e+01
1.764655140983413162e+01
1.767399081287840090e+01
1.776616751801131500e+01
1.780316719180239105e+01
1.782197584385118816e+01
1.784914481243318107e+01
1.786759681219643880e+01
1.790350492397470106e+01
1.794031272034638747e+01
1.796835315901136099e+01
1.798677783301734934e+01
1.801487911176710810e+01
1.806935908612442887e+01
1.810638385180361709e+01
1.816999220005502380e+01
1.821675995000323667e+01
1.824436566895507994e+01
1.827185610810466798e+01
1.830742924272452399e+01
1.834434467841483141e+01
1.839101685101495320e+01
1.843648485824497740e+01
1.850962421661983370e+01
1.854581798527092928e+01
1.858136085879794308e+01
1.863636478265402374e+01
1.871978821248955427e+01
1.875630100296299929e+01
1.879359084841392047e+01
1.885668527393647054e+01
1.891202774292848332e+01
1.894855518265902461e+01
1.900408288613292740e+01
1.906799902907607347e+01
1.912338280604512519e+01
1.918716792725050624e+01
1.923393901396746131e+01
1.927967363817124280e+01
1.934468968236960507e+01
1.938135773306076715e+01
1.943607951619880936e+01
1.945431572946596432e+01
1.948145365531159001e+01
1.950831842444342001e+01
1.955447507021010978e+01
1.958261831502747086e+01
1.968412560298213876e+01
1.975736898157838439e+01
1.977581200122250138e+01
1.983979473547940486e+01
1.988557637527502919e+01
1.991314301288047162e+01
1.993175002372145954e+01
1.999555130547986437e+01
2.004069729546639778e+01
2.008686722216158671e+01
2.014172450289943939e+01
2.021557920641218331e+01
2.027127377586641543e+01
2.031795042608663948e+01
2.035557198659356359e+01
2.041095343381827831e+01
2.045705226135730115e+01
2.047547917885859547e+01
2.053920420842830197e+01
2.057546675828362481e+01
2.061194236899093823e+01
2.066669622852526089e+01
2.071278412257508705e+01
2.075021354359207493e+01
2.079667094972351649e+01
2.082416385111189783e+01
2.087008547299388894e+01
2.090670633040205928e+01
2.091569104469555995e+01
2.096178262947706017e+01
2.100723180343488750e+01
2.109069944308646782e+01
2.114573867594913281e+01
2.119168247783189685e+01
2.120907917635851447e+01
2.124598525606215560e+01
2.129165820974503376e+01
2.132921242769337056e+01
2.134774066439933549e+01
2.135696133070036851e+01
2.141213540888201194e+01
2.145778859544596173e+01
2.148551493484644936e+01
2.154888584185474443e+01
2.160332249077696787e+01
2.162144391614211969e+01
2.162144391614211969e+01
2.163975828782002608e+01
2.167675840408394450e+01
2.174157471653763807e+01
2.179748088688386787e+01
2.180667358678530121e+01
2.180667358678530121e+01
2.184343537616449638e+01
2.187046658881919470e+01
2.192611365710303417e+01
2.194424555990095627e+01
2.199034202192311227e+01
2.206232858679899422e+01
2.213614560500264261e+01
2.220074022126096835e+01
2.224644720686145760e+01
2.230992755381519288e+01
2.234668610385775622e+01
2.237410045744669773e+01
2.243851750196818173e+01
2.248282645558677828e+01
2.251947398009341583e+01
2.257461216453800645e+01
2.260204557439816497e+01
2.263841993669741726e+01
2.267521097067277935e+01
2.273056793170967183e+01
2.276716691071223408e+01
2.281264597139657724e+01
2.287653338842572026e+01
2.292209281512163344e+01
2.296780376284960923e+01
2.298586681421635447e+01
2.302250268682010770e+01
2.304109360668772410e+01
2.305004242166723927e+01
2.308645921431529757e+01
2.315191668794361135e+01
2.317937950329087826e+01
2.321591655781712404e+01
2.326228840967529621e+01
2.331799184679830361e+01
2.338137743329442841e+01
2.345508948876400268e+01
2.349207471672588454e+01
2.356499226523430934e+01
2.357433610769479415e+01
2.362927480514833789e+01
2.364818572764369620e+01
2.370272950578098659e+01
2.373034014221418175e+01
2.376748756112749561e+01
2.385821198795768083e+01
2.389514807957175435e+01
2.394061871329205715e+01
2.395934086930870421e+01
2.400564788735439237e+01
2.406872964578121454e+01
2.410563796337514830e+01
2.415142246321764929e+01
2.417882102580296788e+01
2.422442451772883132e+01
2.427890695784135033e+01
2.432437862627649849e+01
2.435256056170500116e+01
2.436194139002951076e+01
2.439835837033301758e+01
2.442621114611896616e+01
2.449939669523251595e+01
2.452644031199340091e+01
2.453532759663765361e+01
2.458090622378542278e+01
2.460825695359779175e+01
2.466268604496851680e+01
2.471752275319229142e+01
2.474514106301462846e+01
2.478211702899232449e+01
2.480007885389593980e+01
2.484603510240086521e+01
2.488271080254189727e+01
2.490103038973278515e+01
2.492861445605725379e+01
2.497441389319396521e+01
2.503874495202350303e+01
2.507538027461226804e+01
2.512936248817705120e+01
2.518467945103637717e+01
2.521226107282117823e+01
2.522060965081997352e+01
2.526620545344418645e+01
2.532077542676191939e+01
2.535601378508716053e+01
2.538350425934422816e+01
2.541998465162291154e+01
2.546563992411185140e+01
2.552097009522086069e+01
2.561333581143890115e+01
2.565928966766993824e+01
2.571493412757570596e+01
2.576142820318037963e+01
2.584419403831882533e+01
2.588112102636916845e+01
2.594524544951380562e+01
2.598240613758291673e+01
2.601953727582890252e+01
2.603774426332319791e+01
2.609286455877175115e+01
2.612020729515675654e+01
2.613839735192365765e+01
2.616592532616859046e+01
2.621083105482794551e+01
2.625623683444653622e+01
2.627486327760657403e+01
2.630168457625823208e+01
2.633877503827666544e+01
2.640241398304931053e+01
2.645723186823595086e+01
2.654822559481954158e+01
2.660339159254561636e+01
2.664916232545815689e+01
2.668547656996492634e+01
2.674122162161301119e+01
2.678740120801274216e+01
2.686968948641632693e+01
2.690646616577508965e+01
2.693418158163784781e+01
2.699900603596318049e+01
2.706349957667239181e+01
2.709121947366804406e+01
2.714635518935093472e+01
2.718291622382612260e+01
2.721990024785661788e+01
2.721990024785661788e+01
2.726548631424472191e+01
2.730238422193576753e+01
2.739311421073655595e+01
2.741130878998101750e+01
2.747550616969343906e+01
2.748474714956935117e+01
2.754061592745284059e+01
2.759519264770997893e+01
2.764015818800708502e+01
2.765873118743555992e+01
2.768622284838320979e+01
2.772311622901841943e+01
2.776877798114875873e+01
2.779595767597892575e+01
2.779595767597892575e+01
2.785992918484813430e+01
2.785992918484813430e+01
2.792403389356721277e+01
2.794237047517011874e+01
2.797892471344112764e+01
2.800623079159167972e+01
2.802463038755849922e+01
2.810655884724436859e+01
2.816050583867830781e+01
2.822447964145638366e+01
2.827915635782731840e+01
2.833477993385227833e+01
2.837141542990035248e+01
2.841711483384559855e+01
2.844502174080530921e+01
2.849920980001575543e+01
2.857329106305049748e+01
2.860998340610344570e+01
2.864662553641526443e+01
2.868316910408692877e+01
2.871983461549407934e+01
2.876565346169752146e+01
2.880273130392097869e+01
2.882972857844223569e+01
2.885763305490179320e+01
2.889393932994973824e+01
2.892124188827629894e+01
2.900291330974086890e+01
2.906755212380866737e+01
2.910412431449577042e+01
2.914990923840250048e+01
2.918651193457520066e+01
2.924154364828227415e+01
2.925992908591068087e+01
2.931526051838636704e+01
2.935202729723394910e+01
2.940725490364996020e+01
2.947037517413414776e+01
2.948848419297949874e+01
2.957143190968748669e+01
2.960721671885504236e+01
2.965249633376412319e+01
2.969790974344864409e+01
2.974387086118151657e+01
2.976201992598961610e+01
2.984369447624618843e+01
2.988058453145876214e+01
2.993510400153918383e+01
2.997205539398015972e+01
3.002726262404280888e+01
3.006355773955016986e+01
3.012760557023530339e+01
3.017321093001478260e+01
3.024565758631004542e+01
3.028254551901433089e+01
3.033740196980720327e+01
3.039203832293371832e+01
3.041897692528384667e+01
3.049159837822970687e+01
3.052774405841821093e+01
3.060090073107051367e+01
3.066406446440037925e+01
3.074704829432362985e+01
3.081083343344182879e+01
3.086557181669484962e+01
3.091991784729110648e+01
3.095577885985835564e+01
3.099232762122677443e+01
3.106543936246006510e+01
3.110150391314068941e+01
3.112005932981145762e+01
3.116492641425673682e+01
3.122866329780152839e+01
3.130212452837305648e+01
3.133892731292420564e+01
3.140180615951156540e+01
3.143857242694432941e+01
3.151223309519896176e+01
3.152150298763516645e+01
3.155786452229223116e+01
3.159494446458164418e+01
3.163176007329992956e+01
3.166820591014021247e+01
3.172288235758172448e+01
3.179593710386104277e+01
3.182332088980628271e+01
3.184096758076340805e+01
3.186839513048681383e+01
3.194133409106406418e+01
3.198708155978579626e+01
3.207017296613910418e+01
3.208851764362776748e+01
3.217083896863235992e+01
3.220778537165135447e+01
3.228046291101146181e+01
3.230810869116251638e+01
3.235385938069135392e+01
3.243752723733732779e+01
3.251090172125077515e+01
3.258452953378304784e+01
3.264813469697567427e+01
3.270368216775165138e+01
3.274914465948538123e+01
3.281323513559038929e+01
3.285778815599282865e+01
3.293031117791143458e+01
3.298523536159972025e+01
3.305744270315992850e+01
3.307515874485037699e+01
3.311171830096502333e+01
3.314778468471472195e+01
3.323089674042248731e+01
3.326802085183835089e+01
3.329558601167267540e+01
3.334069917997349108e+01
3.338645359573619231e+01
3.345024559312710011e+01
3.349573710850975061e+01
3.352378147812478915e+01
3.355101291423383714e+01
3.364204519258775150e+01
3.371499032344972591e+01
3.376027517472516593e+01
3.382490598843479290e+01
3.391646769204047729e+01
3.399064847418051727e+01
3.400890215819224949e+01
3.404559445548368757e+01
3.406360888062413039e+01
3.410948642955221999e+01
3.417349223680592729e+01
3.423809350533729656e+01
3.425681348100191315e+01
3.431196383996477550e+01
3.436718969909906463e+01
3.442196833511123799e+01
3.450364333425527263e+01
3.455880786184489040e+01
3.464902383059457236e+01
3.470300749848541955e+01
3.477630768010701701e+01
3.482216837467653647e+01
3.484899659574529096e+01
3.488512818471962618e+01
3.490326245169541153e+01
3.495854367330770174e+01
3.504013919595814741e+01
3.504911456527095481e+01
3.507622892823373917e+01
3.512132380500168694e+01
3.517548548202402969e+01
3.521170216031269007e+01
3.523875530296712100e+01
3.527554360644952425e+01
3.532134770609164320e+01
3.536779415917019520e+01
3.540474905484882839e+01
3.545076305237669345e+01
3.551472725612832448e+01
3.556924656347430158e+01
3.557828853514498491e+01
3.565170724569034633e+01
3.570667225826139912e+01
3.577148252880090951e+01
3.580786783854454569e+01
3.587267377155188797e+01
3.592755203943884368e+01
3.598295843190557974e+01
3.601043850195897278e+01
3.604770242982594652e+01
3.612106528503831981e+01
3.616680426188236908e+01
3.620345104449789631e+01
3.627645809194828530e+01
3.634934829208597051e+01
3.637679748676180935e+01
3.638600031635819931e+01
3.645061029648068995e+01
3.649651442367343890e+01
3.656997917347125338e+01
3.663417898701512598e+01
3.667068439688652859e+01
3.670768474703241679e+01
3.678057131135400937e+01
3.687210766677939944e+01
3.692679748949829133e+01
3.696356729960400145e+01
3.699049972581884305e+01
3.707376163995851925e+01
3.708302300458952772e+01
3.712811867101162733e+01
3.718297824070841529e+01
3.723761781829607287e+01
3.726563258798097422e+01
3.728413191171688368e+01
3.733056944400199484e+01
3.737606967369851674e+01
3.740350057241557380e+01
3.744038976831333088e+01
3.748647133470505111e+01
3.754121984179678151e+01
3.759659785843398083e+01
3.761488687751413806e+01
3.766091641846989546e+01
3.773417101186753086e+01
3.775210085977418828e+01
3.777922201891976073e+01
3.787945344824466076e+01
3.798826811351506194e+01
3.800664844162650269e+01
3.807066836568978374e+01
3.812511504297171427e+01
3.817130052525968154e+01
3.821636023362312784e+01
3.826204770064718019e+01
3.835373686767058388e+01
3.839964138466693555e+01
3.844501441034473999e+01
3.847180192175469671e+01
3.854540293946094920e+01
3.859045114733364557e+01
3.861773496833905028e+01
3.863561732699826479e+01
3.869006992559538105e+01
3.874491710423550472e+01
3.880904011265315745e+01
3.888150670434777112e+01
3.892704430334600119e+01
3.896360392187241217e+01
3.901835881970122699e+01
3.907354397694606263e+01
3.912823481770914924e+01
3.918275540681710822e+01
3.920078059139665072e+01
3.924672972523219272e+01
3.929245396098831122e+01
3.932942748317859838e+01
3.937516178781526577e+01
3.943928020164635484e+01
3.946615670291696887e+01
3.947552038097273197e+01
3.952994396001702171e+01
3.954862141464546710e+01
3.960361300334556489e+01
3.963986803464078434e+01
3.967620757432111134e+01
3.968558210573648637e+01
3.974975274697251848e+01
3.977725516759760183e+01
3.983244212718680899e+01
3.987772309086138023e+01
3.990514151179109348e+01
3.995078685598771528e+01
4.000579683354804672e+01
4.006095837039297436e+01
4.010684669114159817e+01
4.017052811177012472e+01
4.020730694413096273e+01
4.024385287151995527e+01
4.031609874736158616e+01
4.036160744824300650e+01
4.038915608840725469e+01
4.040759812415930696e+01
4.042593298130029211e+01
4.048104611164384892e+01
4.052752045071763121e+01
4.057318436453137167e+01
4.061023417412518910e+01
4.064663748414737654e+01
4.069161597955959309e+01
4.071933147760972105e+01
4.076558552765538934e+01
4.079347139918306198e+01
4.085618542267139475e+01
4.089263460301546615e+01
4.092003478090034463e+01
4.096561228720529613e+01
4.103849953165640585e+01
4.107551651562090456e+01
4.112981651712255626e+01
4.115785472591771565e+01
4.119432008450749549e+01
4.126790302112713960e+01
4.129457643294546187e+01
4.134071371921604054e+01
4.141448121149343109e+01
4.144215879303464334e+01
4.146994675466030600e+01
4.151556171069939438e+01
4.158908442069391498e+01
4.161610666322200558e+01
4.164324160996111601e+01
4.171630660175512872e+01
4.173440159938657246e+01
4.177186099278963383e+01
4.189075537583027398e+01
4.192771887374186690e+01
4.199137950192035618e+01
4.203710568033245210e+01
4.207332552545315707e+01
4.211881021561852378e+01
4.215506340590921042e+01
4.220057662393877962e+01
4.228253369262330352e+01
4.238337172023502575e+01
4.240186917521241128e+01
4.242028996651410466e+01
4.245687175882943620e+01
4.247504799582864621e+01
4.260290245206865478e+01
4.263950417295001927e+01
4.271198618560180904e+01
4.277623293679303629e+01
4.282270302076112500e+01
4.287774645337422186e+01
4.292347935383204316e+01
4.296073413168701194e+01
4.301605019025662102e+01
4.308008557638699898e+01
4.313493724264959184e+01
4.318098497542012382e+01
4.325469688266031909e+01
4.330903165873948524e+01
4.335476283168891598e+01
4.340911660076650236e+01
4.348201113172590482e+01
4.356500414326417570e+01
4.361923967946706426e+01
4.365601618460468103e+01
4.368345384917559215e+01
4.374746885944799146e+01
4.378426640552201121e+01
4.387671146873919525e+01
4.394025368683574584e+01
4.395820968654366823e+01
4.402191111824247116e+01
4.407662509417170327e+01
4.412237773899364868e+01
4.416848639260972931e+01
4.421440630858255361e+01
4.426008854267255543e+01
4.433393132260921732e+01
4.440779039907788217e+01
4.442546705502513049e+01
4.447102731254896923e+01
4.450732458015785653e+01
4.454387352118425270e+01
4.458990649733959799e+01
4.463594065410751455e+01
4.468142463874857384e+01
4.469988219446658206e+01
4.470926060985129169e+01
4.474615950435889999e+01
4.474615950435889999e+01
4.481995968342459236e+01
4.491092431882911740e+01
4.493799991048273768e+01
4.495597222132357018e+01
4.503829436847205159e+01
4.511239648980114936e+01
4.514867535446846603e+01
4.521299369886275343e+01
4.523995204085493071e+01
4.529447982006022499e+01
4.536756504561309100e+01
4.540451732674975460e+01
4.545883156680529424e+01
4.551231333908014420e+01
4.554882599404498933e+01
4.560389998335082851e+01
4.563085000200587871e+01
4.566663150313446806e+01
4.571306874122442565e+01
4.574043662671456190e+01
4.576850151220926932e+01
4.584185944909341970e+01
4.590642600253480765e+01
4.596095022508049510e+01
4.598836271759731886e+01
4.607943808989811885e+01
4.615240320052140532e+01
4.618036123610451682e+01
4.624463577101722223e+01
4.628089314689810863e+01
4.632677047871658260e+01
4.634466357042973783e+01
4.639050313555403449e+01
4.649192043676931263e+01
4.651961777325478664e+01
4.655615295695965727e+01
4.661082098609190183e+01
4.663854291961119003e+01
4.666604058535669708e+01
4.669373057662549087e+01
4.676703235572690431e+01
4.680265670123762334e+01
4.683925167498715325e+01
4.683925167498715325e+01
4.688485698847964045e+01
4.694011947548138153e+01
4.701315763197587216e+01
4.704983405281125641e+01
4.713167636654786463e+01
4.719584155987754315e+01
4.722286688442441260e+01
4.725009101836897685e+01
4.729587428540918381e+01
4.734143585607470328e+01
4.738786051281685019e+01
4.744176124142852302e+01
4.750594773176607077e+01
4.756981374963161358e+01
4.759719222312771336e+01
4.763404687276088367e+01
