1.000000000000000000e+00
9.518333333333324209e-01
9.196516943734006633e-01
8.948434548069288397e-01
8.751782217388967000e-01
8.589304821176989568e-01
8.452327682473336212e-01
8.336514737591322888e-01
8.236207379853394128e-01
8.147006187231454755e-01
8.066436957787875839e-01
7.992930909012782026e-01
7.925140206741703164e-01
7.863006344781062751e-01
7.804145943947027320e-01
7.748671228345656026e-01
7.694416794032403750e-01
7.642630472669240671e-01
7.594445449486296740e-01
7.549400937337246154e-01
7.506165184839427296e-01
7.465406519263428908e-01
7.426644598690808063e-01
7.388797299507473548e-01
7.351864330314757945e-01
7.317135487820703998e-01
7.284123959046913122e-01
7.251618330290838799e-01
7.219764013950404902e-01
7.187463747698132899e-01
7.155925655152667320e-01
7.125384413215989365e-01
7.095396919073233555e-01
7.065726207141804771e-01
7.036646406930009423e-01
7.007744264367821163e-01
6.980232257024495679e-01
6.953411408567765628e-01
6.925712618439761048e-01
6.898788715240422587e-01
6.872432676568520638e-01
6.846346107333056707e-01
6.821643115011427616e-01
6.796998933929390141e-01
6.773561290891297881e-01
6.750313526738854764e-01
6.727627593628114910e-01
6.705748052612754417e-01
6.683786951708897695e-01
6.662281665377054463e-01
6.640183204618087531e-01
6.618171773560393989e-01
6.596335141863773899e-01
6.574973723099022394e-01
6.554585449127822150e-01
6.534731507751122548e-01
6.514511444777549842e-01
6.494197825396542667e-01
6.474329100638606116e-01
6.454436173339311855e-01
6.435244211076316390e-01
6.416745208939387268e-01
6.397778424729313462e-01
6.379882326527355207e-01
6.361412401162914732e-01
6.343919939063228375e-01
6.343915709450285156e-01
6.344757665348264020e-01
6.345512118938095858e-01
6.347863735626867454e-01
6.349507832136225272e-01
6.352205740629860431e-01
6.355699202062523590e-01
6.359268821102009861e-01
6.362873559050072902e-01
6.366560164611996253e-01
6.371500486106463912e-01
6.375740819824740058e-01
6.380491681140489924e-01
6.385625632734296397e-01
6.390319586900435889e-01
6.394518666932207385e-01
6.399964434930351942e-01
6.407419595597469986e-01
6.413408970032196121e-01
6.418899836950433535e-01
6.424723011597134326e-01
6.431230473281478455e-01
6.436663444794094024e-01
6.442420019459619285e-01
6.448956057920827156e-01
6.454691038394990699e-01
6.460691848390878178e-01
6.466510842820576421e-01
6.471972579807367953e-01
6.477759617227742961e-01
6.483424045201724439e-01
6.489528510617253998e-01
6.495235151179731270e-01
6.500714063157373435e-01
6.506276301878639590e-01
6.511512927118771055e-01
6.517007692902351268e-01
6.522542901109461555e-01
6.527753283953330321e-01
6.533060940548365281e-01
6.538380888700681126e-01
6.543610496810451371e-01
6.548965480418168505e-01
6.553969521824715150e-01
6.558861285962026555e-01
6.563906039035021234e-01
6.568656272457329415e-01
6.573610170446912981e-01
6.578509377884761422e-01
6.583349732489962580e-01
6.587860374979187528e-01
6.592353577710539092e-01
6.596761221388631746e-01
6.601331378202602851e-01
6.605772242849238252e-01
6.610160495125573243e-01
6.614502335595752180e-01
6.619126861332772505e-01
6.623616206405164020e-01
6.627834250487171230e-01
6.631918598182564573e-01
6.636172117298931861e-01
6.640229872426951507e-01
6.644208111819479567e-01
6.648124158874495482e-01
6.652075702006627900e-01
6.655941243687140130e-01
6.659717037744061763e-01
6.663472889286468082e-01
6.667112562317327740e-01
6.670778461493300782e-01
6.674391804284511842e-01
6.677885689519524881e-01
6.681394969516726290e-01
6.684917295699994710e-01
6.688390708238987070e-01
6.691707554203760733e-01
6.694981009448798259e-01
6.698175617382233771e-01
6.701299211289283297e-01
6.704423609096746839e-01
6.707634069189176707e-01
6.710862978927996103e-01
6.714157046583324462e-01
6.717280355141255210e-01
6.720316890057758119e-01
6.723345052381327625e-01
6.726233121800885284e-01
6.729167482626274843e-01
6.732011255885089751e-01
6.734827755663106430e-01
6.737612143121778363e-01
6.740380688701073097e-01
6.743127905244986620e-01
6.745899562317909659e-01
6.748523448280390191e-01
6.751195985439798486e-01
6.753805156781641506e-01
6.756281698242893041e-01
6.758739247470257894e-01
6.761209802641482414e-01
6.763657133764712226e-01
6.765998232268137791e-01
6.768401877862590954e-01
6.770760078745126087e-01
6.773058601926860156e-01
6.775294591249663156e-01
6.777554207718992085e-01
6.779807151283522293e-01
6.782054462230475700e-01
6.784196780992808318e-01
6.786294629946150181e-01
6.788378465076850832e-01
6.790492844247255633e-01
6.792562245168385360e-01
6.794625885874464588e-01
6.796599621302508165e-01
6.798601556861636475e-01
6.800632945603546364e-01
6.802607238003077761e-01
6.804531230421215771e-01
6.806428615717823316e-01
6.808269136750065842e-01
6.810118105783310449e-01
6.811941993360778325e-01
6.813689813396820449e-01
6.815615211107904914e-01
6.817369998017267507e-01
6.819080445325685913e-01
6.820814349501270746e-01
6.822474549471249095e-01
6.824184968052062761e-01
6.825902908446682682e-01
6.827571178801664642e-01
6.829207543320180429e-01
6.830769812050371259e-01
6.832403102256473515e-01
6.833967736920031344e-01
6.835502440612717390e-01
6.837008732201929062e-01
6.838497782633549127e-01
6.840008900643994583e-01
6.841415910489164753e-01
6.842830277175742104e-01
6.844262139498679121e-01
6.845636648752538855e-01
6.847014101677730835e-01
6.848357649344098963e-01
6.849757211826126291e-01
6.851133243190814515e-01
6.852414097810962668e-01
6.853752873446093963e-01
6.855039667211005883e-01
6.856283841423724823e-01
6.857484879053131754e-01
6.858744048603843124e-01
6.859976239376999185e-01
6.861134691813473019e-01
6.862303423617506226e-01
6.863436523064398997e-01
6.864549087625536616e-01
6.865643758720065826e-01
6.866791386060026037e-01
6.867883517248106751e-01
6.868927334691277142e-01
6.870031259299015369e-01
6.871057943872689311e-01
6.872065735540866527e-01
6.873085564760768040e-01
6.874075247756499252e-01
6.875062897109007753e-01
6.876077342819819638e-01
6.877082591735289574e-01
6.878066235308345489e-01
6.878986037912662166e-01
6.879971910620625852e-01
6.880883493769711645e-01
6.881833547248130678e-01
6.882747924866251532e-01
6.883649830940615777e-01
6.884560245373597676e-01
6.885438907819388943e-01
6.886304610192497400e-01
6.887165204525120821e-01
6.887991052774379286e-01
6.888829551698879561e-01
6.889630213957859128e-01
6.890467973663215728e-01
6.891298678428867674e-01
6.892095014915582407e-01
6.892881211631253224e-01
6.893682727199527127e-01
6.894505680011936422e-01
6.895301616689405444e-01
6.896064323025195009e-01
6.896819182219069422e-01
6.897590814050130748e-01
6.898331015260401600e-01
6.899075163057228899e-01
6.899816530995795949e-01
6.900528676535993000e-01
6.901274682281892670e-01
6.901958748228430585e-01
6.902635501537496276e-01
6.903304023799854416e-01
6.903963833349781032e-01
6.904648471092817985e-01
6.905326065419776782e-01
6.905957294872885344e-01
6.906616190124630350e-01
6.907270597883019558e-01
6.907907020374818297e-01
6.908553226845208783e-01
6.909163737118643178e-01
6.909772118514426742e-01
6.910391353578468898e-01
6.910985183324285241e-01
6.911554654716265400e-01
6.912164778311593594e-01
6.912725903801534288e-01
6.913295387693163541e-01
6.913832504983784544e-01
6.914369190150986277e-01
6.914896366071617839e-01
6.915422760623751719e-01
6.915933994799174922e-01
6.916451810515679144e-01
6.916981562476673950e-01
6.917479447076766430e-01
6.917985501603266529e-01
6.918464730209276103e-01
6.918924149470528917e-01
6.919386247205038254e-01
6.919862670246833547e-01
6.920342068401775792e-01
6.920812171555554837e-01
6.921279074635476869e-01
6.921709064782849419e-01
6.922181787296572963e-01
6.922588788247817648e-01
6.923021190687609350e-01
6.923453963390272525e-01
6.923862174633076405e-01
6.924255961108336521e-01
6.924654827994725093e-01
6.925052059146434846e-01
6.925443684905689956e-01
6.925816789066721046e-01
6.926192827446816525e-01
6.926572487107673926e-01
6.926937897279451528e-01
6.927286022187818526e-01
6.927656470252999688e-01
6.928026425370351626e-01
6.928375734012292009e-01
6.928720060149657911e-01
6.929050745174850645e-01
6.929405511432679132e-01
6.929745455026246059e-01
6.930077675905254031e-01
6.930384108089903128e-01
6.930720638289894486e-01
6.931038691897196680e-01
6.931340783484968293e-01
6.931646340201673695e-01
6.931961178017773673e-01
6.932268070152529660e-01
6.932569947045020831e-01
6.932891710177275790e-01
6.933168250488985773e-01
6.933441010641780977e-01
6.933712615941647339e-01
6.933991418738629786e-01
6.934273479499475368e-01
6.934554531036376535e-01
6.934831420413946068e-01
6.935099120381410520e-01
6.935359144470883974e-01
6.935606186531539930e-01
6.935847371800649697e-01
6.936112089156865057e-01
6.936386234422865504e-01
6.936613669598246101e-01
6.936866811667194987e-01
6.937105738946329758e-01
6.937325821814102067e-01
6.937569834029538862e-01
6.937803059595626376e-01
6.938030603290394893e-01
6.938237861356384428e-01
6.938442311432776455e-01
6.938649956683257125e-01
6.938863727515806046e-01
6.939086692559410796e-01
6.939303117663930820e-01
6.939535188872995031e-01
6.939732606974812201e-01
6.939916885637750221e-01
6.940107497242751222e-01
6.940296279319221329e-01
6.940482523539635018e-01
6.940671055971544545e-01
6.940904034425996461e-01
6.941080648298170175e-01
6.941252633968884034e-01
6.941443470715609187e-01
6.941623971724111275e-01
6.941816144514431075e-01
6.941966249942338463e-01
6.942133561478159853e-01
6.942314667859638133e-01
6.942473892808703750e-01
6.942620499620865138e-01
6.942772330692598137e-01
6.942934090243733092e-01
6.943110825447013079e-01
6.943248807762979480e-01
6.943377327154314216e-01
6.943532554257193512e-01
6.943671801023357792e-01
6.943791459936177191e-01
6.943935086563076675e-01
6.944050273445563359e-01
6.944166993091702711e-01
6.944282482860461014e-01
6.944403931564218091e-01
6.944523564550343364e-01
6.944636633403256099e-01
6.944765574880836789e-01
6.944867694575065364e-01
6.944980369695127331e-01
6.945073496931556400e-01
6.945171267128239512e-01
6.945265419344514024e-01
6.945380830177292353e-01
6.945471208113737083e-01
6.945569269327207529e-01
6.945667399423391952e-01
6.945769434377112583e-01
6.945858539388787278e-01
6.945938156791343632e-01
6.946008500082763160e-01
6.946095715379922986e-01
6.946170375017608478e-01
6.946247996004650815e-01
6.946325243852048414e-01
6.946406826181789063e-01
6.946468607784449523e-01
6.946544136049319640e-01
6.946604972333405570e-01
6.946657102670710238e-01
6.946725098218066163e-01
6.946774783271203457e-01
6.946837498584815807e-01
6.946895808486833745e-01
6.946939226760933117e-01
6.946998779913632349e-01
6.947056624894930588e-01
6.947116034385324435e-01
6.947171404244167903e-01
6.947216272246560242e-01
6.947267181793356228e-01
6.947305896815627602e-01
6.947352837750004895e-01
6.947381920806345867e-01
6.947407571529484738e-01
6.947433599110017788e-01
6.947471067446662207e-01
6.947511762363894894e-01
6.947544247627406300e-01
6.947592460412710391e-01
6.947629970149538092e-01
6.947659594688473383e-01
6.947676090864307596e-01
6.947692873396671409e-01
6.947713028711963723e-01
6.947758015918832353e-01
6.947779502733369972e-01
6.947788382205353219e-01
6.947794774845155175e-01
6.947821465832396681e-01
6.947843494352272664e-01
6.947869444930853122e-01
6.947882391946801350e-01
6.947896964631177230e-01
6.947951065405152393e-01
6.947969417406885118e-01
6.947986836131337940e-01
6.947998378411673892e-01
6.948028546878802780e-01
6.948035980319688942e-01
6.948022589443888508e-01
6.948041410736155443e-01
6.948044185347438395e-01
6.948036087947775385e-01
6.948033993420799082e-01
6.948018894965731773e-01
6.948010755043843023e-01
6.948001655635890339e-01
6.947995148975855129e-01
6.947974421643438037e-01
6.947984127521107389e-01
6.947965260898442130e-01
6.947949938947232118e-01
6.947932966483186812e-01
6.947908359594046068e-01
6.947894746398407539e-01
6.947865448483371287e-01
6.947829293493325009e-01
6.947811265016176074e-01
6.947782296198279361e-01
6.947757794192694902e-01
6.947734411824585399e-01
6.947714647024730850e-01
6.947696049640862404e-01
6.947670347636146770e-01
6.947647742787297354e-01
6.947619778028828463e-01
6.947590888409459486e-01
6.947543369556734572e-01
6.947510843271348380e-01
6.947475177808860591e-01
6.947453403597362298e-01
6.947405696844891621e-01
6.947395244103887757e-01
6.947357410179354487e-01
6.947318251192626803e-01
6.947276776315756130e-01
6.947220185367366518e-01
6.947176124818115195e-01
6.947148166850264372e-01
6.947104698620674146e-01
6.947053482907514788e-01
6.947006960126307362e-01
6.946966045817442037e-01
6.946915260942734260e-01
6.946869499370394996e-01
6.946803077971815954e-01
6.946734585261111761e-01
6.946679680267081602e-01
6.946620272448547073e-01
6.946578262385666447e-01
6.946526208285422888e-01
6.946462796105707937e-01
6.946409674829220338e-01
6.946347780467431177e-01
6.946318555692656549e-01
6.946246062643995911e-01
6.946176635208217709e-01
6.946113053848192997e-01
6.946048905193251688e-01
6.945978968628410133e-01
6.945925818833147414e-01
6.945851195430866598e-01
6.945782579872460394e-01
6.945726408493491100e-01
6.945663853451747860e-01
6.945595032165716720e-01
6.945544366847882234e-01
6.945486038993544664e-01
6.945402333505802384e-01
6.945322002261806738e-01
6.945257600480831961e-01
6.945178343882767447e-01
6.945109330485981225e-01
6.945037292647973093e-01
6.944956867028302394e-01
6.944883724581145668e-01
6.944811590919498512e-01
6.944753602029993811e-01
6.944683916862713913e-01
6.944598780554785966e-01
6.944531068959323150e-01
6.944453731394680807e-01
6.944367133764786093e-01
6.944286192157399507e-01
6.944191095253704482e-01
6.944094602406777339e-01
6.944004626458919471e-01
6.943927624861617742e-01
6.943833596404681563e-01
6.943736147488244193e-01
6.943650911561484174e-01
6.943566806393512980e-01
6.943470083289986494e-01
6.943376609956111167e-01
6.943280505665799796e-01
6.943203960361450378e-01
6.943110322957538605e-01
6.943020927005892906e-01
6.942931257473992090e-01
6.942847915698745487e-01
6.942744834097411832e-01
6.942644867845741974e-01
6.942544949791203956e-01
6.942441028357998478e-01
6.942356104426437025e-01
6.942249891867257050e-01
6.942140631962504527e-01
6.942045513075784102e-01
6.941939129298977385e-01
6.941828959015335920e-01
6.941718947700011855e-01
6.941609967315307550e-01
6.941502040873211987e-01
6.941383099587574712e-01
6.941275181418091744e-01
6.941176205692508594e-01
6.941090192522325619e-01
6.940979930627355632e-01
6.940868592387182678e-01
6.940749822988966367e-01
6.940634618820989976e-01
6.940534252942370808e-01
6.940420453192913675e-01
6.940311601957948051e-01
6.940200026099776487e-01
6.940082742126202353e-01
6.939979916395195847e-01
6.939861588147679949e-01
6.939738236784954717e-01
6.939633420717485901e-01
6.939508558830189688e-01
6.939403768291344532e-01
6.939283354711835994e-01
6.939177604253771170e-01
6.939061735602665149e-01
6.938950443797746725e-01
6.938843686076099360e-01
6.938743361873173088e-01
6.938635860033113278e-01
6.938520073960543488e-01
6.938405948019963354e-01
6.938286708351414367e-01
6.938162646018269930e-01
6.938038362665204239e-01
6.937921296210095568e-01
6.937799329195538656e-01
6.937685198352012694e-01
6.937557424464538824e-01
6.937433534141765890e-01
6.937312661587924367e-01
6.937180418334096821e-01
6.937056424699337143e-01
6.936930993048734395e-01
6.936799709767889066e-01
6.936678486844373159e-01
6.936556485906203440e-01
6.936452266002198774e-01
6.936336074546008978e-01
6.936214884302720485e-01
6.936086178796674329e-01
6.935956822044514469e-01
6.935820905265586145e-01
6.935686880647794483e-01
6.935552396153547017e-01
6.935422984061949681e-01
6.935308622858136207e-01
6.935181741582102655e-01
6.935049906942893916e-01
6.934918561100906764e-01
6.934785608021128978e-01
6.934659412658298328e-01
6.934532957773583695e-01
6.934393582687405910e-01
6.934260030833254707e-01
6.934138952781410126e-01
6.934016338447878125e-01
6.933887083581966593e-01
6.933747088623607446e-01
6.933607676003507025e-01
6.933469014215946080e-01
6.933336095611899452e-01
6.933199593410721562e-01
6.933077869973522933e-01
6.932941079968828468e-01
6.932812495394324870e-01
6.932667198185535895e-01
6.932528583309749415e-01
6.932409026656678463e-01
6.932274213375041461e-01
6.932151269146094030e-01
6.932013702860797544e-01
6.931897293672295568e-01
6.931757540013863128e-01
6.931637585313552563e-01
6.931489707017222113e-01
6.931348264178464058e-01
6.931204992932334941e-01
6.931067811964148895e-01
6.930916437822327580e-01
6.930773860609146242e-01
6.930636795778626347e-01
6.930494867179521901e-01
6.930365390611327170e-01
6.930212616686770577e-01
6.930080622716643379e-01
6.929928076607357879e-01
6.929787219119851738e-01
6.929628259466525941e-01
6.929481825925755123e-01
6.929336793665712424e-01
6.929184062885562767e-01
6.929037375855869874e-01
6.928888220651586716e-01
6.928740755154287889e-01
6.928590881541820679e-01
6.928441144328618684e-01
6.928287979421697829e-01
6.928148444948378781e-01
6.927995125828247946e-01
6.927846429365018821e-01
6.927688312436641738e-01
6.927548831070111657e-01
6.927405956196622805e-01
6.927260207929024638e-01
6.927111355119075498e-01
6.926961201534741486e-01
6.926817552659005894e-01
6.926671542685336469e-01
6.926521126181917065e-01
6.926378183423347323e-01
6.926235718557081089e-01
6.926073339406890739e-01
6.925932550185239789e-01
6.925778925184166157e-01
6.925633035263625281e-01
6.925487193076870218e-01
6.925336161338225827e-01
6.925171547030753993e-01
6.925013180284059766e-01
6.924857187479226406e-01
6.924697641494753642e-01
6.924531302967189550e-01
6.924369699565697811e-01
6.924213012033233472e-01
6.924057294433724197e-01
6.923906985372976219e-01
6.923745984013138788e-01
6.923572164791929051e-01
6.923422885004286709e-01
6.923275620681728082e-01
6.923123938515778342e-01
6.922971390673322567e-01
6.922816696576867823e-01
6.922667669781346067e-01
6.922513905837369697e-01
6.922341013674375709e-01
6.922174809669918716e-01
6.922015771292406860e-01
6.921853845584974296e-01
6.921692997955485316e-01
6.921527247531522598e-01
6.921349859152001738e-01
6.921197134788573679e-01
6.921032952905125102e-01
6.920890423495285049e-01
6.920721448173492441e-01
6.920552053382497126e-01
6.920398833453822451e-01
6.920238076604615651e-01
6.920069678672926550e-01
6.919904525092246406e-01
6.919733945433654831e-01
6.919554118948328947e-01
6.919375589165571716e-01
6.919226497502171114e-01
6.919074506140714398e-01
6.918895726905529564e-01
6.918721389755211337e-01
6.918550183705369783e-01
6.918383444535564086e-01
6.918206839072931214e-01
6.918034119717404451e-01
6.917856748554062074e-01
6.917687269817024420e-01
6.917516740258805585e-01
6.917336770340213326e-01
6.917162642121499339e-01
6.917006186145022717e-01
6.916828411287241352e-01
6.916655886175226975e-01
6.916482269017956153e-01
6.916310996144697798e-01
6.916147284370712800e-01
6.915966919581763017e-01
6.915789600014689009e-01
6.915607350665066155e-01
6.915433032994218188e-01
6.915255643833114751e-01
6.915080297404635479e-01
6.914914869615352844e-01
6.914745987836083962e-01
6.914572486236691962e-01
6.914393987044016310e-01
6.914224682989545956e-01
6.914042111943727864e-01
6.913854611558482022e-01
6.913683761841434849e-01
6.913514372350032522e-01
6.913350673454949913e-01
6.913184091191721947e-01
6.912996983935266737e-01
6.912826496167950863e-01
6.912657016150631772e-01
6.912500294027459358e-01
6.912315925420684515e-01
6.912138966684275854e-01
6.911954381952354343e-01
6.911770393574079296e-01
6.911583223854698144e-01
6.911405587896213287e-01
6.911231238598323223e-01
6.911050285958986183e-01
6.910858625007045841e-01
6.910678090861713807e-01
6.910497137742733775e-01
6.910320585396264592e-01
6.910147829503465733e-01
6.909960457252996013e-01
6.909779140792865482e-01
6.909598433961775532e-01
6.909422597242190767e-01
6.909237951934776856e-01
6.909062156961287560e-01
6.908885768950551176e-01
6.908697098789013946e-01
6.908518310603323220e-01
6.908363877818232135e-01
6.908185046279032848e-01
6.908004745126190560e-01
6.907827819178996576e-01
6.907654326412820955e-01
6.907474615673422358e-01
6.907297529461637886e-01
6.907110906446629617e-01
6.906940660317437697e-01
6.906771868098711131e-01
6.906585859385123705e-01
6.906399973255638036e-01
6.906216697446957431e-01
6.906035430365838890e-01
6.905851200722041838e-01
6.905657362402787269e-01
6.905484688947328697e-01
6.905298976109274234e-01
6.905127434343897308e-01
6.904950226416535219e-01
6.904769184576257102e-01
6.904590433586492715e-01
6.904405828746937868e-01
6.904223229222700153e-01
6.904044851959720841e-01
6.903862459795504503e-01
6.903675332504530804e-01
6.903501138359061651e-01
6.903320870166129719e-01
6.903136309634426704e-01
6.902946213481984117e-01
6.902760642932039836e-01
6.902573418922903770e-01
6.902388851653813440e-01
6.902210346056751877e-01
6.902018915823567857e-01
6.901834576237323438e-01
6.901657208204481364e-01
6.901470704086279939e-01
6.901284200027296700e-01
6.901104350540294696e-01
6.900920739717650854e-01
6.900741301241353209e-01
6.900553616292597336e-01
6.900365183067438402e-01
6.900182577534893502e-01
6.900009668520010742e-01
6.899821006670902035e-01
6.899639830345830616e-01
6.899458314655197988e-01
6.899270892544060452e-01
6.899084134257337242e-01
6.898914781001700414e-01
6.898740527758863150e-01
6.898549459234595282e-01
6.898360213030413357e-01
6.898165053350348019e-01
6.897977334547104045e-01
6.897793717132307822e-01
6.897618119612782817e-01
6.897427568060777725e-01
6.897252189105823605e-01
6.897072584883963131e-01
6.896879838395704176e-01
6.896693102019927357e-01
6.896504161962339063e-01
6.896339603212565672e-01
6.896149720228909041e-01
6.895963733264468543e-01
6.895779726539356114e-01
6.895615555541337871e-01
6.895422300709735941e-01
6.895245262211537884e-01
6.895054545362740983e-01
6.894872941913754438e-01
6.894688474737716843e-01
6.894501805498398639e-01
6.894316918690686080e-01
6.894133617317037555e-01
6.893949800383855075e-01
6.893758712669069144e-01
6.893573645786428283e-01
6.893392287535214935e-01
6.893207333003226189e-01
6.893026345439209335e-01
6.892844206250690053e-01
6.892655917866065129e-01
6.892467994157273070e-01
6.892298330459979416e-01
6.892110018011951000e-01
6.891934039380176458e-01
6.891752935500360389e-01
6.891565601004123742e-01
6.891376034503349235e-01
6.891192139677799755e-01
6.891010269563411228e-01
6.890843347618371695e-01
6.890661736293766104e-01
6.890473757433972501e-01
6.890281575751600052e-01
6.890094536603560416e-01
6.889912300643959986e-01
6.889749896568818643e-01
6.889564855444781921e-01
6.889390121743420581e-01
6.889209567723502126e-01
6.889018186440322156e-01
6.888833559303749743e-01
6.888652753982449362e-01
6.888464620282228612e-01
6.888282431731286293e-01
6.888098036002522351e-01
6.887913541350666469e-01
6.887720295904651291e-01
6.887558541075367025e-01
6.887382049672694517e-01
6.887193710290356874e-01
6.887009504313365005e-01
6.886830264725657402e-01
6.886658643487126863e-01
6.886471910981596389e-01
6.886282218194148541e-01
6.886089984691450283e-01
6.885902934837995204e-01
6.885713370410151413e-01
6.885544822467969395e-01
6.885353730614878209e-01
6.885160814228367121e-01
6.884976965102294066e-01
6.884790753886383952e-01
6.884611659479027423e-01
6.884428397504397390e-01
6.884238731667479128e-01
6.884049591836478577e-01
6.883863573588027140e-01
6.883681228428314425e-01
6.883487745800025426e-01
6.883296893587718124e-01
6.883106029720862384e-01
6.882916046070559624e-01
6.882731000556270295e-01
6.882552592752345655e-01
6.882367848113932762e-01
6.882173064459286005e-01
6.881981537314143527e-01
6.881784310874481392e-01
6.881587895667015120e-01
6.881407033567258358e-01
6.881234233586418503e-01
6.881051289530983883e-01
6.880859114004042043e-01
6.880674928357762843e-01
6.880497883044420782e-01
6.880310932923208167e-01
6.880122654511297009e-01
6.879933755689476849e-01
6.879750369230173135e-01
6.879577044678302222e-01
6.879387138015568004e-01
6.879203609816108012e-01
6.879019873446362565e-01
6.878833022891076565e-01
6.878645621385400810e-01
6.878458574542294368e-01
6.878265578892636123e-01
6.878074919697144685e-01
6.877879409021007140e-01
6.877687996111460089e-01
6.877508997702425075e-01
6.877325752431101558e-01
6.877137704272577867e-01
6.876943690292388611e-01
6.876778058316130871e-01
6.876592560577691193e-01
6.876404636905872891e-01
6.876217225674371436e-01
6.876026643488448720e-01
6.875839800054224238e-01
6.875647368342676646e-01
6.875460931201640147e-01
6.875279545118735403e-01
6.875090533762091560e-01
6.874899990023702889e-01
6.874706730561159773e-01
6.874513974551622608e-01
6.874322557092638064e-01
6.874134579485050578e-01
6.873964222288820869e-01
6.873772920931149333e-01
6.873579767803416063e-01
6.873388756781819708e-01
6.873200701204343899e-01
6.873023029861589084e-01
6.872841941519728381e-01
6.872660238049743686e-01
6.872482172421561231e-01
6.872300974340703750e-01
6.872113620907179810e-01
6.871920220885505692e-01
6.871733343029327035e-01
6.871545783865241619e-01
6.871365626026829654e-01
6.871178521382216298e-01
6.870992900730105157e-01
6.870819143714099742e-01
6.870628611910067907e-01
6.870440338518811751e-01
