4.820341623865451175e-02
5.568636832585235896e-02
6.256721058933789603e-02
6.917050856208069309e-02
7.530905441098667552e-02
8.124212189553736696e-02
8.674401642569458393e-02
9.190134080872716660e-02
9.681836279249568522e-02
1.015059777317032230e-01
1.059987035938141087e-01
1.101361176620389987e-01
1.141997906004076496e-01
1.180272624307114326e-01
1.216353161218222401e-01
1.251686836477885756e-01
1.286272103809558420e-01
1.317756399176700510e-01
1.345354059603970365e-01
1.373739732704763739e-01
1.401741538088261685e-01
1.428191517988230130e-01
1.452583811481652498e-01
1.477547028996747391e-01
1.501230011086442384e-01
1.522931618651309493e-01
1.544934290535781574e-01
1.565783182097148507e-01
1.586084234021139239e-01
1.606106201176186465e-01
1.625014670359955227e-01
1.643397862537082921e-01
1.660613668509219321e-01
1.677671014030045760e-01
1.694416851844308125e-01
1.710498705199097469e-01
1.726462422675096309e-01
1.741569125733143930e-01
1.756064021946902309e-01
1.770505748571561955e-01
1.784359146059834589e-01
1.797721800862308039e-01
1.810774952306916097e-01
1.823251686353072332e-01
1.835746858092598133e-01
1.847968089386886614e-01
1.859649027694142420e-01
1.871307363777668931e-01
1.882366985911457513e-01
1.893108108053275229e-01
1.903579373416534881e-01
1.914138743342917448e-01
1.924404506612739096e-01
1.934470048408375442e-01
1.944039200436397108e-01
1.953480046766658540e-01
1.962703764000948703e-01
1.971707428909072191e-01
1.980124452023117321e-01
1.988432903334579893e-01
1.996818247548308167e-01
2.005127609215525686e-01
2.012994693426247705e-01
2.020867602664371265e-01
2.028614542396218468e-01
2.036216886143955018e-01
2.043571512565314774e-01
2.050818277677340928e-01
2.057965085761270796e-01
2.064945029174101998e-01
2.071871127311200600e-01
2.078581815598939675e-01
2.085177291935365607e-01
2.091741033991548759e-01
2.098117630917183396e-01
2.104301581514880504e-01
2.110375188456323770e-01
2.116483277433802712e-01
2.122485074590428900e-01
2.128429192658155833e-01
2.134307011894301942e-01
2.140036059333870755e-01
2.145528790090545368e-01
2.150857106207710590e-01
2.155985231889802622e-01
2.161175610163409977e-01
2.166332434726300216e-01
2.171373532943663143e-01
2.176458725616953749e-01
2.181362704926454177e-01
2.186262989438843285e-01
2.191076378437701866e-01
2.195811505607784264e-01
2.200460147041483072e-01
2.205019159656217143e-01
2.209445209136207677e-01
2.213941735732581906e-01
2.218280556408550319e-01
2.222589783354341486e-01
2.226957841398374827e-01
2.231251199334519375e-01
2.235433863114988651e-01
2.239552930823901222e-01
2.243706274636564357e-01
2.247697655538886674e-01
2.251659875074295547e-01
2.255601581849369097e-01
2.259533802262081170e-01
2.263360724069248819e-01
2.267110356042277841e-01
2.270791210081778422e-01
2.274512214051769843e-01
2.278208531071627685e-01
2.281844634340896016e-01
2.285373921527003860e-01
2.288885852034819035e-01
2.292334524194102885e-01
2.295814580691357687e-01
2.299193986346980134e-01
2.302473778302285834e-01
2.305751531167275215e-01
2.309025778788200978e-01
2.312268591465045098e-01
2.315511717439826811e-01
2.318682367566745617e-01
2.321822510393179995e-01
2.324990900265482829e-01
2.327903550458025328e-01
2.330950388867124856e-01
2.333991326916844133e-01
2.336947414776925636e-01
2.339935954939730556e-01
2.342816503672507378e-01
2.345633323272680870e-01
2.348455602459985081e-01
2.351262919026939346e-01
2.354103759876556012e-01
2.356813427648645765e-01
2.359555116002302888e-01
2.362281431764014505e-01
2.364994152683793927e-01
2.367678581704315277e-01
2.370297481842660037e-01
2.372987892710074487e-01
2.375625352005838742e-01
2.378201216884345826e-01
2.380797363532718980e-01
2.383347423567813150e-01
2.385893363574020654e-01
2.388339485734662926e-01
2.390765386689573946e-01
2.393262400876922658e-01
2.395656519058440570e-01
2.398069447365073492e-01
2.400493955951631952e-01
2.402931843285405489e-01
2.405265121630810188e-01
2.407595221462078827e-01
2.409970484664363255e-01
2.412302421015887488e-01
2.414637596932882324e-01
2.416961560467185688e-01
2.419271936996859884e-01
2.421487752245898295e-01
2.423734231057702304e-01
2.426003686128459236e-01
2.428174770918928860e-01
2.430399993965311478e-01
2.432615553653907914e-01
2.434786728705840564e-01
2.436961239175041150e-01
2.439108143229779257e-01
2.441194138754052001e-01
2.443263540072918572e-01
2.445328032892851444e-01
2.447435654801282112e-01
2.449442571693027371e-01
2.451504380860012877e-01
2.453495748085380568e-01
2.455500072634273223e-01
2.457492164421726522e-01
2.459449708277609004e-01
2.461415815271952856e-01
2.463370770987063085e-01
2.465306744578675269e-01
2.467255944674030255e-01
2.469166738275243023e-01
2.471095405132245904e-01
2.472960288963105269e-01
2.474809468608177576e-01
2.476672143273487559e-01
2.478523511867365692e-01
2.480335379445982313e-01
2.482101358926865342e-01
2.483876333915132628e-01
2.485664747741249125e-01
2.487440673254855683e-01
2.489174018955914724e-01
2.490924135011219898e-01
2.492647718643611343e-01
2.494355060299826565e-01
2.496075581201273041e-01
2.497737713869713216e-01
2.499447801743343300e-01
2.501146764251159782e-01
2.502835061347672418e-01
2.504514089149593725e-01
2.506147600110013585e-01
2.507770407047632544e-01
2.509425331965566275e-01
2.511030772132030187e-01
2.512622881526498375e-01
2.514217479725799897e-01
2.515785783577887957e-01
2.517373474553806778e-01
2.518947081094098372e-01
2.520490498548997316e-01
2.522045083316974967e-01
2.523611835744127285e-01
2.525115864604187133e-01
2.526659087925505753e-01
2.528176344273052045e-01
2.529713872687891496e-01
2.531235965008967193e-01
2.532752994190971552e-01
2.534254501522496539e-01
2.535758933364360423e-01
2.537241059681449307e-01
2.538695578264897335e-01
2.540169994197115644e-01
2.541621149607060093e-01
2.543086927547868470e-01
2.544559380829630735e-01
2.546014981400369637e-01
2.547441251421009856e-01
2.548851109574995499e-01
2.550255922985971146e-01
2.551650689860506804e-01
2.553073566487922830e-01
2.554434424778374568e-01
2.555855757060971900e-01
2.557237068376894684e-01
2.558605619474847992e-01
2.559987105150650644e-01
2.561372164110535810e-01
2.562738836429325207e-01
2.564095880151205376e-01
2.565446283547088147e-01
2.566804781368326460e-01
2.568148115004662002e-01
2.569475764134984130e-01
2.570807119163283083e-01
2.572145557345223987e-01
2.573448109569435038e-01
2.574739237485130228e-01
2.576042743797185008e-01
2.577340271968350804e-01
2.578641441616438823e-01
2.579906033646724994e-01
2.581175208842628743e-01
2.582441568065124704e-01
2.583726102224495613e-01
2.584967935883867307e-01
2.586218671986968420e-01
2.587476584579549432e-01
2.588720752722441509e-01
2.589944759101670546e-01
2.591166932477498852e-01
2.592385242509078203e-01
2.593570656377858774e-01
2.594796624376091154e-01
2.596017160102049859e-01
2.597229202731015096e-01
2.598424359430924202e-01
2.599606204322496006e-01
2.600780262083114414e-01
2.601948607555440440e-01
2.603118240856047150e-01
2.604287673697431305e-01
2.605462050383535177e-01
2.606633992702840352e-01
2.607772147497584569e-01
2.608891355357960684e-01
2.610051875611985595e-01
2.611176342772897896e-01
2.612307042300800464e-01
2.613450032518266353e-01
2.614558705269287575e-01
2.615670293609656527e-01
2.616781397106481277e-01
2.617905656768063083e-01
2.619024727299256727e-01
2.620132510178589946e-01
2.621225621790019833e-01
2.622300823657847113e-01
2.623375282904874539e-01
2.624425680837992880e-01
2.625505930025170409e-01
2.626592766674163415e-01
2.627665327607216494e-01
2.628732656960837133e-01
2.629795086339068999e-01
2.630847403422018060e-01
2.631845598942638143e-01
2.632896591934422159e-01
2.633945550035536876e-01
2.634967705249389169e-01
2.635992770896579684e-01
2.636998258792125904e-01
2.638042866705758716e-01
2.639061906738656149e-01
2.640059820965355852e-01
2.641074178024160890e-01
2.642095731195399644e-01
2.643105034056433822e-01
2.644097326852273833e-01
2.645066831600007551e-01
2.646070960180995080e-01
2.647079354134077578e-01
2.648052316454059252e-01
2.649036752054334531e-01
2.650035946462468983e-01
2.651003322767157555e-01
2.651995051445054097e-01
2.652979047323132944e-01
2.653958506103160642e-01
2.654924914673834624e-01
2.655887963641785920e-01
2.656852357834525447e-01
2.657794131455348263e-01
2.658758559384270526e-01
2.659705880119452304e-01
2.660668240375563265e-01
2.661619943058143867e-01
2.662569480830581647e-01
2.663491093958438860e-01
2.664434524508365598e-01
2.665364402708294556e-01
2.666288218788684938e-01
2.667202498451172188e-01
2.668124717314780958e-01
2.669052107761966663e-01
2.669984301689478090e-01
2.670893094503342668e-01
2.671810420111629947e-01
2.672719783517641945e-01
2.673624129929636495e-01
2.674518406537230164e-01
2.675429206954225148e-01
2.676320537044561965e-01
2.677222111064699317e-01
2.678128092202495258e-01
2.679012681779507354e-01
2.679911684453722964e-01
2.680792091764425122e-01
2.681671962925920583e-01
2.682563201881906223e-01
2.683432159241967430e-01
2.684299009117201429e-01
2.685159053457092937e-01
2.686019121418629085e-01
2.686885640383582796e-01
2.687741438625739776e-01
2.688605351932517595e-01
2.689456098776646931e-01
2.690321391672187978e-01
2.691186056660588299e-01
2.692045939371687790e-01
2.692889262221916380e-01
2.693725063837610345e-01
2.694565043419844819e-01
2.695384169746032343e-01
2.696210481029984729e-01
2.697040801098993801e-01
2.697881173259265020e-01
2.698716974687850323e-01
2.699545149527744492e-01
2.700342519907545369e-01
2.701161188036895200e-01
2.701989318681942143e-01
2.702816068696428653e-01
2.703617200131383513e-01
2.704419542302181068e-01
2.705213806298305546e-01
2.706018043811476148e-01
2.706816298006519683e-01
2.707569340995039653e-01
2.708356227353295176e-01
2.709140430510168507e-01
2.709926820652940327e-01
2.710690356165413317e-01
2.711473813110446551e-01
2.712275889047446320e-01
2.713040731965763452e-01
2.713818642801463232e-01
2.714604495003594686e-01
2.715380201016021622e-01
2.716166261065017795e-01
2.716941416246678731e-01
2.717713974783000919e-01
2.718480391638696259e-01
2.719258448073329504e-01
2.720000834720224803e-01
2.720770062546603585e-01
2.721531830570035893e-01
2.722292425715011621e-01
2.723057709006185823e-01
2.723807775257038877e-01
2.724571479981540145e-01
2.725339069597155217e-01
2.726084459974940644e-01
2.726837891596737840e-01
2.727583339955752528e-01
2.728324450212902264e-01
2.729058434031407798e-01
2.729788269199741046e-01
2.730522801412804679e-01
2.731250654657078059e-01
2.731981347494489287e-01
2.732709829492047660e-01
2.733454868936676108e-01
2.734181145097893118e-01
2.734907893310765670e-01
2.735616270888158730e-01
2.736349576761353819e-01
2.737040745903821515e-01
2.737757686440678295e-01
2.738472827481488459e-01
2.739187999118953831e-01
2.739916186097676176e-01
2.740628259400874622e-01
2.741320676571165627e-01
2.742026211347711184e-01
2.742737558578278168e-01
2.743440978347708170e-01
2.744136097309828326e-01
2.744838765029779526e-01
2.745533281433291672e-01
2.746246786452418709e-01
2.746959740112265291e-01
2.747655786703818714e-01
2.748353768487662441e-01
2.749030714385612972e-01
2.749715710623005238e-01
2.750410241941850797e-01
2.751091194840277199e-01
2.751778865815364683e-01
2.752429661528536520e-01
2.753123183525083562e-01
2.753811022995191760e-01
2.754489925782194759e-01
2.755167204628330979e-01
2.755848066027741794e-01
2.756508454616248271e-01
2.757189429038888195e-01
2.757861465632915343e-01
2.758517991712535755e-01
2.759178606870463790e-01
2.759843894676248244e-01
2.760487370133837270e-01
2.761136326825096021e-01
2.761809946398024462e-01
2.762477835948471405e-01
2.763126567702222092e-01
2.763788562325448228e-01
2.764437688393009962e-01
2.765087580315935267e-01
2.765743822065295232e-01
2.766390180619857642e-01
2.767033050818184514e-01
2.767658587256150438e-01
2.768294513204982987e-01
2.768944503255595935e-01
2.769574104731232222e-01
2.770211301822123606e-01
2.770856155341858140e-01
2.771493231447556549e-01
2.772142892034334394e-01
2.772791856264587018e-01
2.773431803274645779e-01
2.774056368092358005e-01
2.774696321079642147e-01
2.775337859759939296e-01
2.775964415137961439e-01
2.776588012568428909e-01
2.777222655806557694e-01
2.777851759209707394e-01
2.778481552435456137e-01
2.779089013239204320e-01
2.779712244777619579e-01
2.780329051871075485e-01
2.780944272041047105e-01
2.781550305577366045e-01
2.782175631274728111e-01
2.782795722911561298e-01
2.783413486872691744e-01
2.784033904239585633e-01
2.784632280865537157e-01
2.785251165113744598e-01
2.785871426549151320e-01
2.786474590240154425e-01
2.787088079476538471e-01
2.787703559552316968e-01
2.788317146199716379e-01
2.788927707940497269e-01
2.789535302784373894e-01
2.790152625135055575e-01
2.790756628696101083e-01
2.791349136668843656e-01
2.791926677885001595e-01
2.792527484512160041e-01
2.793127902615717972e-01
2.793734296872399936e-01
2.794335174685719236e-01
2.794918861584570480e-01
2.795514914114463068e-01
2.796103629422667103e-01
2.796693776242503149e-01
2.797288204447177518e-01
2.797865816859677612e-01
2.798457905777993471e-01
2.799053562471157108e-01
2.799628194149872962e-01
2.800222059952792719e-01
2.800793267005803333e-01
2.801379183534521977e-01
2.801947913053279837e-01
2.802525826067573944e-01
2.803097256197166209e-01
2.803662488595530244e-01
2.804219428561517957e-01
2.804781766668272280e-01
2.805351544880057557e-01
2.805917545074640973e-01
2.806487850157486919e-01
2.807061540112061881e-01
2.807633914176348999e-01
2.808197337689276596e-01
2.808764256156138228e-01
2.809321195254601555e-01
2.809891033316800901e-01
2.810455412202478298e-01
2.811015139976411614e-01
2.811585182525254134e-01
2.812144959051178228e-01
2.812704942596115365e-01
2.813269475482660931e-01
2.813822104971832050e-01
2.814373873052261610e-01
2.814905506066587848e-01
2.815448201751294954e-01
2.815994826315872390e-01
2.816547902375171053e-01
2.817100337628108409e-01
2.817658135422991816e-01
2.818212561797882043e-01
2.818766049637910776e-01
2.819312658786845005e-01
2.819842421958386192e-01
2.820383889386207654e-01
2.820928950844974192e-01
2.821472171503627835e-01
2.822015795546341521e-01
2.822551144641968213e-01
2.823085023407840843e-01
2.823631271769074247e-01
2.824170094755121263e-01
2.824694657801163356e-01
2.825219267543853108e-01
2.825749509658273539e-01
2.826289739201835460e-01
2.826828053854821277e-01
2.827364356634498588e-01
2.827893405214228495e-01
2.828424769245620474e-01
2.828939441070466576e-01
2.829468545163782989e-01
2.829987748973925021e-01
2.830523185230831573e-01
2.831050431249978461e-01
2.831556656034485697e-01
2.832077495191214767e-01
2.832584478500166925e-01
2.833105812485330333e-01
2.833603355466794427e-01
2.834124362356902904e-01
2.834623384860186501e-01
2.835150437772475662e-01
2.835669629523035473e-01
2.836189435800720582e-01
2.836701874059053274e-01
2.837227688243013080e-01
2.837743100933974305e-01
2.838251595830491580e-01
2.838764163009946384e-01
2.839262375173986497e-01
2.839783761956378161e-01
2.840282525679449499e-01
2.840801465632540879e-01
2.841306994206680425e-01
2.841830234943675260e-01
2.842339305771750535e-01
2.842845654590908100e-01
2.843359028248697018e-01
2.843865126427917445e-01
2.844372510480471794e-01
2.844877085928483873e-01
2.845382999424501680e-01
2.845887815241352481e-01
2.846394983749819252e-01
2.846886975082493221e-01
2.847392087284621454e-01
2.847891326968329251e-01
2.848399321288416775e-01
2.848886817014576467e-01
2.849376722890112346e-01
2.849868730422667196e-01
2.850362660825206396e-01
2.850857104310541845e-01
2.851343410822622104e-01
2.851831283611672152e-01
2.852322746246869767e-01
2.852805502627597245e-01
2.853286838162117367e-01
2.853787781662838752e-01
2.854265224683235069e-01
2.854755095467388926e-01
2.855236000704525767e-01
2.855715851411699258e-01
2.856199929450141117e-01
2.856697220859372721e-01
2.857186951907838557e-01
2.857673242372010813e-01
2.858162231026163402e-01
2.858657291251813781e-01
2.859146452688031137e-01
2.859629646321402707e-01
2.860110759557696891e-01
2.860585403116938652e-01
2.861069898431781167e-01
2.861566937983147096e-01
2.862037754680783475e-01
2.862505009088916474e-01
2.862976057226104265e-01
2.863447049437352621e-01
2.863919325986403752e-01
2.864384951746040131e-01
2.864854431565448944e-01
2.865343143094284395e-01
2.865823859950763497e-01
2.866296329536290877e-01
2.866770670531842424e-01
2.867243308705101357e-01
2.867720053634724153e-01
2.868207997309686341e-01
2.868669217339575028e-01
2.869141652603067194e-01
2.869590550833006071e-01
2.870066238110539070e-01
2.870541523723934563e-01
2.870999313052694513e-01
2.871463894348150747e-01
2.871935371498408607e-01
2.872402732399807479e-01
2.872874951738983995e-01
2.873355843130439013e-01
2.873834530850156721e-01
2.874281363256357968e-01
2.874730750353447495e-01
2.875207219723236451e-01
2.875678200056604461e-01
2.876145157918028605e-01
2.876606555410938793e-01
2.877077440931321006e-01
2.877543398472875991e-01
2.878013332827277782e-01
2.878474245250184360e-01
2.878935340454040204e-01
2.879405597597257116e-01
2.879868935666283214e-01
2.880313174915311580e-01
2.880778729046900577e-01
2.881238154082137459e-01
2.881697784642721083e-01
2.882154213807755494e-01
2.882602058504868947e-01
2.883066375891646382e-01
2.883526689852052849e-01
2.883991359940216159e-01
2.884446989751647261e-01
2.884905052845975204e-01
2.885360150377657695e-01
2.885804307580993044e-01
2.886251366569322907e-01
2.886702361563461272e-01
2.887157905855262663e-01
2.887603106048882706e-01
2.888061231824162745e-01
2.888523729595396383e-01
2.888968164809666006e-01
2.889410145669576990e-01
2.889845853545798260e-01
2.890283681422002870e-01
2.890742114345627445e-01
2.891182587120047498e-01
2.891621246905292097e-01
2.892045905331986910e-01
2.892498628759250234e-01
2.892942814241875604e-01
2.893394399335499911e-01
2.893844591821294610e-01
2.894297370251642798e-01
2.894739430410284142e-01
2.895177481228956573e-01
2.895621803938146499e-01
2.896076376091668014e-01
2.896518587273562151e-01
2.896960571945038643e-01
2.897397456858725739e-01
2.897829530045574198e-01
2.898276235722986871e-01
2.898716022128878800e-01
2.899154485369564438e-01
2.899587120898802217e-01
2.900028296938752526e-01
2.900459515721948711e-01
2.900890874750385873e-01
2.901334226607900635e-01
2.901766724381742990e-01
2.902173378062909981e-01
2.902604616639731239e-01
2.903036708884092487e-01
2.903464440104246980e-01
2.903888053667083580e-01
2.904317596201956841e-01
2.904743761834076010e-01
2.905179086983857850e-01
2.905596878860777221e-01
2.906012491007221032e-01
2.906445345145659553e-01
2.906877457770442597e-01
2.907306185478793492e-01
2.907732291898847410e-01
2.908160750850993237e-01
2.908598487311570002e-01
2.909013874510490427e-01
2.909441968322290517e-01
2.909854892531953952e-01
2.910272986970492415e-01
2.910694440312839304e-01
2.911112857900790551e-01
2.911536637740692601e-01
2.911957891802549048e-01
2.912374088009321849e-01
2.912794043936359767e-01
2.913218057206722889e-01
2.913628161287155072e-01
2.914043920720144620e-01
2.914463566941343231e-01
2.914888369305738136e-01
2.915307937895073587e-01
2.915728669489474068e-01
2.916146080294856890e-01
2.916556583314810491e-01
2.916979815020812605e-01
2.917395206645114758e-01
2.917802883316095719e-01
2.918219315623172827e-01
2.918635115895210630e-01
2.919043625255554053e-01
2.919455284555715346e-01
2.919862154309034175e-01
2.920277065769029678e-01
2.920692177514637167e-01
2.921100685326364910e-01
2.921498470200297737e-01
2.921912102332141492e-01
2.922317456708191652e-01
2.922722615067266938e-01
2.923133334997811694e-01
2.923542802333506385e-01
2.923933910843984907e-01
2.924329298634014140e-01
2.924741583444739335e-01
2.925151460241339763e-01
2.925566915631011011e-01
2.925974198014392735e-01
2.926376638839786049e-01
2.926770193276833076e-01
2.927178797698649637e-01
2.927571260871067449e-01
2.927967464148286125e-01
2.928376752361466218e-01
2.928779335939754591e-01
2.929183618627467234e-01
2.929562420764738051e-01
2.929966656540797243e-01
2.930366355399408596e-01
2.930763568879415915e-01
2.931139613694764834e-01
2.931545313806848685e-01
2.931933824838297009e-01
2.932335870347541062e-01
2.932727995504761931e-01
2.933122626552843171e-01
2.933519096527148484e-01
2.933913081541719148e-01
2.934305091906861396e-01
2.934697012430670382e-01
2.935096000091079183e-01
2.935488316717769774e-01
2.935876182577042970e-01
2.936267444075044697e-01
2.936654046084692382e-01
2.937041430003640707e-01
2.937434681371555167e-01
2.937826945295733960e-01
2.938199965708195305e-01
2.938591728250879997e-01
2.938970232887200273e-01
2.939353567662644773e-01
2.939742984082607258e-01
2.940134192412596770e-01
2.940519105895444962e-01
2.940901481091535152e-01
2.941267997712744275e-01
2.941649112740289951e-01
2.942036307798817640e-01
2.942427416332087931e-01
2.942812765960489130e-01
2.943192788243097491e-01
2.943551756293107946e-01
2.943933694831157855e-01
2.944304502150580372e-01
2.944680887488562715e-01
2.945068030032001460e-01
2.945447706021593892e-01
2.945822949157714810e-01
2.946205375853829800e-01
2.946581292556406662e-01
2.946958970111731579e-01
2.947336357375164861e-01
2.947722307451555168e-01
2.948075208197664665e-01
2.948443053139573888e-01
2.948822601773551932e-01
2.949197597777137858e-01
2.949566965853490652e-01
2.949927946380641042e-01
2.950304205819742065e-01
2.950683098256159376e-01
2.951064123798578520e-01
2.951439411228821141e-01
2.951816830520100909e-01
2.952172161676028250e-01
2.952550360120933526e-01
2.952930039727622580e-01
2.953299948036787193e-01
2.953671851575167540e-01
2.954035847830310813e-01
2.954403935961104066e-01
2.954778118067369896e-01
2.955151450686148151e-01
2.955521093060267113e-01
2.955886559523289159e-01
2.956263116975124672e-01
2.956636537974431378e-01
2.957009577573071479e-01
2.957381281143192098e-01
2.957747465932535347e-01
2.958106265343000141e-01
2.958471372532684440e-01
2.958846439791779082e-01
2.959217797216949775e-01
2.959594574907186693e-01
2.959970127708912435e-01
2.960329237793506429e-01
2.960679707440252439e-01
2.961040232538266204e-01
2.961409902226757596e-01
2.961771008626453705e-01
2.962124143891490258e-01
2.962487208104518932e-01
2.962851303090819899e-01
2.963215707327666593e-01
2.963574040391753761e-01
2.963921595876894965e-01
2.964285834394272956e-01
2.964643213533444954e-01
2.965000420417326921e-01
2.965360379358873977e-01
2.965720559307776227e-01
2.966080105427124081e-01
2.966445310488488030e-01
2.966807741384053787e-01
2.967174784752862338e-01
2.967537204381682225e-01
2.967886547450404033e-01
2.968239886995160948e-01
2.968597767508950325e-01
2.968961451064653922e-01
2.969295542845579172e-01
2.969649755818692949e-01
2.970006040670783443e-01
2.970361522707037349e-01
2.970719916573047459e-01
2.971074093388265114e-01
2.971433626248521365e-01
2.971786702042493178e-01
2.972134123291311769e-01
2.972489102408315542e-01
2.972845349674791970e-01
2.973204012178646272e-01
2.973561812468538679e-01
2.973917906204243677e-01
2.974270061868579673e-01
2.974603824806228980e-01
2.974958755261358778e-01
2.975315248340174024e-01
2.975669182676151658e-01
2.976019754787205818e-01
2.976359178354529011e-01
2.976701913479983808e-01
2.977044855213635821e-01
2.977383851799675907e-01
2.977725784410376053e-01
2.978073601707432738e-01
2.978427329827199044e-01
2.978774011788198339e-01
2.979121094290032579e-01
2.979460203901117543e-01
2.979806147923610427e-01
2.980150251218177115e-01
2.980481701459767874e-01
2.980830169856523160e-01
2.981175977824768175e-01
