0.000000000000000000e+00
4.816666666666757912e-02
8.034830562659933673e-02
1.051565451930711603e-01
1.248217782611033000e-01
1.410695178823010432e-01
1.547672317526663788e-01
1.663485262408677112e-01
1.763792620146605872e-01
1.852993812768545245e-01
1.933563042212124161e-01
2.007069090987217974e-01
2.074859793258296836e-01
2.136993655218937249e-01
2.195854056052972680e-01
2.251328771654343974e-01
2.305583205967596250e-01
2.357369527330759329e-01
2.405554550513703260e-01
2.450599062662753846e-01
2.493834815160572704e-01
2.534593480736571092e-01
2.573355401309191937e-01
2.611202700492526452e-01
2.648135669685242055e-01
2.682864512179296002e-01
2.715876040953086878e-01
2.748381669709161201e-01
2.780235986049595098e-01
2.812536252301867101e-01
2.844074344847332680e-01
2.874615586784010635e-01
2.904603080926766445e-01
2.934273792858195229e-01
2.963353593069990577e-01
2.992255735632178837e-01
3.019767742975504321e-01
3.046588591432234372e-01
3.074287381560238952e-01
3.101211284759577413e-01
3.127567323431479362e-01
3.153653892666943293e-01
3.178356884988572384e-01
3.203001066070609859e-01
3.226438709108702119e-01
3.249686473261145236e-01
3.272372406371885090e-01
3.294251947387245583e-01
3.316213048291102305e-01
3.337718334622945537e-01
3.359816795381912469e-01
3.381828226439606011e-01
3.403664858136226101e-01
3.425026276900977606e-01
3.445414550872177850e-01
3.465268492248877452e-01
3.485488555222450158e-01
3.505802174603457333e-01
3.525670899361393884e-01
3.545563826660688145e-01
3.564755788923683610e-01
3.583254791060612732e-01
3.602221575270686538e-01
3.620117673472644793e-01
3.638587598837085268e-01
3.174045898550226230e-01
3.099220607291190976e-01
3.029570228758357020e-01
2.962782795441097350e-01
2.899045720263265791e-01
2.838070948908401059e-01
2.780354095113193869e-01
2.725287389850205022e-01
2.672547550973033426e-01
2.622066663632894867e-01
2.573452799449862383e-01
2.527138337273145963e-01
2.482261274171183585e-01
2.439235694552395750e-01
2.398021206047481202e-01
2.357993576621678355e-01
2.319209229258234195e-01
2.282279165892947548e-01
2.247226344798559650e-01
2.212851297263040140e-01
2.179358624961304780e-01
2.147085470414635544e-01
2.116185715236869047e-01
2.085789526209158584e-01
2.056349969453938331e-01
2.028112323427863350e-01
2.000374671069227728e-01
1.973524969511973315e-01
1.947404923158284340e-01
1.921921219016445581e-01
1.897225712412301812e-01
1.873178092261192640e-01
1.849857820873526681e-01
1.827093834790222970e-01
1.804869084998318440e-01
1.783224992922262941e-01
1.762024650206132637e-01
1.741423181364504802e-01
1.721393076943636136e-01
1.701740967475107724e-01
1.682579913391800130e-01
1.663897310437010835e-01
1.645614550882632532e-01
1.627782833228759163e-01
1.610283620082686717e-01
1.593170624651086831e-01
1.576444933270836346e-01
1.560036363765001655e-01
1.544022843641629505e-01
1.528382514061963349e-01
1.513070894093502539e-01
1.498000881677895024e-01
1.483241915676721812e-01
1.468768730202992812e-01
1.454629421361000041e-01
1.440747710384103208e-01
1.427135740873478054e-01
1.413790235495175629e-01
1.400748686644110175e-01
1.387950890260256087e-01
1.375347501964520602e-01
1.362953792601909742e-01
1.350833189274820434e-01
1.338902524908677227e-01
1.327177345784301965e-01
1.315658954981549500e-01
1.304352785428057326e-01
1.293240478635518942e-01
1.282317876494667441e-01
1.271582081539429920e-01
1.261016310371471660e-01
1.250639722907759543e-01
1.240430903780122551e-01
1.230373276488926360e-01
1.220487399566090314e-01
1.210781122785124786e-01
1.201234103304689160e-01
1.191809168362436555e-01
1.182533915960772841e-01
1.173395189959610396e-01
1.164393776816414761e-01
1.155540331569382406e-01
1.146837140720277926e-01
1.138279914864293307e-01
1.129857721526872916e-01
1.121544034695334813e-01
1.113350675215941665e-01
1.105281414675009233e-01
1.097308152582160967e-01
1.089469812447270980e-01
1.081725754676066964e-01
1.074095865899191704e-01
1.066576351270437373e-01
1.059159164257443830e-01
1.051852935098796238e-01
1.044655228545882664e-01
1.037534815987027903e-01
1.030523458151651195e-01
1.023605059864017008e-01
1.016760460358732132e-01
1.010009553195222731e-01
1.003356334243528936e-01
9.967899354113865518e-02
9.902954930952978518e-02
9.839004665985223719e-02
9.775800461805783659e-02
9.713398162237707467e-02
9.651716064882556734e-02
9.590850682117590953e-02
9.530824926741998659e-02
9.471543276877458784e-02
9.412910049554218395e-02
9.354968389822221342e-02
9.297769005822531518e-02
9.241332342257405075e-02
9.185519027967956052e-02
9.130395899314325270e-02
9.075857980061341479e-02
9.022044567913833912e-02
8.968932760941678017e-02
8.916412308296470246e-02
8.864429907905832517e-02
8.813027928171315861e-02
8.762191458101073471e-02
8.711995266499439339e-02
8.662354962460416807e-02
8.613192863376967212e-02
8.564812384340697582e-02
8.516796131156076366e-02
8.469282277574699536e-02
8.422382357218036186e-02
8.375894955890203497e-02
8.329985282754298614e-02
8.284637682806364478e-02
8.239732187383502771e-02
8.195295376528802245e-02
8.151264280730727285e-02
8.107834700948807205e-02
8.064771470776657680e-02
8.022161276232681049e-02
7.979971151142770114e-02
7.938236356621355960e-02
7.896936175133453806e-02
7.855961968007607599e-02
7.815443708184191540e-02
7.775366436169750539e-02
7.735659877147421648e-02
7.696384747544560145e-02
7.657489870818803834e-02
7.619033024392107833e-02
7.581013701196115395e-02
7.543235013121146748e-02
7.505906074954654672e-02
7.468908854239206252e-02
7.432222026246432245e-02
7.395832776614627568e-02
7.359908297653466880e-02
7.324285391609219875e-02
7.288948235221637262e-02
7.253941553666062858e-02
7.219258800027186784e-02
7.184893519072776957e-02
7.150843042830742902e-02
7.117208616940756682e-02
7.083822516941909453e-02
7.050689791802636219e-02
7.017939697820557710e-02
6.985420621619992110e-02
6.953187108052255594e-02
6.921277065333913958e-02
6.889635130684595987e-02
6.858289596612129890e-02
6.827285184261283613e-02
6.796538681917918545e-02
6.766057317988030673e-02
6.735783072860557219e-02
6.705855176863467770e-02
6.676121253702754776e-02
6.646707046664887542e-02
6.617520024994752448e-02
6.588580046376577015e-02
6.559900463487933209e-02
6.531452769086582011e-02
6.503246188204395151e-02
6.475280508962039105e-02
6.447530025515904595e-02
6.420037100258774165e-02
6.392743809098949681e-02
6.365717373736790030e-02
6.338918529629547494e-02
6.312328418109300343e-02
6.285952765013810839e-02
6.259818933544905595e-02
6.233929610611982364e-02
6.208220493954619279e-02
6.182709292335558660e-02
6.157401445260748951e-02
6.132351669939545280e-02
6.107448497283785027e-02
6.082771182991597581e-02
6.058284087043774857e-02
6.033957422627339584e-02
6.009876038483941141e-02
5.985934500282261150e-02
5.962177342113439416e-02
5.938609148524731651e-02
5.915220775006252429e-02
5.892039287971684303e-02
5.869035275325906742e-02
5.846173731615483815e-02
5.823530377433394634e-02
5.801065205904820665e-02
5.778754998993818059e-02
5.756609895769032592e-02
5.734627883275500437e-02
5.712808003914748856e-02
5.691181478725337861e-02
5.669697333587397914e-02
5.648335095396073147e-02
5.627193570842192738e-02
5.606150082729599582e-02
5.585282680337844141e-02
5.564536223283239602e-02
5.543948448400465301e-02
5.523506397374106092e-02
5.503227378537517422e-02
5.483070718364646545e-02
5.463071298028715495e-02
5.443228592584287151e-02
5.423505587261179262e-02
5.403933487896733778e-02
5.384483422428554267e-02
5.365164696998403482e-02
5.345987713945921094e-02
5.326960783321565973e-02
5.308068220232287082e-02
5.289319054584740165e-02
5.270702355040163267e-02
5.252173687292277515e-02
5.233837879250524683e-02
5.215554546912104517e-02
5.197417409354959661e-02
5.179404171348794828e-02
5.161507202162729513e-02
5.143718747811276693e-02
5.126063355759497009e-02
5.108520607023597782e-02
5.091100315472218973e-02
5.073784295649524934e-02
5.056590575485214734e-02
5.039517487573419441e-02
5.022549835572653887e-02
5.005684204669574866e-02
4.988954201775652741e-02
4.972343371445181459e-02
4.955815221905229828e-02
4.939396678819912845e-02
4.923078132087105319e-02
4.906884549205958734e-02
4.890793361311251974e-02
4.874807560296212650e-02
4.858897896856012588e-02
4.843114258262382066e-02
4.827426361158349000e-02
4.811826319354822745e-02
4.796329070758847957e-02
4.780940628805557813e-02
4.765649973699714881e-02
4.750448104459009668e-02
4.735376334448654356e-02
4.720351251349230726e-02
4.705418292561691640e-02
4.690581813273375644e-02
4.675842218304460118e-02
4.661203161780286264e-02
4.646652068805090519e-02
4.632199720306134916e-02
4.617826387625423301e-02
4.603531818316847213e-02
4.589317630849248930e-02
4.575186354965099511e-02
4.561157633455503735e-02
4.547224102191738115e-02
4.533344547897683041e-02
4.519568455599071166e-02
4.505872187528697781e-02
4.492241456676315803e-02
4.478714607011735627e-02
4.465266467947170970e-02
4.451879996031238296e-02
4.438564818755524888e-02
4.425329612679668179e-02
4.412175331381529286e-02
4.399106506941741213e-02
4.386124837827420908e-02
4.373215994311946409e-02
4.360391302890120890e-02
4.347614630000173896e-02
4.334903476880863638e-02
4.322271751500322834e-02
4.309710637199415384e-02
4.297223901212959829e-02
4.284815406064373944e-02
4.272503666313653969e-02
4.260227597674076661e-02
4.248018159955790907e-02
4.235888240350016432e-02
4.223832573793090406e-02
4.211855966934430207e-02
4.199908833519028217e-02
4.188045317831839975e-02
4.176255111750060145e-02
4.164519291671353596e-02
4.152837691837352185e-02
4.141226352509680408e-02
4.129685829039930756e-02
4.118223429529793700e-02
4.106802320560254405e-02
4.095433187116082063e-02
4.084151292887472362e-02
4.072914469223076761e-02
4.061725936013538263e-02
4.050615906697657698e-02
4.039546751093825439e-02
4.028539595851643451e-02
4.017590110363783440e-02
4.006711537619472852e-02
3.995884718078707154e-02
3.985110087622184549e-02
3.974402936638149475e-02
3.963737460406641100e-02
3.953137501854203650e-02
3.942582626928803347e-02
3.932087898136166215e-02
3.921650998249043285e-02
3.911280758642687871e-02
3.900942673778973191e-02
3.890663279644979156e-02
3.880443817879231094e-02
3.870280671717152288e-02
3.860167432964317635e-02
3.850097354466897048e-02
3.840071982277587503e-02
3.830111901167343458e-02
3.820192048707615751e-02
3.810322204777072397e-02
3.800506262183150907e-02
3.790747672809807733e-02
3.781021852613253298e-02
3.771353269061183955e-02
3.761729166018951132e-02
3.752148051267945039e-02
3.742622200024264822e-02
3.733135322750735785e-02
3.723704096507590711e-02
3.714322285872456719e-02
3.704975713571606599e-02
3.695690608444002212e-02
3.686443659878679835e-02
3.677249121575826285e-02
3.668094743372030120e-02
3.658980873698569614e-02
3.649913795809039962e-02
3.640887512518548030e-02
3.631910634733481746e-02
3.622966875214661542e-02
3.614063718099269629e-02
3.605204615182944217e-02
3.596396703314214127e-02
3.587631737984947611e-02
3.578907089527488816e-02
3.570233698412572654e-02
3.561595488204771787e-02
3.552996042125328158e-02
3.544427358764273839e-02
3.535901519154782680e-02
3.527418217602917849e-02
3.518994641736222784e-02
3.510593092297348283e-02
3.502222991127046381e-02
3.493891564584161724e-02
3.485613340362198054e-02
3.477369633455462683e-02
3.469167487708413322e-02
3.460995642417225016e-02
3.452867373623030867e-02
3.444795935998079539e-02
3.436743552398197066e-02
3.428727333584935533e-02
3.420748009353857810e-02
3.412810969557839025e-02
3.404902065698645064e-02
3.397015215086651718e-02
3.389178572980811044e-02
3.381371718510983726e-02
3.373594170486299282e-02
3.365858055631792967e-02
3.358148439692504317e-02
3.350478287094782459e-02
3.342843695811087423e-02
3.335244593854486128e-02
3.327671302832324596e-02
3.320150377586678081e-02
3.312646765549542849e-02
3.305182304827319895e-02
3.297746078018015670e-02
3.290339313997681092e-02
3.282974783445535838e-02
3.275630715350885680e-02
3.268316369095197738e-02
3.261042750088832820e-02
3.253798122049827990e-02
3.246588658515525694e-02
3.239411379625123377e-02
3.232269189438613521e-02
3.225156811593965500e-02
3.218068509510485509e-02
3.211016025556245879e-02
3.203988744766822494e-02
3.196992820984928541e-02
3.190017615065893208e-02
3.183080116307585028e-02
3.176169288803737389e-02
3.169303255144789722e-02
3.162447263937545605e-02
3.155640099922907282e-02
3.148849033799672181e-02
3.142089213258847380e-02
3.135352245652900383e-02
3.128636285349573054e-02
3.121956157810101828e-02
3.115311565785700010e-02
3.108690900316146699e-02
3.102089585142070449e-02
3.095520615259844677e-02
3.088978568727296370e-02
3.082459740274862137e-02
3.075972191963133318e-02
3.069501355757653371e-02
3.063056746266229480e-02
3.056645330290996831e-02
3.050259590637904861e-02
3.043910232287205808e-02
3.037580810915718743e-02
3.031269619524412651e-02
3.024991303305024637e-02
3.018733537172041403e-02
3.012517827788069313e-02
3.006307538309205274e-02
3.000123417965905315e-02
2.993970203696122434e-02
2.987838901784173329e-02
2.981729653438480732e-02
2.975657265506043148e-02
2.969593755302452065e-02
2.963559544946242630e-02
2.957555997939731451e-02
2.951575396777883498e-02
2.945610731580350361e-02
2.939682630182804957e-02
2.933776341813593147e-02
2.927877200961731541e-02
2.922001617897218573e-02
2.916158318169459474e-02
2.910330937917843253e-02
2.904529811210088130e-02
2.898751270360916399e-02
2.892993109064023738e-02
2.887260947989966908e-02
2.881553582623169740e-02
2.875878107138557516e-02
2.870215699323031000e-02
2.864567161896180991e-02
2.858948263094446274e-02
2.853349667831955871e-02
2.847767108933557667e-02
2.842205763950439446e-02
2.836660127119611241e-02
2.831135413286356428e-02
2.825635702664347493e-02
2.820160070460242530e-02
2.814700825156762898e-02
2.809259927518165112e-02
2.803846733005543879e-02
2.798451810380581106e-02
2.793072609034558118e-02
2.787716308341814386e-02
2.782379418987440678e-02
2.777070263993453025e-02
2.771774322648418165e-02
2.766500211230316086e-02
2.761244704849608045e-02
2.756017787238884686e-02
2.750795346278600562e-02
2.745594092426967281e-02
2.740415633361042991e-02
2.735250674024158890e-02
2.730116147080258182e-02
2.724989430189983519e-02
2.719879414883441537e-02
2.714798966840614725e-02
2.709727912244841441e-02
2.704674814323471121e-02
2.699639061002717666e-02
2.694623247441951808e-02
2.689626563424141192e-02
2.684642752773697127e-02
2.679681898858071731e-02
2.674746576386477503e-02
2.669831295926727854e-02
2.664925848604843273e-02
2.660035049970993493e-02
2.655158801386336975e-02
2.650302064932907875e-02
2.645468854730587127e-02
2.640646326926232579e-02
2.635847686193848460e-02
2.631061976577203643e-02
2.626290534266201293e-02
2.621542667451265407e-02
2.616805060743265798e-02
2.612082007438881748e-02
2.607383851326411373e-02
2.602693812170175924e-02
2.598029647028521349e-02
2.593374617536420290e-02
2.588744826929489928e-02
2.584124383297609073e-02
2.579523000050870651e-02
2.574938253283703959e-02
2.570372095653089550e-02
2.565823732986144412e-02
2.561283811593989546e-02
2.556765069053956729e-02
2.552254414910987146e-02
2.547758138696681884e-02
2.543277231584467613e-02
2.538813661006278366e-02
2.534364146483231162e-02
2.529936063933857504e-02
2.525515422186602743e-02
2.521110536557558124e-02
2.516721984356640185e-02
2.512343991406490451e-02
2.507986162494846294e-02
2.503640643551502398e-02
2.499308147494500032e-02
2.494994081837947908e-02
2.490696410415349504e-02
2.486422279312133776e-02
2.482157237026960672e-02
2.477902893814071250e-02
2.473659188281546184e-02
2.469428403273771222e-02
2.465209593114220388e-02
2.461005575543234736e-02
2.456815542085422077e-02
2.452643571512053144e-02
2.448489551834776012e-02
2.444343690316896911e-02
2.440211422121318918e-02
2.436092673954654009e-02
2.431985964325295013e-02
2.427894426997334598e-02
2.423820188185754620e-02
2.419751455435198428e-02
2.415698744116240304e-02
2.411663894174265188e-02
2.407643940082687672e-02
2.403634067597598678e-02
2.399631721745570934e-02
2.395642701416716980e-02
2.391666291495553320e-02
2.387704991738720528e-02
2.383756373436579645e-02
2.379826889560104908e-02
2.375903748673885429e-02
2.371997556317501088e-02
2.368096165836325317e-02
2.364209854402721245e-02
2.360343173088358393e-02
2.356482914337437728e-02
2.352642523537390451e-02
2.348804846538721236e-02
2.344993508609100052e-02
2.341180976292339677e-02
2.337390298262609356e-02
2.333598552103022250e-02
2.329821062985004687e-02
2.326055712669444775e-02
2.322303139767978308e-02
2.318558739346593400e-02
2.314830384568794530e-02
2.311116083908820729e-02
2.307409698105317153e-02
2.303722342146863333e-02
2.300036213568512622e-02
2.296368516039071217e-02
2.292704577601012428e-02
2.289057866734678370e-02
2.285415055897987990e-02
2.281788683024943420e-02
2.278175517433794761e-02
2.274569088657402149e-02
2.270974977162126818e-02
2.267392688679414903e-02
2.263821589172282378e-02
2.260261190336776416e-02
2.256710404300288353e-02
2.253170368284829195e-02
2.249645799691279979e-02
2.246127868871305999e-02
2.242622436666519281e-02
2.239123662749414878e-02
2.235643519153118763e-02
2.232173209132648495e-02
2.228710616483081663e-02
2.225259840557181068e-02
2.221816941547166691e-02
2.218390365183720014e-02
2.214971737029913790e-02
2.211561275712131680e-02
2.208163139490554316e-02
2.204774432808015439e-02
2.201388789302705096e-02
2.198022251315251419e-02
2.194659793484449173e-02
2.191309640318489516e-02
2.187969555114305242e-02
2.184639092116330561e-02
2.181312321098732854e-02
2.177998678081016770e-02
2.174695701487627808e-02
2.171401274790829561e-02
2.168114057809966688e-02
2.164838477462710520e-02
2.161573416453638208e-02
2.158319460085789121e-02
2.155076115100851286e-02
2.151841175550800456e-02
2.148608972249238525e-02
2.145393603149298167e-02
2.142193702293554436e-02
2.139000042581173933e-02
2.135815598893248124e-02
2.132639774367284247e-02
2.129473784726138019e-02
2.126316625971813590e-02
2.123158432313398958e-02
2.120013303793177872e-02
2.116878991713022629e-02
2.113754838831832794e-02
2.110636933394133274e-02
2.107526988337532492e-02
2.104421435383119210e-02
2.101336478718512923e-02
2.098253944918077041e-02
2.095190256717088806e-02
2.092123137159684898e-02
2.089064228935683110e-02
2.086018534934830360e-02
2.082980290472336016e-02
2.079949498286648435e-02
2.076927425079461154e-02
2.073911028273611734e-02
2.070900379212320397e-02
2.067898799842715629e-02
2.064921392414709178e-02
2.061947435058381073e-02
2.058970533712339845e-02
2.056004101881842017e-02
2.053046583766016120e-02
2.050100000534971212e-02
2.047157199957477802e-02
2.044224818097195584e-02
2.041299186186601444e-02
2.038384849327912196e-02
2.035479192871542109e-02
2.032576320625295585e-02
2.029684222122174475e-02
2.026806389396657027e-02
2.023928596658580714e-02
2.021059597426355658e-02
2.018199463393227644e-02
2.015347900475467080e-02
2.012506571244182529e-02
2.009667045265906005e-02
2.006837101332581419e-02
2.004012893947176854e-02
2.001199772541345512e-02
1.998393033209100444e-02
1.995595522177068259e-02
1.992808228036541118e-02
1.990026455945931305e-02
1.987251521998467663e-02
1.984481071007210273e-02
1.981722109615713379e-02
1.978966562321093914e-02
1.976216588461215951e-02
1.973480733488991445e-02
1.970754819803904878e-02
1.968034729992518272e-02
1.965322273862751823e-02
1.962609017191058181e-02
1.959909167120016393e-02
1.957217369440761301e-02
1.954538006405537320e-02
1.951854458200652509e-02
1.949182190738485421e-02
1.946512187121457460e-02
1.943850146046260940e-02
1.941194058936590583e-02
1.938549816935025705e-02
1.935912801727202037e-02
1.933279101028673175e-02
1.930649989012861445e-02
1.928033218647240421e-02
1.925422903122275819e-02
1.922819577450096684e-02
1.920226404509600693e-02
1.917633070240171156e-02
1.915048370782557186e-02
1.912470806686600300e-02
1.909902818590070162e-02
1.907337511264706187e-02
1.904783273167637292e-02
1.902233562990629512e-02
1.899686746030854190e-02
1.897149650149337896e-02
1.894627441188578842e-02
1.892103370812359131e-02
1.889585459897169528e-02
1.887077407167564447e-02
1.884576199200954649e-02
1.882077881246208007e-02
1.879587087042861038e-02
1.877100065695125330e-02
1.874624608217850819e-02
1.872156408940678363e-02
1.869687954692167420e-02
1.867225689739193673e-02
1.864771170742490769e-02
1.862322777353137004e-02
1.859880484269649248e-02
1.857441502856427284e-02
1.855014365421808753e-02
1.852590555684352491e-02
1.850176731241487404e-02
1.847767866129723657e-02
1.845363751109035944e-02
1.842967085127167337e-02
1.840575335123695311e-02
1.838188789747507990e-02
1.835810600309573104e-02
1.833434962681357305e-02
1.831066102887463076e-02
1.828707003537832776e-02
1.826352091137256606e-02
1.824001234242300651e-02
1.821654172122777471e-02
1.819314191728865771e-02
1.816979115876221629e-02
1.814650680513296699e-02
1.812330706284376314e-02
1.810012691556195374e-02
1.807702171175618044e-02
1.805399084794229170e-02
1.803099802905472337e-02
1.800806840774926698e-02
1.798520242041512507e-02
1.796239757266338000e-02
1.793965444496126160e-02
1.791693179383729850e-02
1.789426394179244317e-02
1.787167371387415882e-02
1.784918612796915216e-02
1.782668909969564730e-02
1.780427129459777325e-02
1.778190702775350740e-02
1.775957724581278541e-02
1.773730634091563729e-02
1.771513081543146795e-02
1.769301736071227094e-02
1.767089573206653830e-02
1.764883267282468804e-02
1.762680310186409693e-02
1.760484674385032200e-02
1.758296440279061290e-02
1.756116871103841071e-02
1.753936342405726379e-02
1.751765500231089456e-02
1.749599509677507436e-02
1.747434092428296060e-02
1.745275620403180517e-02
1.743122194101937028e-02
1.740979760226962769e-02
1.738836232302937157e-02
1.736699113361228619e-02
1.734567045812279718e-02
1.732448307638972951e-02
1.730323854834153741e-02
1.728209129501651065e-02
1.726095842897179544e-02
1.723990625814836308e-02
1.721888987094399859e-02
1.719790979744528769e-02
1.717699997675947721e-02
1.715612907761010497e-02
1.713531871854745425e-02
1.711452872398516734e-02
1.709380374958019422e-02
1.707315298877420950e-02
1.705252229217291138e-02
1.703196084760982831e-02
1.701143637456692392e-02
1.699094007623797031e-02
1.697050605469929696e-02
1.695017038318252789e-02
1.692982537371690022e-02
1.690957277326232688e-02
1.688934968369948386e-02
1.686914149132690000e-02
1.684897730840539953e-02
1.682887544267552826e-02
1.680882493450536197e-02
1.678886546688840298e-02
1.676891509659439450e-02
1.674899347672098582e-02
1.672910079163120178e-02
1.670926974359504547e-02
1.668949111129425233e-02
1.666983471380734105e-02
1.665014497240602243e-02
1.663053761059990476e-02
1.661095447879351594e-02
1.659137835276763839e-02
1.657187346746563650e-02
1.655242968598358289e-02
1.653300038639415881e-02
1.651362757123070457e-02
1.649429938857460698e-02
1.647501012741686699e-02
1.645573966437935409e-02
1.643662507269683104e-02
1.641748971877315944e-02
1.639836879360911936e-02
1.637928979094971371e-02
1.636027694208519456e-02
1.634134101322320953e-02
1.632238831986615457e-02
1.630346835496920832e-02
1.628458915099711968e-02
1.626576539331836546e-02
1.624697990697476779e-02
1.622830158560023550e-02
1.620959092641882648e-02
1.619091460440102992e-02
1.617230868609187411e-02
1.615373945384485088e-02
1.613524926906617640e-02
1.611676665344985437e-02
1.609831502651509760e-02
1.607989574773732722e-02
1.606153333517057469e-02
1.604322120483964165e-02
1.602491372248499024e-02
1.600665684378504983e-02
1.598843927060661363e-02
1.597026727862482787e-02
1.595215335111943578e-02
1.593411419046542044e-02
1.591607793533827975e-02
1.589804957489349135e-02
1.588006654689066988e-02
1.586211142183319156e-02
1.584419766240724448e-02
1.582637286392352127e-02
1.580860589733290578e-02
1.579084779307499131e-02
1.577309837692003613e-02
1.575540630157834521e-02
1.573779730640889607e-02
1.572018589722729009e-02
1.570260423978830921e-02
1.568505369828565588e-02
1.566755903780731041e-02
1.565013594448028122e-02
1.563270275901590400e-02
1.561531766504470342e-02
1.559797061363105142e-02
1.558065977500494581e-02
1.556338193068229625e-02
1.554613200305815512e-02
1.552891106188758474e-02
1.551173389188015284e-02
1.549458062261305225e-02
1.547747995068576854e-02
1.546044548471708913e-02
1.544343605737374947e-02
1.542645282184718081e-02
1.540948586429574663e-02
1.539263988382899573e-02
1.537576836036158578e-02
1.535893224233436660e-02
1.534212516185912145e-02
1.532534399385038215e-02
1.530861065575106483e-02
1.529190054088019890e-02
1.527523667558666753e-02
1.525863315899528283e-02
1.524203638295928975e-02
1.522546603015051403e-02
1.520892572601939552e-02
1.519242129798387131e-02
1.517595367031182585e-02
1.515953586463697489e-02
1.514319529049501512e-02
1.512683238074918890e-02
1.511049838564099135e-02
1.509420605420286332e-02
1.507795440084502836e-02
1.506177917838819047e-02
1.504561450002878109e-02
1.502949067366204927e-02
1.501339757787628626e-02
1.499732412489201971e-02
1.498127773853874523e-02
1.496524492872952639e-02
1.494926451824746261e-02
1.493331218447258024e-02
1.491741700720528030e-02
1.490153306941732758e-02
1.488568480517177273e-02
1.486991548261323848e-02
1.485412182334089337e-02
1.483836836564200734e-02
