4.330868587869032837e-02
4.760836281434536327e-02
5.171987798076332910e-02
5.538548037026533311e-02
5.875976467873771092e-02
6.185508156713304811e-02
6.498138213800074003e-02
6.773415271989813302e-02
7.033643345833388849e-02
7.283471250992101798e-02
7.511913771328787570e-02
7.729822484491434553e-02
7.944062517940407575e-02
8.136837576624859902e-02
8.316325000888027952e-02
8.488997994422142757e-02
8.646305782691621200e-02
8.802126037390073376e-02
8.948628033617586630e-02
9.094598890767353894e-02
9.234446534352186431e-02
9.364465172154101680e-02
9.494126047374402966e-02
9.614670254156591767e-02
9.734487354652043845e-02
9.848419347176058658e-02
9.956348893444617876e-02
1.005833600824799362e-01
1.015799790505285960e-01
1.025283654487629398e-01
1.034085879018340898e-01
1.042857537002906954e-01
1.051179156888979865e-01
1.059273595137341789e-01
1.066797469409989652e-01
1.074032642815593713e-01
1.081180291600862681e-01
1.087936146248969504e-01
1.094545332024295936e-01
1.100638009336902812e-01
1.106754425491271870e-01
1.112398734196269195e-01
1.117951604958448419e-01
1.123095394325292207e-01
1.128102519790669112e-01
1.133037450187726752e-01
1.137740637749245082e-01
1.142356100121484780e-01
1.146704588026910415e-01
1.150749516319722887e-01
1.154693492586805481e-01
1.158425066323127139e-01
1.162123914951628534e-01
1.165734401450982255e-01
1.169045106227991626e-01
1.172287378858368895e-01
1.175469479080267776e-01
1.178536683515112454e-01
1.181501671763007938e-01
1.184305252397892805e-01
1.186977375396108952e-01
1.189559054196109439e-01
1.192044878878303765e-01
1.194401369866723434e-01
1.196589905821298511e-01
1.198762118890521200e-01
1.200894657955408479e-01
1.202828101737880157e-01
1.204701142006538994e-01
1.206463384537261041e-01
1.208225343161717785e-01
1.209866426109910270e-01
1.211420843761260580e-01
1.212963665745705327e-01
1.214420883843351784e-01
1.215766165927184284e-01
1.217129326610462553e-01
1.218379802304420806e-01
1.219597344992709859e-01
1.220758968757386376e-01
1.221843532502287916e-01
1.222840305699941371e-01
1.223777654983123075e-01
1.224663032467091933e-01
1.225562207400234110e-01
1.226445798708822588e-01
1.227253472995213923e-01
1.227993915989298163e-01
1.228714825379294412e-01
1.229386195272684640e-01
1.229997947457646262e-01
1.230550880896650184e-01
1.231101896935039991e-01
1.231567451323032913e-01
1.232021636573769341e-01
1.232456172007930784e-01
1.232835555370894731e-01
1.233203520514616763e-01
1.233554824293028179e-01
1.233871096775375209e-01
1.234159428152697274e-01
1.234438645867035889e-01
1.234712166526623495e-01
1.234923426544386332e-01
1.235141823199999017e-01
1.235289030162640134e-01
1.235425335235356831e-01
1.235545707494820483e-01
1.235654814955570308e-01
1.235768650265986618e-01
1.235853241239540518e-01
1.235903813340251539e-01
1.235977871500494873e-01
1.236003379214766218e-01
1.236030409492641646e-01
1.235997508567561465e-01
1.235949641942434285e-01
1.235906997975627364e-01
1.235880578271985053e-01
1.235821663522009700e-01
1.235731636860192550e-01
1.235609749745729680e-01
1.235488118969774035e-01
1.235305896683541738e-01
1.235129964916246020e-01
1.234945002239540707e-01
1.234698736292316606e-01
1.234459566034385725e-01
1.234182360063718203e-01
1.233926387899673266e-01
1.233643505858421224e-01
1.233346013847261557e-01
1.233090004122237571e-01
1.232767082152356475e-01
1.232422675356842079e-01
1.232040857171707027e-01
1.231663984278622698e-01
1.231288890447289064e-01
1.230924104209513287e-01
1.230542979058761310e-01
1.230158280660760411e-01
1.229783187164240066e-01
1.229363914443745709e-01
1.228944067148012576e-01
1.228504183187688059e-01
1.228076595315647918e-01
1.227621977305980577e-01
1.227178805063737915e-01
1.226772259061367637e-01
1.226313914784378928e-01
1.225831722662127782e-01
1.225354484136481903e-01
1.224930621068675979e-01
1.224415244753074977e-01
1.223902820895448190e-01
1.223387573190496819e-01
1.222848286341616658e-01
1.222321159593415113e-01
1.221790575767854742e-01
1.221254212613705342e-01
1.220711967848667201e-01
1.220202484596893955e-01
1.219677143941502034e-01
1.219121604269077369e-01
1.218558107195112095e-01
1.218038736414457923e-01
1.217446141744527033e-01
1.216874130134225490e-01
1.216263127949566702e-01
1.215658965251707746e-01
1.215091636716108259e-01
1.214500069574998009e-01
1.213896476253670254e-01
1.213294298363788437e-01
1.212712793266859518e-01
1.212088669661126189e-01
1.211500917692486801e-01
1.210858119932321508e-01
1.210213605859202374e-01
1.209543430571663331e-01
1.208899677165281988e-01
1.208228883181795277e-01
1.207596609409166410e-01
1.206912353969202545e-01
1.206242141052683570e-01
1.205583389634404951e-01
1.204931555078321281e-01
1.204264578549632259e-01
1.203604904126609892e-01
1.202903513811169195e-01
1.202250246821436053e-01
1.201564384550958681e-01
1.200881554437648324e-01
1.200209670254467481e-01
1.199527773188798774e-01
1.198841539625362523e-01
1.198210392881169650e-01
1.197567935317538357e-01
1.196889862560784890e-01
1.196199632544495128e-01
1.195526562874441728e-01
1.194851241662234775e-01
1.194167051574970412e-01
1.193477282440021658e-01
1.192813903814977095e-01
1.192146921003493926e-01
1.191460118814752500e-01
1.190770327355798464e-01
1.190076031989366900e-01
1.189431749607311184e-01
1.188766563559073980e-01
1.188118618585216058e-01
1.187436231313288293e-01
1.186741579837921334e-01
1.186062058338667458e-01
1.185395885736051924e-01
1.184725295570936698e-01
1.184028003317872252e-01
1.183343289678476240e-01
1.182635984371747800e-01
1.181954966504475957e-01
1.181273335194009122e-01
1.180583698784975627e-01
1.179899493529663057e-01
1.179159773991993870e-01
1.178429172069630909e-01
1.177692761532787985e-01
1.176975411755573769e-01
1.176286951632167233e-01
1.175591561954168335e-01
1.174876041485951594e-01
1.174169196772638923e-01
1.173440353542243020e-01
1.172727053676593800e-01
1.172001568658608273e-01
1.171276333573666728e-01
1.170579816347103591e-01
1.169886191747873949e-01
1.169172109152825934e-01
1.168486887244861439e-01
1.167758132664637599e-01
1.167023047541462660e-01
1.166302599539888601e-01
1.165595171727826646e-01
1.164869651265538347e-01
1.164142687790362257e-01
1.163419610756361716e-01
1.162707332747559275e-01
1.161994920599984105e-01
1.161303273252089902e-01
1.160580955580607226e-01
1.159843253840408955e-01
1.159109089787456748e-01
1.158379734514234510e-01
1.157688440335186558e-01
1.156958391913860962e-01
1.156246648542949146e-01
1.155540422699242592e-01
1.154830545583467594e-01
1.154132591534533236e-01
1.153396668231675970e-01
1.152685097503976380e-01
1.152012258224889285e-01
1.151294277760476492e-01
1.150569617971269609e-01
1.149875033107035927e-01
1.149159146628574713e-01
1.148428842152733331e-01
1.147714089656968056e-01
1.147013308633179213e-01
1.146297931215688598e-01
1.145579738323093955e-01
1.144844420733831386e-01
1.144143027551580150e-01
1.143438372259856922e-01
1.142713264122608430e-01
1.141972778956645701e-01
1.141268089962725746e-01
1.140550102300602331e-01
1.139854225496294698e-01
1.139142230246639187e-01
1.138407188237104961e-01
1.137675655565621863e-01
1.136969770371614591e-01
1.136273574883123610e-01
1.135549301377705156e-01
1.134869682920058992e-01
1.134127501845588887e-01
1.133431833773811820e-01
1.132736935920537202e-01
1.132049004915229307e-01
1.131362073627636827e-01
1.130645349615453793e-01
1.129943951034502320e-01
1.129233775680500429e-01
1.128522822408811743e-01
1.127818463505530916e-01
1.127113211239239854e-01
1.126409638636816507e-01
1.125732729170995094e-01
1.125020846755462739e-01
1.124319514845110723e-01
1.123618774683820681e-01
1.122918312561709958e-01
1.122219467084661776e-01
1.121506069939457312e-01
1.120827881979793300e-01
1.120117448515586256e-01
1.119420185450749061e-01
1.118710668009940679e-01
1.118004052462049092e-01
1.117299369435905687e-01
1.116597675471005524e-01
1.115902869743380654e-01
1.115198617368206996e-01
1.114495667182249655e-01
1.113788843913618015e-01
1.113099067760503075e-01
1.112396886820120889e-01
1.111701852835484949e-01
1.111008978807230263e-01
1.110324041309401488e-01
1.109624295842681907e-01
1.108924651491306063e-01
1.108279651003302863e-01
1.107593917596408073e-01
1.106900524223854432e-01
1.106226967015270374e-01
1.105539941456400721e-01
1.104862707283383316e-01
1.104184573216577953e-01
1.103504876095338649e-01
1.102840474123794740e-01
1.102165990281853830e-01
1.101525298105348466e-01
1.100870423208633458e-01
1.100216980923384297e-01
1.099544889270057252e-01
1.098889182137192527e-01
1.098242104622554477e-01
1.097597371205866895e-01
1.096938906280998105e-01
1.096271483705227451e-01
1.095613148964144634e-01
1.094954591704253299e-01
1.094305752201937820e-01
1.093638293931122607e-01
1.092997472701096456e-01
1.092369783102385139e-01
1.091729598662549566e-01
1.091071150084040459e-01
1.090453293378493282e-01
1.089807663008753869e-01
1.089161199102837846e-01
1.088531861957084956e-01
1.087896779083940002e-01
1.087240416329549458e-01
1.086608276418441626e-01
1.085969780931963918e-01
1.085323408039584048e-01
1.084675607921785773e-01
1.084033796891856610e-01
1.083376659711567658e-01
1.082749292937889990e-01
1.082108683030129082e-01
1.081468318340137319e-01
1.080830442956783322e-01
1.080185417912883361e-01
1.079571694558695283e-01
1.078925399519907735e-01
1.078273453841292473e-01
1.077646952703551625e-01
1.077046902671950218e-01
1.076413341893518311e-01
1.075791082157525058e-01
1.075152914203701959e-01
1.074513769695242815e-01
1.073903741919518540e-01
1.073274844967586211e-01
1.072662043583552521e-01
1.072032430717036050e-01
1.071411496917946127e-01
1.070788435947576528e-01
1.070158285532714637e-01
1.069542975164761989e-01
1.068924461310477997e-01
1.068301047969087841e-01
1.067672940258038300e-01
1.067062482020290359e-01
1.066438365773791641e-01
1.065814980680465790e-01
1.065186150102375440e-01
1.064583655971153009e-01
1.063954179503796560e-01
1.063336760297441674e-01
1.062743314404716310e-01
1.062124522378615626e-01
1.061500309646096762e-01
1.060898050580205837e-01
1.060319497180533393e-01
1.059716120283225871e-01
1.059096442792263754e-01
1.058481653968501995e-01
1.057905118904699793e-01
1.057306897194114914e-01
1.056712161532958327e-01
1.056127267769183392e-01
1.055536816847203185e-01
1.054945962533968690e-01
1.054364931648890252e-01
1.053777297118355938e-01
1.053167891212597185e-01
1.052580612891375750e-01
1.051972278049235349e-01
1.051383725737788377e-01
1.050777551952639249e-01
1.050190825350201390e-01
1.049611961779588765e-01
1.048998323408477512e-01
1.048395478677512510e-01
1.047791472830516685e-01
1.047199808389525921e-01
1.046599584399673932e-01
1.045996611252706654e-01
1.045397414951106524e-01
1.044819886143196347e-01
1.044229447766884950e-01
1.043659055973590599e-01
1.043071313432882979e-01
1.042476737110179796e-01
1.041890489451354485e-01
1.041310026775163766e-01
1.040727504848052987e-01
1.040141777384175487e-01
1.039547664270245031e-01
1.038966251965924015e-01
1.038414317068706849e-01
1.037861384659891500e-01
1.037286966938899130e-01
1.036691783775341574e-01
1.036118383643868934e-01
1.035534638170390598e-01
1.034947762997615733e-01
1.034366995119600230e-01
1.033790363159394071e-01
1.033213892373889692e-01
1.032639868046779374e-01
1.032078460413342613e-01
1.031512005361217288e-01
1.030961618961417914e-01
1.030381180256779994e-01
1.029829135055432970e-01
1.029244636264511348e-01
1.028677483253028352e-01
1.028109900269299909e-01
1.027537457691947015e-01
1.026951064030005162e-01
1.026372468450229419e-01
1.025824580065229641e-01
1.025261802107147180e-01
1.024708455480300290e-01
1.024146682444772999e-01
1.023594030509312330e-01
1.023035881182223494e-01
1.022466602934394009e-01
1.021926087590241811e-01
1.021348082088235493e-01
1.020789071089748534e-01
1.020224454929623131e-01
1.019667749035337440e-01
1.019131950509834378e-01
1.018573885099318121e-01
1.018027999408191997e-01
1.017471803849914341e-01
1.016921347821179294e-01
1.016357030319891275e-01
1.015807911355229298e-01
1.015250332011382595e-01
1.014712049207012606e-01
1.014163230542909494e-01
1.013610746750499697e-01
1.013056900774444435e-01
1.012522813937318800e-01
1.011964474948887083e-01
1.011412718785730663e-01
1.010856155554459845e-01
1.010305359601137432e-01
1.009756341725645545e-01
1.009218092721825277e-01
1.008693298191154636e-01
1.008148087433657913e-01
1.007625762373457468e-01
1.007095668892362267e-01
1.006554972082723542e-01
1.006018184297125528e-01
1.005489267291268807e-01
1.004963347340981639e-01
1.004417129824835275e-01
1.003884367863946137e-01
1.003351524879695922e-01
1.002826985254757913e-01
1.002287598856012318e-01
1.001745831714824092e-01
1.001203355134694939e-01
1.000663214417822633e-01
1.000140456205282774e-01
9.996223702506475128e-02
9.991096213519450042e-02
9.985801924086246117e-02
9.980490818317896973e-02
9.975169615587117788e-02
9.969904444020506740e-02
9.964598208902231136e-02
9.959300743950810775e-02
9.954126182879811935e-02
9.948983158022542406e-02
9.943880076798747303e-02
9.938753178703735314e-02
9.933491774141778308e-02
9.928237073739033802e-02
9.923019666701662911e-02
9.917709776906206975e-02
9.912553514814419209e-02
9.907333192151482337e-02
9.902202568183524067e-02
9.896930088300152917e-02
9.891629523099433607e-02
9.886259951656123368e-02
9.881141082764992312e-02
9.875842406617092728e-02
9.870703549805762145e-02
9.865485970411980166e-02
9.860326845254521744e-02
9.855233576282486363e-02
9.850132879631269545e-02
9.844896477278304581e-02
9.839762444823126064e-02
9.834573962696938065e-02
9.829652163487674621e-02
9.824711433734421850e-02
9.819507321332901495e-02
9.814562932209434931e-02
9.809349663972911915e-02
9.804438228384848575e-02
9.799445035676888904e-02
9.794370331695842480e-02
9.789229882219353807e-02
9.784339942372084764e-02
9.779161063694040423e-02
9.774074994333373234e-02
9.768947461225284401e-02
9.763844717448788568e-02
9.758526561266547827e-02
9.753449411704791239e-02
9.748365975465569933e-02
9.743165276081804105e-02
9.738186491308691017e-02
9.732956791252962703e-02
9.727785545505764075e-02
9.722749558303002415e-02
9.717646085111551757e-02
9.712865179496743551e-02
9.707951052993925301e-02
9.703045065589550877e-02
9.697958278008501909e-02
9.692882461492206836e-02
9.687890217966753370e-02
9.682949181198623190e-02
9.677827481921763564e-02
9.672803609478859699e-02
9.668068917697814069e-02
9.663191906608054049e-02
9.658275411630264096e-02
9.653271332743657007e-02
9.648285502525755231e-02
9.643195131724746627e-02
9.638235431798683472e-02
9.633489520531308969e-02
9.628506027680665269e-02
9.623483671043731036e-02
9.618570975835816217e-02
9.613674856374988809e-02
9.608951705168719548e-02
9.604025330477265754e-02
9.599118057912799096e-02
9.594240690794836324e-02
9.589304860119703122e-02
9.584326519298214109e-02
9.579334185387949896e-02
9.574489885033429792e-02
9.569562511576071295e-02
9.564753286045780956e-02
9.559882775415527723e-02
9.554938144823826862e-02
9.549964211380922163e-02
9.545159717739147565e-02
9.540239572555499203e-02
9.535405514138169114e-02
9.530556755640018363e-02
9.525560369820354478e-02
9.520739275745446206e-02
9.515877320869910172e-02
9.511174911736024196e-02
9.506336933104897469e-02
9.501540025926369371e-02
9.496766827629621321e-02
9.492009803684167690e-02
9.487157692956033062e-02
9.482471760620848900e-02
9.477762217237777065e-02
9.472994738009501980e-02
9.468160735274305795e-02
9.463519839989802118e-02
9.458850434120245898e-02
9.454129390400399513e-02
9.449282970506540924e-02
9.444444180214058016e-02
9.439675532350008669e-02
9.434852926034109633e-02
9.430041125408143710e-02
9.425406328153274060e-02
9.420675882973748860e-02
9.415956826371592314e-02
9.411112052652832738e-02
9.406373582390431531e-02
9.401651100751187706e-02
9.397043829157429584e-02
9.392349148150608285e-02
9.387731810621600947e-02
9.383049450553292148e-02
9.378394458897090780e-02
9.373687403972860710e-02
9.368949471539973761e-02
9.364359741347044741e-02
9.359680463696345987e-02
9.355034477338911025e-02
9.350618734250906727e-02
9.346182062655036815e-02
9.341644654006830972e-02
9.337064359905465627e-02
9.332449609940449142e-02
9.327880226652433826e-02
9.323395965746739122e-02
9.318846564420484035e-02
9.314256839651444131e-02
9.309650103946126576e-02
9.305041398214268511e-02
9.300374251960347172e-02
9.295879684521823894e-02
9.291407729519277070e-02
9.286925569755785648e-02
9.282618106894668930e-02
9.278291886080816675e-02
9.273798225887264213e-02
9.269271435904917478e-02
9.264883301087185885e-02
9.260516190372886092e-02
9.255973706495063125e-02
9.251407137940038938e-02
9.246824118187260688e-02
9.242328623785431296e-02
9.237900525589851086e-02
9.233254116163108760e-02
9.228765664087765219e-02
9.224234617433435535e-02
9.219703811737488264e-02
9.215226616177595031e-02
9.210856340914165552e-02
9.206252955555550843e-02
9.201797803132333309e-02
9.197389284977930402e-02
9.192812445495027185e-02
9.188581924873905071e-02
9.184049357458132223e-02
9.179746471577664158e-02
9.175531010475893035e-02
9.171152226029499754e-02
9.166838458738023332e-02
9.162542274806191600e-02
9.158213498908557293e-02
9.153812180068426896e-02
9.149432236769389215e-02
9.144908374050711442e-02
9.140591419031332543e-02
9.136322581929652575e-02
9.132028622635759985e-02
9.127713515350990847e-02
9.123337772842581017e-02
9.118964340218602138e-02
9.114640039372731706e-02
9.110383530126005269e-02
9.106104441590963383e-02
9.101768047834857267e-02
9.097436944171301276e-02
9.093034129203556026e-02
9.088712423968652032e-02
9.084480265335230509e-02
9.080245272437086068e-02
9.076050424931468574e-02
9.071726175128180802e-02
9.067482854057126729e-02
9.063262340207488277e-02
9.059052060964051245e-02
9.054795547112785836e-02
9.050692713287687707e-02
9.046613894265913280e-02
9.042453182648831078e-02
9.038296323517518160e-02
9.034219225046592749e-02
9.029896194130487830e-02
9.025608597181596082e-02
9.021332356678263276e-02
9.017209199756820448e-02
9.012889544707540501e-02
9.008686383278462217e-02
9.004548818344866590e-02
9.000414761402579511e-02
8.996308990464679800e-02
8.992262996794750385e-02
8.988055633919975196e-02
8.983818837547398461e-02
8.979755864436629598e-02
8.975747405290553094e-02
8.971620924016540655e-02
8.967357714313084482e-02
8.963199397739675389e-02
8.959030839607624863e-02
8.954745035053168767e-02
8.950525194806646656e-02
8.946353370403534178e-02
8.942234804864682141e-02
8.938173410298209942e-02
8.934010315976634309e-02
8.929810942591703826e-02
8.925757082092394823e-02
8.921642406069177356e-02
8.917590440272260555e-02
8.913501244424734682e-02
8.909425196294132321e-02
8.905362126808755163e-02
8.901254332177817308e-02
8.897314794887919986e-02
8.893127868820967230e-02
8.889229764279157897e-02
8.885166066666082274e-02
8.881003558941560905e-02
8.876989734507011176e-02
8.873055635629290006e-02
8.868933924175417816e-02
8.864805927822232146e-02
8.860910264758478649e-02
8.856847902521475246e-02
8.852862704172481667e-02
8.848823450234771792e-02
8.844856583476694289e-02
8.840845176468312139e-02
8.836858605616265683e-02
8.832921043602558198e-02
8.828945560245637925e-02
8.825060279074220526e-02
8.821238570072917340e-02
8.817300889590080903e-02
8.813231688608107184e-02
8.809163434754056776e-02
8.805333271371969250e-02
8.801633095640483406e-02
8.797769935631802318e-02
8.793798898489518789e-02
8.789834429161905160e-02
8.786033987353328301e-02
8.782057993408126650e-02
8.778078941311105721e-02
8.774080423870923851e-02
8.770258066068013780e-02
8.766333061672358651e-02
8.762344400784474741e-02
8.758345844427463389e-02
8.754418627290927457e-02
8.750637063858808518e-02
8.746728725847116581e-02
8.742868808315799878e-02
8.738968020722599761e-02
8.735005539042760281e-02
8.731092248344884954e-02
8.727219708261520215e-02
8.723372281132679706e-02
8.719590403616045426e-02
8.715708479572624456e-02
8.711844661418301217e-02
8.708010024839599184e-02
8.704179636751377402e-02
8.700465465772028173e-02
8.696718357969290825e-02
8.692844746849338888e-02
8.689077032159586711e-02
8.685251289811875275e-02
8.681328480662325875e-02
8.677535686614026855e-02
8.673762001207852013e-02
8.669990685450429391e-02
8.666138164803377508e-02
8.662491129530355827e-02
8.658659626059832248e-02
8.654874416321586827e-02
8.651050899739491651e-02
8.647373422583472247e-02
8.643677366879128077e-02
8.640076256996399862e-02
8.636256520120819125e-02
8.632472886471406759e-02
8.628867233858932007e-02
8.625020283636010421e-02
8.621330208582593524e-02
8.617732067430133869e-02
8.614069234017848742e-02
8.610265418692035488e-02
8.606535401243110839e-02
8.602821918772080023e-02
8.599074683484754511e-02
8.595419207152538155e-02
8.591773895712222220e-02
8.588056115712980332e-02
8.584283472807469062e-02
8.580586832754978632e-02
8.576830200925744663e-02
8.573118878145959132e-02
8.569388331429367289e-02
8.565746200451500314e-02
8.562198762249705053e-02
8.558487613421526807e-02
8.554810072049576219e-02
8.551146290791068749e-02
8.547468314830859726e-02
8.543808182221993008e-02
8.540182355146537507e-02
8.536568991154902530e-02
8.532922321485018891e-02
8.529240798912070265e-02
8.525637799647770021e-02
8.521968723419121039e-02
8.518398000045519780e-02
8.514724099672918434e-02
8.511161853596807547e-02
8.507460574599175207e-02
8.503885143510116207e-02
8.500246282354463612e-02
8.496622808952482286e-02
8.493050636829423128e-02
8.489530643487584738e-02
8.486032471309586100e-02
8.482523143098016916e-02
8.479055096317658635e-02
8.475644861379852402e-02
8.472051227872012813e-02
8.468536413272496899e-02
8.465082472112298029e-02
8.461480037856217162e-02
8.457981518271885657e-02
8.454564855631929721e-02
8.451033010987432648e-02
8.447545978386429566e-02
8.443969258083670881e-02
8.440382939202512036e-02
8.436844232418989897e-02
8.433366805344666428e-02
8.429967319007829196e-02
8.426458727693705852e-02
8.423049454908465572e-02
8.419471680770604372e-02
8.416089728142291115e-02
8.412605262779271342e-02
8.409027692537332510e-02
8.405454763533164175e-02
8.401912493518366720e-02
8.398408995123635146e-02
8.395044411201423029e-02
8.391567356979943992e-02
8.388024743725180921e-02
8.384563415718362944e-02
8.381044071665381956e-02
8.377661040848968788e-02
8.374104190637042533e-02
8.370602673689007955e-02
8.367060111632643182e-02
8.363490561700964721e-02
8.359959299158792323e-02
8.356584972951792978e-02
8.353155681780773112e-02
8.349744490767160854e-02
8.346231774128845537e-02
8.342812188347424607e-02
8.339410739633081049e-02
8.335998356305186763e-02
8.332540041062579117e-02
8.329106695303607755e-02
8.325693579645204734e-02
8.322385189599375288e-02
8.318954761432646727e-02
8.315654287626449148e-02
8.312364483288967043e-02
8.309020659808996623e-02
8.305678359056958837e-02
8.302216630097417061e-02
8.298907265405369715e-02
8.295533724819499632e-02
8.292076634790096490e-02
8.288722835142682543e-02
8.285356477486174875e-02
8.281990371843278576e-02
8.278585269861697682e-02
8.275217143422075594e-02
8.271764339377703223e-02
8.268476943416790126e-02
8.265150213354834074e-02
8.261859511117190802e-02
8.258424878668128855e-02
8.255088736212418121e-02
8.251800151245580750e-02
8.248470904352207811e-02
8.245234051483572857e-02
8.242035591237545367e-02
8.238750128773038306e-02
8.235546529766940571e-02
8.232243741208274124e-02
8.228955389524114650e-02
8.225672623925188442e-02
8.222389679315648958e-02
8.219069070407528099e-02
8.215731541018814199e-02
8.212446299293299501e-02
8.209237128014407192e-02
8.206024562630208352e-02
8.202755951223281161e-02
8.199451658253358033e-02
8.196217448104033132e-02
8.193047354687965633e-02
