1.000000000000000000e+00
9.636666666666674486e-01
9.350006631299743187e-01
9.140078294376732249e-01
8.974003307155072884e-01
8.841600796762361103e-01
8.735673745922131195e-01
8.646054592045884224e-01
8.562632110826065013e-01
8.489458381809498189e-01
8.423743746204602756e-01
8.363991205766282411e-01
8.308728815266102075e-01
8.256673581886531110e-01
8.208103870616036968e-01
8.161102210142193725e-01
8.116390151966201838e-01
8.074094894683416790e-01
8.035146510042631141e-01
7.997810383136965129e-01
7.961754784791665873e-01
7.926061889764719481e-01
7.892479111123786861e-01
7.861094230107379399e-01
7.830410111874331891e-01
7.800026887130333542e-01
7.769574489115557148e-01
7.738957508167635391e-01
7.709639170074962244e-01
7.681369992004040137e-01
7.653579040619631346e-01
7.626851873834425977e-01
7.601175674207542032e-01
7.576429809682939664e-01
7.551886388714147413e-01
7.527520737358159852e-01
7.502995461758337203e-01
7.480016872151368235e-01
7.457097443652384028e-01
7.434863587463188539e-01
7.413324924168176455e-01
7.391764629361415873e-01
7.370331735551609587e-01
7.349124439609012738e-01
7.328415103926380070e-01
7.307622203420285345e-01
7.287653514894221196e-01
7.267747094331338253e-01
7.249101410541102242e-01
7.230182504322695269e-01
7.211486171438548087e-01
7.193361818252438367e-01
7.175714579033044549e-01
7.158238667452279103e-01
7.141376143672947263e-01
7.124417711937344189e-01
7.107805695634131782e-01
7.091296935023873038e-01
7.074600841649154592e-01
7.058275153734672180e-01
7.042333779208133082e-01
7.026525939460644965e-01
7.011192611471582792e-01
6.996123587466921423e-01
6.981280275913331890e-01
6.966717451277562034e-01
6.949574622718840411e-01
6.932866511419458755e-01
6.919800905609676533e-01
6.909212825171677785e-01
6.900044310150570404e-01
6.889600788684058230e-01
6.882611702049957758e-01
6.876358642225648410e-01
6.870526825600911103e-01
6.866411074791323177e-01
6.862821062173835029e-01
6.858838256834759450e-01
6.856959860204190349e-01
6.856051666864806382e-01
6.855303550590449158e-01
6.856026787983082738e-01
6.856212028255659341e-01
6.857101832872524172e-01
6.857320183354387311e-01
6.857832188905504944e-01
6.859278405349836794e-01
6.860106526679636829e-01
6.861808605251553672e-01
6.863016167520110677e-01
6.864643549287133828e-01
6.866741288954405498e-01
6.869449451865468070e-01
6.871904489144863293e-01
6.874737944467369521e-01
6.878305648863302091e-01
6.881385908834890541e-01
6.884879562591508240e-01
6.888350351439774810e-01
6.892490290268323827e-01
6.896684166485090861e-01
6.900606128111030912e-01
6.904830827028116680e-01
6.908997006364673288e-01
6.913863374691773256e-01
6.918226563231739679e-01
6.923289141722002160e-01
6.928092595225008310e-01
6.933307061203186628e-01
6.938570042832113982e-01
6.943621020774171093e-01
6.948810596018614172e-01
6.953828836799346158e-01
6.959219740969001533e-01
6.964928373838834563e-01
6.970652790484648254e-01
6.976431747519850068e-01
6.982107551286808045e-01
6.987707896623598369e-01
6.993737501644310406e-01
6.999632266283889459e-01
7.005412831233229776e-01
7.011268432578278142e-01
7.017099093530748677e-01
7.023047097994192800e-01
7.029017342197324547e-01
7.034955565041512981e-01
7.040926398051989832e-01
7.047032385593741122e-01
7.053369199508949805e-01
7.059465424708808445e-01
7.065445288996330397e-01
7.071834610179492664e-01
7.078117753082219243e-01
7.084456626514291644e-01
7.090646540173637380e-01
7.096940976021426373e-01
7.103311323000128796e-01
7.109516389787331470e-01
7.115809335257413659e-01
7.122202217022192139e-01
7.128502886479322065e-01
7.134802358163483404e-01
7.141076025417639750e-01
7.147373463754225220e-01
7.153680641821599240e-01
7.160143167605288461e-01
7.166527911205393675e-01
7.172950074637354234e-01
7.179173224975164969e-01
7.185340228635918036e-01
7.191676265811617341e-01
7.197979803332524851e-01
7.204285399481378249e-01
7.210559656640361803e-01
7.216898644349332148e-01
7.223198664084914400e-01
7.229497539376389392e-01
7.235772767177267584e-01
7.241975357620670239e-01
7.248204720169895143e-01
7.254401958514732351e-01
7.260599347193824604e-01
7.266703163329630843e-01
7.272798875292042498e-01
7.278881800643884903e-01
7.284929144642025012e-01
7.290935022812212729e-01
7.296924230863746086e-01
7.302870626209405636e-01
7.308870019978445098e-01
7.314839564071727862e-01
7.320774688637989858e-01
7.326630004955672071e-01
7.332455833623380270e-01
7.338270644121221986e-01
7.344054609025444380e-01
7.349813798370539164e-01
7.355564261215057353e-01
7.361303859918640891e-01
7.367034163451252615e-01
7.372759146741306724e-01
7.378413150060609826e-01
7.384033652319764718e-01
7.389643453470511325e-01
7.395244159461974442e-01
7.400827452836717946e-01
7.406416490206225722e-01
7.411993891732702178e-01
7.417545209115806726e-01
7.423056795887726933e-01
7.428660617094914320e-01
7.434208199942523576e-01
7.439737645834582080e-01
7.445224672254567855e-01
7.450704653578529291e-01
7.456136545580430708e-01
7.461506388913916599e-01
7.466948103217706523e-01
7.472358733108650508e-01
7.477767452695283090e-01
7.483126877081267558e-01
7.488443986530458618e-01
7.493709891995650185e-01
7.498952313439761763e-01
7.504176982942243335e-01
7.509387193693407569e-01
7.514579477088716430e-01
7.519754908183382547e-01
7.524905778209852736e-01
7.530011928586387571e-01
7.535096972044048602e-01
7.540126513373612838e-01
7.545105472513489175e-01
7.550109871685832807e-01
7.555103189925235219e-01
7.560067088912196809e-01
7.564970443641000353e-01
7.569935282047407510e-01
7.574864893067878580e-01
7.579760629084482115e-01
7.584644493617659355e-01
7.589492500763087568e-01
7.594308900981436850e-01
7.599122198318003507e-01
7.603905330213848179e-01
7.608627224564199487e-01
7.613329354341490385e-01
7.618050803803303461e-01
7.622752019653121769e-01
7.627368142723471856e-01
7.632052221003560177e-01
7.636689023273952603e-01
7.641338617193090821e-01
7.645949808046341722e-01
7.650484899492981938e-01
7.655022991193429771e-01
7.659565279842790453e-01
7.664076589138347773e-01
7.668549787526421913e-01
7.673035170672541927e-01
7.677469677643462553e-01
7.681925757239050911e-01
7.686371376543524869e-01
7.690818198397941785e-01
7.695197622672523829e-01
7.699584928682509100e-01
7.703916018410922328e-01
7.708269363196299517e-01
7.712590014452542775e-01
7.716859402546383251e-01
7.721113297302121259e-01
7.725358303252061187e-01
7.729570770347390374e-01
7.733801809537941274e-01
7.737961469180295593e-01
7.742115767462814935e-01
7.746246988879259554e-01
7.750345294877888369e-01
7.754442158354853953e-01
7.758514269417731146e-01
7.762506117425742591e-01
7.766497898789594956e-01
7.770494608803012460e-01
7.774483389383211041e-01
7.778450679346678998e-01
7.782386692000338169e-01
7.786312551863052711e-01
7.790224267355688736e-01
7.794098152164298243e-01
7.797950732486789160e-01
7.801798876044070408e-01
7.805643026121471539e-01
7.809473414068484054e-01
7.813240514909119971e-01
7.817004019682763927e-01
7.820732703235739880e-01
7.824488265118401120e-01
7.828235795548035281e-01
7.831956520785504638e-01
7.835645569916426245e-01
7.839329512470635253e-01
7.843029728516661692e-01
7.846685654238575447e-01
7.850353649051426963e-01
7.853988004131901013e-01
7.857612870239034653e-01
7.861210414828809778e-01
7.864796020139537269e-01
7.868426740021423615e-01
7.872031170115905141e-01
7.875623442099377591e-01
7.879173982924772002e-01
7.882678656409015661e-01
7.886167995323812852e-01
7.889675261323584321e-01
7.893158948142701137e-01
7.896647224406209142e-01
7.900104691865094120e-01
7.903560682719326103e-01
7.907003430565606727e-01
7.910398499447307552e-01
7.913775119058829022e-01
7.917159349656521794e-01
7.920502478106304922e-01
7.923870512517168230e-01
7.927233723595626946e-01
7.930564616925586119e-01
7.933867794020040831e-01
7.937167938041724824e-01
7.940454216071460847e-01
7.943720365291767616e-01
7.946973613740015985e-01
7.950206599833170573e-01
7.953408791934897248e-01
7.956624140154621161e-01
7.959838724592426251e-01
7.963041038920519732e-01
7.966220650011115456e-01
7.969341371028729748e-01
7.972494681064585809e-01
7.975620363830117077e-01
7.978736893011888487e-01
7.981833786233220041e-01
7.984911658519077138e-01
7.988012348048834088e-01
7.991081537417968894e-01
7.994086619512519309e-01
7.997132757025383620e-01
8.000180054560004361e-01
8.003191588375537791e-01
8.006209950959195520e-01
8.009212161722019108e-01
8.012208081510534541e-01
8.015175448246968370e-01
8.018144708092225237e-01
8.021108975782247352e-01
8.024071785863506889e-01
8.026990564657283667e-01
8.029895582640051988e-01
8.032821464196864270e-01
8.035745707217175626e-01
8.038624095786635060e-01
8.041504906299705713e-01
8.044340471072064513e-01
8.047191179638368830e-01
8.050057980709474093e-01
8.052904607495570133e-01
8.055714073223176896e-01
8.058505298152411900e-01
8.061318290490784300e-01
8.064071658277285337e-01
8.066885502276212039e-01
8.069639887498450959e-01
8.072383967927785342e-01
8.075100664968055675e-01
8.077805999380118784e-01
8.080547355848354263e-01
8.083259813173212516e-01
8.085973170397386944e-01
8.088663919119148948e-01
8.091338860185782744e-01
8.094016602316672637e-01
8.096682373381356435e-01
8.099305878908508172e-01
8.101960551661555598e-01
8.104594903575456089e-01
8.107206394617879619e-01
8.109816365551704154e-01
8.112417493265298152e-01
8.115018038431545122e-01
8.117584764806352604e-01
8.120162905712533519e-01
8.122720658652159420e-01
8.125283753390378783e-01
8.127846351277877579e-01
8.130397542392832078e-01
8.132930908543153370e-01
8.135450985315827444e-01
8.137969679697236725e-01
8.140481913262594960e-01
8.142984735241618477e-01
8.145467393523621036e-01
8.147940247015900139e-01
8.150404089685657771e-01
8.152860383468493177e-01
8.155298865996821744e-01
8.157745231599163871e-01
8.160186591655876898e-01
8.162561096212604950e-01
8.164972842411022391e-01
8.167383034009921827e-01
8.169761929489240959e-01
8.172143805836116215e-01
8.174505489122371182e-01
8.176868029045210040e-01
8.179223592915478847e-01
8.181556327163660436e-01
8.183890350421423321e-01
8.186173369842910663e-01
8.188473757056705660e-01
8.190753655596246796e-01
8.193045485955547935e-01
8.195322562874137740e-01
8.197573628093927089e-01
8.199827180284835482e-01
8.202090588582229280e-01
8.204354675178011647e-01
8.206598299414121778e-01
8.208836346017376329e-01
8.211060525462375859e-01
8.213295073049945438e-01
8.215489889899844078e-01
8.217668315021759984e-01
8.219852365277151574e-01
8.222046448609855451e-01
8.224188872732455247e-01
8.226361377501629768e-01
8.228521147420123638e-01
8.230669032184400047e-01
8.232809033498051932e-01
8.234968619717234484e-01
8.237100047303962391e-01
8.239228219124276054e-01
8.241359429913441836e-01
8.243482872768052028e-01
8.245589129946608864e-01
8.247707844010078171e-01
8.249794986624404691e-01
8.251883726146380660e-01
8.253961313284114976e-01
8.256028133313501050e-01
8.258104717141607765e-01
8.260146379710583409e-01
8.262212741098983182e-01
8.264278398947482174e-01
8.266316980819816695e-01
8.268319341363536967e-01
8.270348673147503993e-01
8.272361230403092458e-01
8.274375317888654768e-01
8.276394164340047377e-01
8.278374154862508938e-01
8.280371567082230877e-01
8.282347491191138777e-01
8.284336165960186626e-01
8.286310311035214315e-01
8.288273807002342064e-01
8.290238968273269116e-01
8.292184096960010242e-01
8.294133041610023405e-01
8.296076174260045288e-01
8.298020601673640195e-01
8.299938842376607395e-01
8.301873461226016992e-01
8.303799292676075083e-01
8.305722994698677697e-01
8.307618950715429662e-01
8.309537221923491979e-01
8.311434395905262784e-01
8.313303921746921787e-01
8.315194235774190368e-01
8.317086281651029367e-01
8.318951005354263684e-01
8.320784188141929771e-01
8.322638842688954153e-01
8.324504988824982243e-01
8.326361166640210421e-01
8.328175471405643293e-01
8.330005353303452376e-01
8.331821614071419635e-01
8.333628179718324258e-01
8.335433389537008075e-01
8.337232622126364845e-01
8.339017694538608527e-01
8.340806712707404813e-01
8.342611776305589588e-01
8.344390865729969242e-01
8.346176423892308627e-01
8.347948669905389529e-01
8.349732844727509873e-01
8.351492155392828964e-01
8.353237445060825994e-01
8.355014331658164872e-01
8.356776101996474804e-01
8.358534303057233439e-01
8.360272043902372552e-01
8.362013783250680232e-01
8.363759026429555821e-01
8.365495994841939398e-01
8.367207508402187965e-01
8.368925199446753949e-01
8.370617789417216237e-01
8.372325448544830628e-01
8.374036310570409647e-01
8.375734910390144616e-01
8.377418580372164580e-01
8.379101619230663323e-01
8.380788230796335503e-01
8.382478570899206671e-01
8.384150040801873205e-01
8.385787018341384069e-01
8.387421022809838922e-01
8.389075859090128207e-01
8.390749084708317707e-01
8.392393143370832087e-01
8.394047664926028718e-01
8.395701126800179104e-01
8.397337333404584214e-01
8.398974037745340349e-01
8.400602944869181021e-01
8.402225723321127271e-01
8.403836038752094950e-01
8.405443378362903450e-01
8.407031453759217232e-01
8.408649044940504913e-01
8.410235791574395270e-01
8.411849810394840254e-01
8.413443336638544157e-01
8.415028236175048360e-01
8.416618840519021205e-01
8.418219043887650299e-01
8.419807829496329665e-01
8.421363251438710451e-01
8.422927700977651533e-01
8.424480534583537183e-01
8.426038904592381140e-01
8.427580309067637110e-01
8.429127689546780378e-01
8.430682285075292715e-01
8.432202987061805377e-01
8.433758575478063069e-01
8.435290786314348921e-01
8.436824712910300228e-01
8.438347679377202759e-01
8.439847040930250621e-01
8.441362689044791257e-01
8.442865749850804180e-01
8.444370093345959782e-01
8.445871641966072874e-01
8.447382903334411663e-01
8.448875994883259244e-01
8.450372699336985427e-01
8.451842428786824346e-01
8.453323375207006940e-01
8.454804580306667372e-01
8.456284900209672939e-01
8.457743857872352944e-01
8.459220485050543692e-01
8.460685721978714602e-01
8.462156212081682893e-01
8.463617706958097564e-01
8.465072233719687089e-01
8.466515163330369242e-01
8.467941806833020335e-01
8.469385012076172670e-01
8.470800382466221468e-01
8.472219958108065940e-01
8.473646604395291826e-01
8.475068978883331106e-01
8.476476252089739649e-01
8.477879764295838116e-01
8.479303059244474028e-01
8.480710289803564672e-01
8.482111305690644976e-01
8.483504499934517717e-01
8.484908734262534002e-01
8.486312359301839692e-01
8.487713602888714570e-01
8.489109571719546388e-01
8.490485770276537947e-01
8.491854645754998154e-01
8.493213151612354350e-01
8.494586898523336371e-01
8.495959491094705607e-01
8.497328466989173545e-01
8.498690683361610487e-01
8.500053511965082187e-01
8.501413086882598780e-01
8.502757891182257666e-01
8.504096667250686803e-01
8.505424058000731202e-01
8.506757187908664530e-01
8.508100233542981172e-01
8.509437124357660531e-01
8.510769261053197088e-01
8.512110125542226013e-01
8.513429258291361768e-01
8.514750772305790250e-01
8.516066830014943356e-01
8.517390398843098787e-01
8.518716278556037746e-01
8.520047579613817534e-01
8.521352009242256775e-01
8.522671200981406514e-01
8.523972138562324607e-01
8.525278066831970536e-01
8.526575863617844586e-01
8.527864674703863335e-01
8.529144762902192145e-01
8.530443065461659202e-01
8.531722466994224874e-01
8.533011799918390761e-01
8.534265621320973327e-01
8.535526647962362601e-01
8.536810439150235297e-01
8.538066832034373332e-01
8.539344400980116712e-01
8.540592393134631699e-01
8.541835829201395169e-01
8.543094007336712314e-01
8.544358030753174127e-01
8.545593740541675976e-01
8.546856521424905928e-01
8.548100471083397434e-01
8.549354141328158185e-01
8.550603042479063554e-01
8.551870349429216978e-01
8.553110671489476680e-01
8.554350511059977125e-01
8.555599339879828014e-01
8.556824293318254782e-01
8.558071250045025113e-01
8.559306765654416393e-01
8.560532016660157284e-01
8.561761517140999977e-01
8.562953481224543362e-01
8.564160101368182287e-01
8.565363936371724884e-01
8.566583061431822799e-01
8.567798873303078544e-01
8.569001348460727474e-01
8.570192087183160501e-01
8.571405666622443631e-01
8.572605111162334701e-01
8.573777850893763430e-01
8.574961934340477043e-01
8.576142169059685072e-01
8.577327023244849524e-01
8.578508025252199465e-01
8.579705710639005112e-01
8.580888577544407703e-01
8.582037815963127203e-01
8.583219055981673451e-01
8.584402154624223291e-01
8.585572394483215186e-01
8.586739071541381607e-01
8.587886803676305636e-01
8.589052090183939558e-01
8.590213390983972852e-01
8.591369745516701517e-01
8.592529797801324865e-01
8.593691855039200522e-01
8.594852120873170964e-01
8.595995118427943726e-01
8.597146291616704072e-01
8.598283921847306166e-01
8.599425088852176158e-01
8.600572600575775439e-01
8.601721019817074598e-01
8.602850952903984272e-01
8.603990255153227684e-01
8.605119283209466952e-01
8.606246647563209340e-01
8.607388247163880735e-01
8.608510319322152382e-01
8.609635069741911062e-01
8.610742324830138461e-01
8.611857462550739362e-01
8.612967554268756709e-01
8.614074430384371928e-01
8.615180087616518545e-01
8.616293121733490379e-01
8.617385975018404531e-01
8.618481468392457101e-01
8.619577872502527383e-01
8.620678292742287585e-01
8.621762120600942048e-01
8.622846806443348333e-01
8.623931098140302787e-01
8.625021795103191558e-01
8.626117980187555379e-01
8.627203419028215414e-01
8.628294378015337607e-01
8.629382548952156951e-01
8.630451838779640283e-01
8.631528614815402456e-01
8.632602440459387072e-01
8.633686753354655741e-01
8.634758931541520743e-01
8.635827893954930445e-01
8.636883785571438654e-01
8.637944753720943059e-01
8.638995661637527412e-01
8.640054366058906865e-01
8.641107001334799032e-01
8.642164640122456110e-01
8.643220614761706333e-01
8.644264136019528255e-01
8.645314548525558918e-01
8.646356706508403489e-01
8.647370848099893426e-01
8.648393230020775535e-01
8.649423952618713329e-01
8.650457095255558171e-01
8.651491947562957030e-01
8.652520786104030970e-01
8.653538218194520848e-01
8.654558244790725441e-01
8.655584631858994626e-01
8.656611047410546211e-01
8.657634723581726366e-01
8.658663843009425376e-01
8.659673258611627622e-01
8.660680345478367625e-01
8.661686843319514884e-01
8.662674819351510180e-01
8.663661881342601401e-01
8.664661029173751361e-01
8.665665984293968727e-01
8.666655945833778851e-01
8.667641313141085657e-01
8.668643165034651821e-01
8.669645750852604804e-01
8.670648583755494743e-01
8.671641469865923879e-01
8.672626200295983079e-01
8.673630757605509389e-01
8.674614583907727106e-01
8.675604022579916919e-01
8.676593301163774141e-01
8.677575702296178584e-01
8.678545453022032952e-01
8.679537392152755215e-01
8.680513359237971294e-01
8.681483535310375865e-01
8.682468574496893243e-01
8.683418613041885559e-01
8.684396472580365733e-01
8.685350498895969551e-01
8.686294630148130302e-01
8.687253292452418174e-01
8.688204165422779290e-01
8.689152082583345704e-01
8.690101799127778470e-01
8.691057034686530125e-01
8.692008848572525537e-01
8.692973331690008187e-01
8.693916262394527639e-01
8.694853399780696490e-01
8.695791304789463050e-01
8.696730005399581076e-01
8.697672450033764324e-01
8.698610500932514311e-01
8.699546485061222523e-01
8.700473809595679064e-01
8.701402702897184094e-01
8.702335858472030061e-01
8.703267177556734957e-01
8.704204153523718013e-01
8.705131330946229706e-01
8.706049080694500120e-01
8.706965815436029654e-01
8.707873559644518924e-01
8.708796764418542669e-01
8.709710242585043671e-01
8.710620672091183847e-01
8.711528327088444712e-01
8.712439818970151295e-01
8.713334526897356103e-01
8.714222333277952259e-01
8.715120717834554664e-01
8.716017140567892119e-01
8.716899534587518872e-01
8.717810137365862300e-01
8.718716012215936839e-01
8.719615725347449331e-01
8.720503223239980395e-01
8.721408658374723011e-01
8.722301378462993249e-01
8.723185897138798772e-01
8.724069491996512271e-01
8.724948503395402177e-01
8.725817196541485465e-01
8.726700675556022802e-01
8.727589638963146879e-01
8.728460336714094492e-01
8.729324672440528232e-01
8.730199303349595041e-01
8.731086093767294054e-01
8.731961601792623817e-01
8.732836859664742102e-01
8.733722360139046792e-01
8.734599735899446493e-01
8.735471875384722695e-01
8.736337649755674395e-01
8.737196302692281646e-01
8.738063708372750815e-01
8.738933934012439453e-01
8.739788865428207432e-01
8.740648594662334681e-01
8.741496192822080236e-01
8.742351181304706120e-01
8.743203836907350590e-01
8.744050880728552189e-01
8.744904390128540594e-01
8.745740439057303472e-01
8.746599507157842845e-01
8.747424500010919646e-01
8.748269391537709661e-01
8.749122818656291933e-01
8.749960710771835792e-01
8.750785150199256179e-01
8.751631377559216940e-01
8.752477173739228178e-01
8.753299188188278235e-01
8.754136103141932912e-01
8.754964618261902309e-01
8.755797503196914855e-01
8.756622340253527037e-01
8.757450509674762351e-01
8.758275077512286400e-01
8.759093944183982128e-01
8.759915470095451795e-01
8.760727094471830734e-01
8.761531439609224758e-01
8.762346194963711588e-01
8.763172820904823190e-01
8.763998016411769232e-01
8.764794916567140159e-01
8.765582452785583012e-01
8.766384632696844204e-01
8.767196609837542010e-01
8.768006983217386807e-01
8.768800306165951408e-01
8.769609754951512848e-01
8.770418587323167703e-01
8.771228267086800257e-01
8.772019846236689400e-01
8.772820472728938279e-01
8.773626329295260984e-01
8.774432144609471962e-01
8.775230059821490514e-01
8.776012767045509033e-01
8.776806894188921015e-01
8.777595356557683637e-01
8.778386830513124073e-01
8.779179378199636341e-01
8.779966224666333474e-01
8.780748213693796433e-01
8.781528143462057345e-01
8.782303316290870354e-01
8.783087306110439751e-01
8.783868638824084973e-01
8.784646251251189142e-01
8.785422495551880040e-01
8.786186493805250297e-01
8.786948989820829725e-01
8.787726724693604163e-01
8.788493229586198385e-01
8.789264485333109223e-01
8.790044311563518509e-01
8.790810512442459590e-01
8.791573925433239234e-01
8.792336258658324244e-01
8.793105658001956204e-01
8.793850442358979169e-01
8.794616020197233430e-01
8.795376111420926124e-01
8.796135575510468652e-01
8.796881189607429485e-01
8.797629970324881699e-01
8.798365212391587864e-01
8.799124388726737855e-01
8.799879226737332694e-01
8.800615834473632937e-01
8.801375065067911230e-01
8.802114814754615768e-01
8.802848072272057012e-01
8.803586813464773231e-01
8.804338468474283141e-01
8.805082149870210317e-01
8.805823269270791620e-01
8.806566916319547023e-01
8.807295361802673916e-01
8.808027390082322494e-01
8.808765573935268822e-01
8.809508331015531990e-01
8.810242897882989421e-01
8.810982529837955157e-01
8.811716916038886405e-01
8.812452337232261623e-01
8.813178262053681378e-01
8.813894199387146688e-01
8.814622175315323105e-01
8.815346132021999459e-01
8.816070965146732830e-01
8.816796435175132673e-01
8.817519354124777609e-01
8.818238080310933924e-01
8.818954763730652013e-01
8.819673977501005790e-01
8.820395806504567338e-01
8.821109252424469416e-01
8.821828326242008300e-01
8.822536968388221545e-01
8.823255019224365281e-01
8.823961342397206309e-01
8.824680438453793574e-01
8.825386535104041696e-01
8.826097985326015749e-01
8.826807174112312193e-01
8.827510584437939789e-01
8.828208203617995409e-01
8.828902897035462161e-01
8.829597877699127961e-01
8.830285318092835345e-01
8.830969142087483625e-01
8.831670159697186939e-01
8.832362690045322262e-01
8.833048523767995652e-01
8.833746539286240207e-01
8.834435292934764705e-01
8.835115394730188587e-01
8.835805984985073414e-01
8.836491424023464880e-01
8.837184899170780206e-01
8.837878595574760743e-01
8.838567007778085349e-01
8.839248558021427504e-01
8.839921903170280260e-01
8.840605120205831113e-01
8.841277887086634868e-01
8.841966505946049493e-01
8.842635194107463237e-01
8.843313183237613284e-01
8.843999639076632890e-01
8.844683460838045352e-01
8.845365059841121536e-01
8.846042141395185077e-01
8.846704972592117633e-01
8.847378079409834450e-01
8.848056981704361945e-01
8.848727210389167874e-01
8.849402411100674160e-01
8.850063701387312909e-01
8.850741211764620031e-01
8.851412692230397061e-01
8.852087475448127130e-01
8.852764213738792964e-01
8.853436524649098693e-01
8.854092817458303344e-01
8.854752452695138221e-01
8.855411035779424678e-01
8.856078861094581756e-01
8.856736876975689343e-01
8.857392550660359021e-01
8.858048571146448502e-01
8.858708411711624375e-01
8.859365181931935229e-01
8.860019346603731361e-01
8.860662567194930173e-01
8.861314788966700995e-01
8.861955955211685554e-01
8.862595422068865192e-01
8.863239574168741974e-01
8.863883022359398955e-01
8.864537416011023518e-01
8.865176273391832673e-01
8.865820748375320415e-01
8.866472780986681679e-01
8.867114054164136894e-01
8.867755911856705087e-01
8.868397194093831093e-01
8.869041626923706012e-01
8.869681817959305103e-01
8.870329691020056861e-01
8.870960680448444213e-01
8.871592827329041198e-01
8.872222944139234180e-01
8.872866580174710860e-01
8.873499985523193301e-01
8.874128040608755263e-01
8.874757441661296209e-01
8.875378256948917022e-01
8.875995731166014258e-01
8.876621126204150558e-01
8.877237859396160946e-01
8.877863704485244867e-01
8.878487556686289750e-01
8.879110279170562281e-01
8.879732402898217192e-01
8.880357663116785760e-01
8.880983957674921658e-01
8.881604528303859158e-01
8.882217165936522330e-01
8.882829449982895254e-01
8.883446668682292158e-01
8.884066815752120760e-01
8.884679524819807384e-01
8.885285384089555150e-01
