0.000000000000000000e+00
3.633333333333255144e-02
6.499933687002568128e-02
8.599217056232677514e-02
1.025996692844927116e-01
1.158399203237638897e-01
1.264326254077868805e-01
1.353945407954115776e-01
1.437367889173934987e-01
1.510541618190501811e-01
1.576256253795397244e-01
1.636008794233717589e-01
1.691271184733897925e-01
1.743326418113468890e-01
1.791896129383963032e-01
1.838897789857806275e-01
1.883609848033798162e-01
1.925905105316583210e-01
1.964853489957368859e-01
2.002189616863034871e-01
2.038245215208334127e-01
2.073938110235280519e-01
2.107520888876213139e-01
2.138905769892620601e-01
2.169589888125668109e-01
2.199973112869666458e-01
2.230425510884442852e-01
2.261042491832364609e-01
2.290360829925037756e-01
2.318630007995959863e-01
2.346420959380368654e-01
2.373148126165574023e-01
2.398824325792457968e-01
2.423570190317060336e-01
2.448113611285852587e-01
2.472479262641840148e-01
2.497004538241662797e-01
2.519983127848631765e-01
2.542902556347615972e-01
2.565136412536811461e-01
2.586675075831823545e-01
2.608235370638584127e-01
2.629668264448390413e-01
2.650875560390987262e-01
2.671584896073619930e-01
2.692377796579714655e-01
2.712346485105778804e-01
2.732252905668661747e-01
2.750898589458897758e-01
2.769817495677304731e-01
2.788513828561451913e-01
2.806638181747561633e-01
2.824285420966955451e-01
2.841761332547720897e-01
2.858623856327052737e-01
2.875582288062655811e-01
2.892194304365868218e-01
2.908703064976126962e-01
2.925399158350845408e-01
2.941724846265327820e-01
2.957666220791866918e-01
2.973474060539355035e-01
2.988807388528417208e-01
3.003876412533078577e-01
3.018719724086668110e-01
2.185280993733496047e-01
2.132907114564247253e-01
2.083091790093999918e-01
2.037055958491049701e-01
1.993164944785432713e-01
1.952253321484466730e-01
1.912026345957776041e-01
1.874553594308760729e-01
1.838834275229468962e-01
1.804358394720784742e-01
1.771807157957264178e-01
1.740446837916713174e-01
1.710000899379175432e-01
1.681114389599351888e-01
1.653537313198580883e-01
1.626916784761708312e-01
1.601573606665196159e-01
1.576846426834189185e-01
1.553017992294509764e-01
1.529777196654505955e-01
1.507337098716837742e-01
1.485809314967371786e-01
1.464690595073167290e-01
1.444379222678335850e-01
1.424532770893998102e-01
1.405353065882911645e-01
1.386787362034149207e-01
1.368950585130515318e-01
1.351464306000225157e-01
1.334535184852196354e-01
1.318220404779381072e-01
1.302239271063501402e-01
1.286755056229044736e-01
1.271664931820126743e-01
1.257104749125098619e-01
1.242856570252352244e-01
1.228917007853306403e-01
1.215383130950062340e-01
1.202139573151297380e-01
1.189374860082259983e-01
1.176770577862450290e-01
1.164634973860549233e-01
1.152681465180300235e-01
1.141083276113549760e-01
1.129744757834996449e-01
1.118607811835091448e-01
1.107754146764932945e-01
1.097082984302378827e-01
1.086728831572523063e-01
1.076616569967036030e-01
1.066745870100643950e-01
1.057060697983307068e-01
1.047561129896901894e-01
1.038251219080859600e-01
1.029180014860569259e-01
1.020251325058349617e-01
1.011502291941851761e-01
1.002927692743259824e-01
9.945090496583985917e-02
9.862599513089989611e-02
9.781643294309713688e-02
9.702198039404610896e-02
9.624194552804858638e-02
9.547734021640888469e-02
9.473005917024693301e-02
9.399215794887308406e-02
9.326622084346762598e-02
9.255869514176627566e-02
9.186174082772002869e-02
9.117828938844542430e-02
9.050355688071673455e-02
8.984160153649302372e-02
8.919149669102288680e-02
8.855008008355499949e-02
8.792046005116768703e-02
8.730302768609521369e-02
8.669363910178090604e-02
8.609427599301804068e-02
8.550414334949651973e-02
8.492396475892605157e-02
8.435277536274109200e-02
8.379215727633868016e-02
8.323949246820613879e-02
8.269550588628603316e-02
8.215718520930014035e-02
8.162614701870668510e-02
8.110543284949299492e-02
8.059164478989457037e-02
8.008548283261911205e-02
7.958638091656805580e-02
7.909537165971118611e-02
7.861080106766553388e-02
7.813280135062800058e-02
7.766136773879225852e-02
7.719574049699066964e-02
7.673698627924767368e-02
7.628400014557926156e-02
7.583733675592091439e-02
7.539560571631170882e-02
7.495977863499221627e-02
7.452963107355237149e-02
7.410489187416940959e-02
7.368528858879090648e-02
7.327116415311991926e-02
7.286206007907469751e-02
7.245886207330891338e-02
7.206059933099910608e-02
7.166714281839618728e-02
7.127777722701617025e-02
7.089301069070003125e-02
7.051295423159706366e-02
7.013740430451621821e-02
6.976609437916576895e-02
6.939937506163965097e-02
6.903723753981609590e-02
6.867957438014257732e-02
6.832604442393450106e-02
6.797605303161115275e-02
6.762981444735662040e-02
6.728764833719039218e-02
6.694951952303615506e-02
6.661516931141975295e-02
6.628475571593502036e-02
6.595811577895839550e-02
6.563508522930570910e-02
6.531535019430188826e-02
6.500011198913945021e-02
6.468783836494888806e-02
6.437905702348160897e-02
6.407320187870947648e-02
6.377075416108576866e-02
6.347130500144360088e-02
6.317431993830868731e-02
6.288176348188154186e-02
6.259195583841466182e-02
6.230551241645820859e-02
6.202163510591793272e-02
6.174039078618887011e-02
6.146154423721836291e-02
6.118558391995816692e-02
6.091227331367653208e-02
6.064173276324251460e-02
6.037383060410589364e-02
6.010867516092610607e-02
5.984607429967861436e-02
5.958573286988763651e-02
5.932793051924467598e-02
5.907217178096071941e-02
5.881853497852436441e-02
5.856781291816084978e-02
5.831956542311272917e-02
5.807349368082038998e-02
5.782921543442996748e-02
5.758799151771053226e-02
5.734879713954957325e-02
5.711164749945643604e-02
5.687679356120663166e-02
5.664387468281867344e-02
5.641290947381064763e-02
5.618414511083789226e-02
5.595744332392404291e-02
5.573227247076031898e-02
5.550905088040083285e-02
5.528810997540305888e-02
5.506907625282869007e-02
5.485135184876545333e-02
5.463627943092998207e-02
5.442269807181263075e-02
5.421123283299847384e-02
5.400148582489788102e-02
5.379291888325324344e-02
5.358621993098290626e-02
5.338157180316963069e-02
5.317845897324687682e-02
5.297686157316616740e-02
5.277729774922192835e-02
5.257892973066965320e-02
5.238257964312136722e-02
5.218786954352431368e-02
5.199496602847880622e-02
5.180317993279418692e-02
5.161317957061528627e-02
5.142431902473026950e-02
5.123727002064248914e-02
5.105156192175015761e-02
5.086693474214798449e-02
5.068387710304252808e-02
5.050234392580563864e-02
5.032210920248046671e-02
5.014351510984901145e-02
4.996580624818310751e-02
4.978957276468744253e-02
4.961468217872597869e-02
4.944098366762113284e-02
4.926868628999594296e-02
4.909761404646102723e-02
4.892724770740893708e-02
4.875829108030579895e-02
4.859073497104422074e-02
4.842445573686882110e-02
4.825939252311002570e-02
4.809544074747814507e-02
4.793271008196576394e-02
4.777122342371853403e-02
4.761070028516760366e-02
4.745132890552128391e-02
4.729317483743761263e-02
4.713625258832475351e-02
4.698044856054223173e-02
4.682539770934208978e-02
4.667146925781369415e-02
4.651849911468158155e-02
4.636692540960929421e-02
4.621644284697342536e-02
4.606683558660521621e-02
4.591821549368445277e-02
4.577069413027026051e-02
4.562443255012861576e-02
4.547878755848540344e-02
4.533444174286296174e-02
4.519091032987013201e-02
4.504842658025450669e-02
4.490686637269922232e-02
4.476618505058730518e-02
4.462692995612336372e-02
4.448850524034023840e-02
4.435101370209523775e-02
4.421423537946549132e-02
4.407809075259833120e-02
4.394284499919241804e-02
4.380874221384556400e-02
4.367539998557473657e-02
4.354305672319676301e-02
4.341142258163536993e-02
4.328074271659113070e-02
4.315091045973915712e-02
4.302163520918380474e-02
4.289314194704230837e-02
4.276560310709495022e-02
4.263863471515261933e-02
4.251274848726362132e-02
4.238774818966969254e-02
4.226335946798804449e-02
4.213961811252883022e-02
4.201672642132652652e-02
4.189462812658015928e-02
4.177316693656666496e-02
4.165247234839126317e-02
4.153243876323083755e-02
4.141305622390353824e-02
4.129452692387475254e-02
4.117682988528605786e-02
4.105984773385670111e-02
4.094350736291529208e-02
4.082751891433096525e-02
4.071248804660538428e-02
4.059809994015028956e-02
4.048435279731671388e-02
4.037127168276909844e-02
4.025881356426048996e-02
4.014720529153258805e-02
4.003607373752166715e-02
3.992527952398537000e-02
3.981542445944946662e-02
3.970636714726271527e-02
3.959769836500114798e-02
3.948983142306730643e-02
3.938257893169355706e-02
3.927597688325067810e-02
3.916985230075188673e-02
3.906444305691819663e-02
3.895960881713662893e-02
3.885541199661779466e-02
3.875164592701530603e-02
3.864842987812512620e-02
3.854599631969616441e-02
3.844415131675313346e-02
3.834266160399180806e-02
3.824184155513780242e-02
3.814138792371821185e-02
3.804156844895045103e-02
3.794246645135424673e-02
3.784386838311103174e-02
3.774565191270557590e-02
3.764794526000350694e-02
3.755091047574801721e-02
3.745411908181824068e-02
3.735825070113082957e-02
3.726256105748607106e-02
3.716741487720887083e-02
3.707269930539330155e-02
3.697849005721789983e-02
3.688504696649363979e-02
3.679200273548232508e-02
3.669947248693287978e-02
3.660733079625352188e-02
3.651565798205855251e-02
3.642450988970294401e-02
3.633385427511792720e-02
3.624347204774202441e-02
3.615380548244371411e-02
3.606452068702429431e-02
3.597563665594147309e-02
3.588721885083771823e-02
3.579923141929564762e-02
3.571178577431295686e-02
3.562467378316114958e-02
3.553810518709147465e-02
3.545187398467707085e-02
3.536621813063049041e-02
3.528102110097258715e-02
3.519621568706363113e-02
3.511179391199763938e-02
3.502775879222275179e-02
3.494422703908773437e-02
3.486109405422345431e-02
3.477836998935496249e-02
3.469597198783487546e-02
3.461400132146574826e-02
3.453240865882319099e-02
3.445122310577867358e-02
3.437037188131816801e-02
3.429004860345230554e-02
3.421010496373019100e-02
3.413023979138190417e-02
3.405100127881392769e-02
3.397218805232735811e-02
3.389363531992235085e-02
3.381550399986058691e-02
3.373771308828498600e-02
3.366032449531522475e-02
3.358331231112807180e-02
3.350657983266165652e-02
3.343025661973781509e-02
3.335407666792428866e-02
3.327837263190576433e-02
3.320299475997031541e-02
3.312807877669284029e-02
3.305344781973041518e-02
3.297905034112411787e-02
3.290509201284676222e-02
3.283152833946018784e-02
3.275834938613474134e-02
3.268542406006553352e-02
3.261285611126175238e-02
3.254061174422498426e-02
3.246879380358953793e-02
3.239713068561320131e-02
3.232577268584409941e-02
3.225480024453403205e-02
3.218423408939190961e-02
3.211378171559391148e-02
3.204380075009267970e-02
3.197408753023803923e-02
3.190467639215652240e-02
3.183560000138618146e-02
3.176695295595736296e-02
3.169854070746026126e-02
3.163041451597379400e-02
3.156265196912962784e-02
3.149519215752501211e-02
3.142796686319009047e-02
3.136114265896639691e-02
3.129447101757061589e-02
3.122814489885835515e-02
3.116210317841729832e-02
3.109632733258212156e-02
3.103089027892515228e-02
3.096562170456935992e-02
3.090077548303332700e-02
3.083623727850251517e-02
3.077188134876825132e-02
3.070766561982708753e-02
3.064388347228683834e-02
3.058033133111406898e-02
3.051709912748859499e-02
3.045419120322304801e-02
3.039138675875301815e-02
3.032897190579396385e-02
3.026675063876466815e-02
3.020485801625675398e-02
3.014320712617727521e-02
3.008178107610710861e-02
3.002067593918985450e-02
2.995976397429886418e-02
2.989915920249915787e-02
2.983879163593602946e-02
2.977869684780386911e-02
2.971874817049235951e-02
2.965917027460783506e-02
2.959982149303098942e-02
2.954074138169560798e-02
2.948176510515601589e-02
2.942318895899130593e-02
2.936479413064318339e-02
2.930655688895779376e-02
2.924863440693459271e-02
2.919099521929960361e-02
2.913348864207764705e-02
2.907613402710820111e-02
2.901911584846895292e-02
2.896239224761976150e-02
2.890587611899964049e-02
2.884942342115871805e-02
2.879328515384867865e-02
2.873736754851165254e-02
2.868164201798594631e-02
2.862615743857653550e-02
2.857089555817076548e-02
2.851578886209179403e-02
2.846098455715788400e-02
2.840646948190637955e-02
2.835205754504669523e-02
2.829792624718156790e-02
2.824396857155373614e-02
2.819030319421871739e-02
2.813675487414248055e-02
2.808340441556250039e-02
2.803039502412175282e-02
2.797754797996238746e-02
2.792490578740743079e-02
2.787241718511053457e-02
2.782015635263927061e-02
2.776813951997793989e-02
2.771631003733480980e-02
2.766459850976880908e-02
2.761311836253418917e-02
2.756175977507098820e-02
2.751067536814054415e-02
2.745983446719238788e-02
2.740913367732522588e-02
2.735860564984774271e-02
2.730828468981289989e-02
2.725818873570804921e-02
2.720831058310709677e-02
2.715857240198784120e-02
2.710889779777399602e-02
2.705938892480897959e-02
2.701020005885709785e-02
2.696128539707828148e-02
2.691246474772988201e-02
2.686387822945284984e-02
2.681547278061090223e-02
2.676720337354431337e-02
2.671913288846325049e-02
2.667123412289859608e-02
2.662349335140456671e-02
2.657591554397458269e-02
2.652850320475034357e-02
2.648121305572591344e-02
2.643424032486366843e-02
2.638732721182930965e-02
2.634070674631036266e-02
2.629417681599870507e-02
2.624781376079472414e-02
2.620166236159959111e-02
2.615572599788487662e-02
2.610993273744538837e-02
2.606418755535095180e-02
2.601864660542119179e-02
2.597324242014221324e-02
2.592804595700455919e-02
2.588296495884439066e-02
2.583809021745847936e-02
2.579341069440160145e-02
2.574876652938406021e-02
2.570444359133152584e-02
2.566020902984041119e-02
2.561616146605681307e-02
2.557221805273994508e-02
2.552836926805230125e-02
2.548476001635750082e-02
2.544125597590815580e-02
2.539793933005791982e-02
2.535475800398806143e-02
2.531179356964659288e-02
2.526892941474154913e-02
2.522623717264597942e-02
2.518358772350836466e-02
2.514116672228918284e-02
2.509889952686313042e-02
2.505680190372187865e-02
2.501476102522157130e-02
2.497296088777902628e-02
2.493128579540743184e-02
2.488977533921009691e-02
2.484840140543476475e-02
2.480714600178736060e-02
2.476600487517253285e-02
2.472496374413218553e-02
2.468412591379096077e-02
2.464333363878672134e-02
2.460269625862618673e-02
2.456224019300437197e-02
2.452192614909603011e-02
2.448170407334494120e-02
2.444161318946023662e-02
2.440175241174010953e-02
2.436197776905455262e-02
2.432231797827614714e-02
2.428277872445754743e-02
2.424344823946663827e-02
2.420424579385012723e-02
2.416518240323592762e-02
2.412624379064136695e-02
2.408737575994509758e-02
2.404860552585620301e-02
2.400992610413420214e-02
2.397147160247108111e-02
2.393313610078617176e-02
2.389494281013564494e-02
2.385685931518709627e-02
2.381891490488888957e-02
2.378109550789266058e-02
2.374336389142990902e-02
2.370572829966469813e-02
2.366819796917048191e-02
2.363079331996328913e-02
2.359358489240581322e-02
2.355648223792298698e-02
2.351947038661640621e-02
2.348265142899589805e-02
2.344588545287602452e-02
2.340924993040534308e-02
2.337273549066548606e-02
2.333636995863959049e-02
2.330014282828029790e-02
2.326405966694063826e-02
2.322800650098917272e-02
2.319212585418022401e-02
2.315632386175278667e-02
2.312064970299200842e-02
2.308506966027030691e-02
2.304958334847870272e-02
2.301417691378347674e-02
2.297896852946826329e-02
2.294380777409498612e-02
2.290880552174936677e-02
2.287381085739169720e-02
2.283894150347848956e-02
2.280429070159738919e-02
2.276964130969764966e-02
2.273520182500280915e-02
2.270078311641758606e-02
2.266643589694859739e-02
2.263226272122908708e-02
2.259823686930421266e-02
2.256423510961404200e-02
2.253044400663906446e-02
2.249666587627619646e-02
2.246305775975190530e-02
2.242954381764548574e-02
2.239620925160424117e-02
2.236289536610784959e-02
2.232969422593758177e-02
2.229663461750553549e-02
2.226361188222529541e-02
2.223076710360723240e-02
2.219799438562672714e-02
2.216529102708003629e-02
2.213270805353283188e-02
2.210012646765834379e-02
2.206765433357551348e-02
2.203531432500813181e-02
2.200312618527609787e-02
2.197103314808161387e-02
2.193901302535925663e-02
2.190703794994182385e-02
2.187525063353533070e-02
2.184351871819193922e-02
2.181178662069532467e-02
2.178022018545123367e-02
2.174873874958641040e-02
2.171736254822994108e-02
2.168608005178204387e-02
2.165494970838283822e-02
2.162387378393438447e-02
2.159278591416274526e-02
2.156191342629641683e-02
2.153112457879345978e-02
2.150040642889794462e-02
2.146976080018314637e-02
2.143916254125781753e-02
2.140872419780906130e-02
2.137837707610235061e-02
2.134810974976811271e-02
2.131794205430501479e-02
2.128788427940504421e-02
2.125790524367925441e-02
2.122797595469265441e-02
2.119815660961209963e-02
2.116839753567784782e-02
2.113872700691025314e-02
2.110918992578851919e-02
2.107974387770842131e-02
2.105034132197859328e-02
2.102104304861451833e-02
2.099180674444355715e-02
2.096264759623877802e-02
2.093363331395099031e-02
2.090464860142054321e-02
2.087575866698356680e-02
2.084691537862329996e-02
2.081816983778596308e-02
2.078950898492096591e-02
2.076093029390790878e-02
2.073242017004795282e-02
2.070401807038243364e-02
2.067566096489273364e-02
2.064737870601835237e-02
2.061918928289528663e-02
2.059110402413496382e-02
2.056304222599475776e-02
2.053507725367547179e-02
2.050720756507661696e-02
2.047943028540543872e-02
2.045174729597099006e-02
2.042412385896038435e-02
2.039660086473319561e-02
2.036914874668740300e-02
2.034171528215265520e-02
2.031439069788429364e-02
2.028714873176825154e-02
2.026001711669971062e-02
2.023293828056009491e-02
2.020592391322906592e-02
2.017896773528979684e-02
2.015208803271003116e-02
2.012525473778055060e-02
2.009852896874080724e-02
2.007187614681657864e-02
2.004531407445982530e-02
2.001881281418410249e-02
1.999234646475321966e-02
1.996599275070769577e-02
1.993968369237884494e-02
1.991337676271498838e-02
1.988717544761596512e-02
1.986105518462199029e-02
1.983502992419805544e-02
1.980908680758625487e-02
1.978320035104680352e-02
1.975736709238334193e-02
1.973160497969684429e-02
1.970593745527956728e-02
1.968034758405554779e-02
1.965482336723785653e-02
1.962938935533150436e-02
1.960396122944378997e-02
1.957860225013276223e-02
1.955331652573803758e-02
1.952804869418454936e-02
1.950285651138524909e-02
1.947776874495260949e-02
1.945277570588100496e-02
1.942780951826899097e-02
1.940290061851454931e-02
1.937811822315531687e-02
1.935339501500266471e-02
1.932875054427986988e-02
1.930414135386865349e-02
1.927958997990115650e-02
1.925515559465774962e-02
1.923072736649241929e-02
1.920638734743969345e-02
1.918211387851103192e-02
1.915789311116706042e-02
1.913371038336503932e-02
1.910965138525455576e-02
1.908562613788021556e-02
1.906163286346397243e-02
1.903775604222777973e-02
1.901383598290262017e-02
1.899007451176321429e-02
1.896632009851270326e-02
1.894259206435005768e-02
1.891897514011907019e-02
1.889539978614159649e-02
1.887187477545959613e-02
1.884841792652558121e-02
1.882505710661953532e-02
1.880174751841301103e-02
1.877853333814271525e-02
1.875532877438373588e-02
1.873214612908767271e-02
1.870906202114500788e-02
1.868603422085409263e-02
1.866307833247390913e-02
1.864016409214805034e-02
1.861731082186602812e-02
1.859450313703383748e-02
1.857175823457842684e-02
1.854908626674251632e-02
1.852647145577841770e-02
1.850393477584028404e-02
1.848143109223833111e-02
1.845896485339768370e-02
1.843655604658904143e-02
1.841417680202744878e-02
1.839190389500679548e-02
1.836966497167218104e-02
1.834748931268479974e-02
1.832536199022730128e-02
1.830329831242583430e-02
1.828125203254032591e-02
1.825922737776744867e-02
1.823731409120147792e-02
1.821543796083063479e-02
1.819357932634308242e-02
1.817185999195602281e-02
1.815019024397261302e-02
1.812855016964731725e-02
1.810693733885867726e-02
1.808542770896810412e-02
1.806395685920903979e-02
1.804250991586289418e-02
1.802112586161404295e-02
1.799977982713839644e-02
1.797844329463780741e-02
1.795722140908099368e-02
1.793606265215905160e-02
1.791492627272770269e-02
1.789381525747355678e-02
1.787278950215759332e-02
1.785184989142066594e-02
1.783092465267862095e-02
1.781006216050645338e-02
1.778928343830775069e-02
1.776853421703923283e-02
1.774782374667678922e-02
1.772715350808448317e-02
1.770652124852474876e-02
1.768596821433535138e-02
1.766547141861499193e-02
1.764498619843810068e-02
1.762456687388938570e-02
1.760416268169519641e-02
1.758383904136493966e-02
1.756355544575832067e-02
1.754329919141925029e-02
1.752312529499419277e-02
1.750295380757341604e-02
1.748289345785089891e-02
1.746280020173180889e-02
1.744280487307932337e-02
1.742288394032678878e-02
1.740296975611888008e-02
1.738306342562703083e-02
1.736327603247356938e-02
1.734353536062135936e-02
1.732379050593775213e-02
1.730412613678418421e-02
1.728449538915841771e-02
1.726492371491973599e-02
1.724537481307005307e-02
1.722588015075803003e-02
1.720642816851109327e-02
1.718701013949439776e-02
1.716764811839583196e-02
1.714830171837634920e-02
1.712900612457776695e-02
1.710977257776313473e-02
1.709061074088609467e-02
1.707149862200614196e-02
1.705235955834685097e-02
1.703324896661279411e-02
1.701422273183604214e-02
1.699526567977083930e-02
1.697634812462799070e-02
1.695744033903609851e-02
1.693862069436307891e-02
1.691983867650569129e-02
1.690111217646490457e-02
1.688237481974750806e-02
1.686371032489403232e-02
1.684510558433948563e-02
1.682655031629247747e-02
1.680801825373701500e-02
1.678949723434298991e-02
1.677104894320174261e-02
1.675263009117683097e-02
1.673426613869052199e-02
1.671594457539642142e-02
1.669765430702390904e-02
1.667939548664519947e-02
1.666117958366494095e-02
1.664299806551540126e-02
1.662488379445922065e-02
1.660680284082259595e-02
1.658875094973594200e-02
1.657074241909417198e-02
1.655274553698788884e-02
1.653478784758102491e-02
1.651691114308783195e-02
1.649904822746159350e-02
1.648124043688359297e-02
1.646349637777691499e-02
1.644576499166789524e-02
1.642807177304075189e-02
1.641041347497419409e-02
1.639281142899246674e-02
1.637519343349234935e-02
1.635766595796389264e-02
1.634017553935100328e-02
1.632271604319792541e-02
1.630526360549603912e-02
1.628786843047150962e-02
1.627047041544801842e-02
1.625317710286083503e-02
1.623590893649706074e-02
1.621863649979187610e-02
1.620146743178537546e-02
1.618428103256989645e-02
1.616712744009425606e-02
1.615002557290537780e-02
1.613299547612828677e-02
1.611597825688318442e-02
1.609900554357412972e-02
1.608207141028433415e-02
1.606514004402010906e-02
1.604825730388434804e-02
1.603143798424647160e-02
1.601466442074099897e-02
1.599790445662685121e-02
1.598119266429060686e-02
1.596450727502982114e-02
1.594786569875340787e-02
1.593124482913318984e-02
1.591463116067987765e-02
1.589808465474991730e-02
1.588156383307192526e-02
1.586509179892623897e-02
1.584865400608588548e-02
1.583224902209742421e-02
1.581587654276900290e-02
1.579954014137149518e-02
1.578324034162655043e-02
1.576698427466559013e-02
1.575073815653455639e-02
1.573454703764981186e-02
1.571837272187298629e-02
1.570224661612536210e-02
1.568613418663245690e-02
1.567009239408100399e-02
1.565404980174804964e-02
1.563806403350976801e-02
1.562210855320004393e-02
1.560617606873037494e-02
1.559025921360512185e-02
1.557437516511255698e-02
1.555853253313996265e-02
1.554270015255221696e-02
1.552690015328709455e-02
1.551117377098671160e-02
1.549546705487515885e-02
1.547978053177349184e-02
1.546414785225599942e-02
1.544853424823518923e-02
1.543292692814142789e-02
1.541738238356869795e-02
1.540186477440577684e-02
1.538640049775298960e-02
1.537097027921134618e-02
1.535555268878355945e-02
1.534016895674309225e-02
1.532478691614283517e-02
1.530946945532852405e-02
1.529416467213461084e-02
1.527892068022987382e-02
1.526367264628433751e-02
1.524848087314139775e-02
1.523333483475143926e-02
1.521821246327215160e-02
1.520312236752415641e-02
1.518805803323061004e-02
1.517299144701968194e-02
1.515798398262052649e-02
1.514301466503822913e-02
1.512806208284894413e-02
1.511315480755739613e-02
1.509823791317222580e-02
1.508339979561603567e-02
1.506857404914913739e-02
1.505379131126170431e-02
1.503904589712623183e-02
1.502432341851241138e-02
1.500959657661611948e-02
1.499490900298677473e-02
1.498024866614010298e-02
1.496564290478967843e-02
1.495105043717861321e-02
1.493647459351457596e-02
1.492193730639495425e-02
1.490744133615043779e-02
1.489296682578980513e-02
1.487851480361994036e-02
1.486407428135683162e-02
1.484968032211935948e-02
1.483529535960733184e-02
1.482093832663465907e-02
1.480661775798451651e-02
1.479231726139497438e-02
1.477808151998395020e-02
1.476384089249623000e-02
1.474964550304863620e-02
1.473549519401089539e-02
1.472135338223929876e-02
1.470724426522019776e-02
1.469315584780574169e-02
1.467910811627204035e-02
1.466508069763838851e-02
1.465109784810559625e-02
1.463711538277545285e-02
1.462315556848535654e-02
1.460922617893606681e-02
1.459535058634616952e-02
1.458147968437496257e-02
1.456763485970609742e-02
1.455381388635216405e-02
1.453999893102688422e-02
1.452621178181642478e-02
1.451246960978352929e-02
1.449874212679278310e-02
1.448506259013127365e-02
1.447140531511916829e-02
1.445777259318677989e-02
1.444416907952808006e-02
1.443059620210936610e-02
1.441705683731612196e-02
1.440353482961071602e-02
1.439001335648534483e-02
1.437652922067691325e-02
1.436308021524342407e-02
1.434966342126331798e-02
1.433625792917777447e-02
1.432286467606505055e-02
