4.149146962020388435e-02
4.414346345734584259e-02
4.668429186789081059e-02
4.892883321966200877e-02
5.100245832555121844e-02
5.291515526936323155e-02
5.485590439781582589e-02
5.654931764423001134e-02
5.814427479615437433e-02
5.967676545790938369e-02
6.105903901185339572e-02
6.237498514603086186e-02
6.367545919920242214e-02
6.482419925339714950e-02
6.587785198478099402e-02
6.688798652056282545e-02
6.777690270825589836e-02
6.867289411711439973e-02
6.950173714712074013e-02
7.034427309143716223e-02
7.113860589424386704e-02
7.184657624673812526e-02
7.257902735097557234e-02
7.323451466544511623e-02
7.390023261206866978e-02
7.451614501123486611e-02
7.508364596669835078e-02
7.557663621792173880e-02
7.608314143496254511e-02
7.654432161928050038e-02
7.693880673389758007e-02
7.735172830987011028e-02
7.771862242904671592e-02
7.807111216027569356e-02
7.836074911965879020e-02
7.864266204469630428e-02
7.892965724347998646e-02
7.918498957728514753e-02
7.943180884597333957e-02
7.961237558890639499e-02
7.982484334145380223e-02
7.996771502211792726e-02
8.012743346362430352e-02
8.025142683579714054e-02
8.035826795422204571e-02
8.047337172030108454e-02
8.056946194672079398e-02
8.067320787767900958e-02
8.073468394315648500e-02
8.077055398744065196e-02
8.079078468279023151e-02
8.080824881737157239e-02
8.082074038646615277e-02
8.083064828445596373e-02
8.080373772671287091e-02
8.078290297993921676e-02
8.076153977446506871e-02
8.072671911633497177e-02
8.068901850478449322e-02
8.063876982989154341e-02
8.058409529755952705e-02
8.052655768219166288e-02
8.046092677892204004e-02
8.037928423754467366e-02
8.027403029672822155e-02
8.018508769119395141e-02
8.009978446135847252e-02
7.997503366649645618e-02
7.985636966340414755e-02
7.972970950639930721e-02
7.960925478574773506e-02
7.947765825037332588e-02
7.933528663283817561e-02
7.920191436314130695e-02
7.905651803875576866e-02
7.890013401896714407e-02
7.874313958924061829e-02
7.858750796019155216e-02
7.842851960946850554e-02
7.826279198991278885e-02
7.809480720487017857e-02
7.790949539313832273e-02
7.772995091294218617e-02
7.754318340326933623e-02
7.736927155315993787e-02
7.719525024681925252e-02
7.700159326982387864e-02
7.681098327792311442e-02
7.661449468131360796e-02
7.641903389212728603e-02
7.621496915959098672e-02
7.601424443417799381e-02
7.580725501822904722e-02
7.560461041117769176e-02
7.540456008356537232e-02
7.519692450296973363e-02
7.499224846585803017e-02
7.478237647323493498e-02
7.457859552142237503e-02
7.437322415826601307e-02
7.416624604678939692e-02
7.395832907492450037e-02
7.374999247732545726e-02
7.354407010606682504e-02
7.333669497998485109e-02
7.312523291258256342e-02
7.291291073829243852e-02
7.270081756832276476e-02
7.249374078185960579e-02
7.228454092036329381e-02
7.207465723232667210e-02
7.186675345891417599e-02
7.165473863373082730e-02
7.144386089537799189e-02
7.122933551905565042e-02
7.101725841797601468e-02
7.080307670769139805e-02
7.059193216476512822e-02
7.037876249346840252e-02
7.016583996355749142e-02
6.995290084474714565e-02
6.974111043033548452e-02
6.952478336646499002e-02
6.931190537941721297e-02
6.909739736748900241e-02
6.888446999297133388e-02
6.866395267213744324e-02
6.844538503736018187e-02
6.822894238668837652e-02
6.801169210586642533e-02
6.779442989521919372e-02
6.758043905578717259e-02
6.736604075807589576e-02
6.714671798111215839e-02
6.692990331503607948e-02
6.671365659684277971e-02
6.649927875809305555e-02
6.628632151603636169e-02
6.607505614226530377e-02
6.586488683018952572e-02
6.565420032602310718e-02
6.544122915099272186e-02
6.523183024264789243e-02
6.502142730593438169e-02
6.481292956056730614e-02
6.460541473990881467e-02
6.440017454575240607e-02
6.419729637530420530e-02
6.399369186398995435e-02
6.378980843481797669e-02
6.358694331815097078e-02
6.338434901431173885e-02
6.318067809460239936e-02
6.297695580224121903e-02
6.277443146411774977e-02
6.257353227304567056e-02
6.237392844286576699e-02
6.217475928153105846e-02
6.197714285126019323e-02
6.177821379599122281e-02
6.158082686982441906e-02
6.138475661313033682e-02
6.119029929129992523e-02
6.099464921735885808e-02
6.079991106234792358e-02
6.060796023744156880e-02
6.041388429426129691e-02
6.022098658736955989e-02
6.002859265273577383e-02
5.983763684529717214e-02
5.964942749583773685e-02
5.946147399217431573e-02
5.927225258718429868e-02
5.908445227653950221e-02
5.889688034750568957e-02
5.871031821741126006e-02
5.852401073573541140e-02
5.833903263974139081e-02
5.815363221620296202e-02
5.796887107456068222e-02
5.778709008342523129e-02
5.760543924295427609e-02
5.742441819326085661e-02
5.724455826280730464e-02
5.706522252772720794e-02
5.688878603977319537e-02
5.671163765891321790e-02
5.653536789402501678e-02
5.636032335011950667e-02
5.618595255523994164e-02
5.601302215164372794e-02
5.584241203393519593e-02
5.567246348958323349e-02
5.550351981914328214e-02
5.533432055563878432e-02
5.516680504922960582e-02
5.500110126189983878e-02
5.483512550898086979e-02
5.467081789257604435e-02
5.450724207036056201e-02
5.434288325477790171e-02
5.418076588626456053e-02
5.401932957423192377e-02
5.385862159671042648e-02
5.369809411690486256e-02
5.353890574545040748e-02
5.338092567668009658e-02
5.322241206394824620e-02
5.306460683367267284e-02
5.290737583901479468e-02
5.275147241800251519e-02
5.259636870322282470e-02
5.244062494722176448e-02
5.228581961443091314e-02
5.213130650097757418e-02
5.197763894106773030e-02
5.182382506557254437e-02
5.166979426641798989e-02
5.151831804980942786e-02
5.136659491481956191e-02
5.121479260649217102e-02
5.106295287644111586e-02
5.091372226592223715e-02
5.076426358249266219e-02
5.061441864253488770e-02
5.046546054110615659e-02
5.031736593468820462e-02
5.017082515249993158e-02
5.002534844328337948e-02
4.988119927300946332e-02
4.973612750520084447e-02
4.959178552289125741e-02
4.944818548195802077e-02
4.930540286419583806e-02
4.916303214561543178e-02
4.902111312633349732e-02
4.888053321137508095e-02
4.874072697228739454e-02
4.860125101197027703e-02
4.846242874973074460e-02
4.832438699455579578e-02
4.818657469662134679e-02
4.804991888546448348e-02
4.791408531268442211e-02
4.777951464794715636e-02
4.764568148723753033e-02
4.751283545862040186e-02
4.737943300285121090e-02
4.724740919345369466e-02
4.711573725739774676e-02
4.698496350260240872e-02
4.685497227143042148e-02
4.672513939534565092e-02
4.659645418454971127e-02
4.646949994927740413e-02
4.634220465554993867e-02
4.621519882254308820e-02
4.608791563157017823e-02
4.596229513556213814e-02
4.583676143037847261e-02
4.571189308041640614e-02
4.558726277028380541e-02
4.546483270227377055e-02
4.534187206196452213e-02
4.521866559960988768e-02
4.509563948674148032e-02
4.497325881815567028e-02
4.485332068083119905e-02
4.473180599999906221e-02
4.461127201123335495e-02
4.449129301229041988e-02
4.437151977232924038e-02
4.425296734364837781e-02
4.413499485209831236e-02
4.401817463188398283e-02
4.390053084835656566e-02
4.378400006586473381e-02
4.366811982107211138e-02
4.355265758483139321e-02
4.343914241944586696e-02
4.332509056254874730e-02
4.321101665398784791e-02
4.309810531076976869e-02
4.298596372781527536e-02
4.287416743644294204e-02
4.276233033740303724e-02
4.265174679844732641e-02
4.254044888668907787e-02
4.243026681528765109e-02
4.232049473795887473e-02
4.221233370627820031e-02
4.210470264200653900e-02
4.199568248712555463e-02
4.188762084374619138e-02
4.177983290527838289e-02
4.167399505095040896e-02
4.156860964881008147e-02
4.146250875470580688e-02
4.135694452306477864e-02
4.125266714430764897e-02
4.114805467585445214e-02
4.104403747091902449e-02
4.094184641388849688e-02
4.083931333782087059e-02
4.073707254570835962e-02
4.063580338858679974e-02
4.053406153822426000e-02
4.043385939009654789e-02
4.033404160503208102e-02
4.023433972933756347e-02
4.013393852503474579e-02
4.003409313006259240e-02
3.993534768658647122e-02
3.983685570185643843e-02
3.973894325436789360e-02
3.964114790129208421e-02
3.954427209512138830e-02
3.944738188375271348e-02
3.935228529493214888e-02
3.925699708906253693e-02
3.916184066664898239e-02
3.906733738805950873e-02
3.897299865236311667e-02
3.887877072155151298e-02
3.878568548702731461e-02
3.869232272044302590e-02
3.859945612429501599e-02
3.850747502962651586e-02
3.841612127088771950e-02
3.832546727113956414e-02
3.823441527850597599e-02
3.814384078779017861e-02
3.805374003859282594e-02
3.796410930993446980e-02
3.787605653724979843e-02
3.778720934156032385e-02
3.769994158806657530e-02
3.761288370074664100e-02
3.752537767913655814e-02
3.743937638722772548e-02
3.735245283808300010e-02
3.726552217421707364e-02
3.717903472554134892e-02
3.709343110210782529e-02
3.700805011657528482e-02
3.692276048934364785e-02
3.683786949830365753e-02
3.675413305429274524e-02
3.667041750174138831e-02
3.658700336149585397e-02
3.650400604121849940e-02
3.642200167331123561e-02
3.633929519886895665e-02
3.625767781746581236e-02
3.617523419369497728e-02
3.609381874041462518e-02
3.601214343936424284e-02
3.593062692029933697e-02
3.584978547840220880e-02
3.576906423556778375e-02
3.568895977349120785e-02
3.560974045296336210e-02
3.553040696886902022e-02
3.545110102619991599e-02
3.537261418349067071e-02
3.529493365915747222e-02
3.521781504038944133e-02
3.514009621562573515e-02
3.506257086850277094e-02
3.498541045507758129e-02
3.490857744262002016e-02
3.483172529889491664e-02
3.475570997662419392e-02
3.467991502361093131e-02
3.460443741282417940e-02
3.453007766327573225e-02
3.445501539324793278e-02
3.438082356304423409e-02
3.430638688922432733e-02
3.423229588376620197e-02
3.415828231602097836e-02
3.408461207850668057e-02
3.401199462890103220e-02
3.393959868021177023e-02
3.386752881322391273e-02
3.379509050545070198e-02
3.372348614115065757e-02
3.365194895902828137e-02
3.358111938981786504e-02
3.350964702541130158e-02
3.343875117131492325e-02
3.336834413819907835e-02
3.329797422618571701e-02
3.322767089827984022e-02
3.315809024908637076e-02
3.308871949587839645e-02
3.301948977778480787e-02
3.295034565098778345e-02
3.288160576447540090e-02
3.281349744064548241e-02
3.274538785431304472e-02
3.267746459065563880e-02
3.260984182012911792e-02
3.254251754780697337e-02
3.247548979639459238e-02
3.240925489105055124e-02
3.234281323326328866e-02
3.227682192300233843e-02
3.221124597579588106e-02
3.214594851915832802e-02
3.208061446026604091e-02
3.201556376627494316e-02
3.195079459281880557e-02
3.188720355866403455e-02
3.182279186412847322e-02
3.175865713776637039e-02
3.169494705155448400e-02
3.163165490039602373e-02
3.156833946921400874e-02
3.150529395263888116e-02
3.144251662381755685e-02
3.138039758569961812e-02
3.131850688232531293e-02
3.125629671179581265e-02
3.119434898336059803e-02
3.113266203569275969e-02
3.107141691610192102e-02
3.101055568584832819e-02
3.094964843408809507e-02
3.088886076474866779e-02
3.082832633852486404e-02
3.076853363541942263e-02
3.070880290231546919e-02
3.064881044624085185e-02
3.058906589994773301e-02
3.052979832123243684e-02
3.047096866121691214e-02
3.041237032821797817e-02
3.035351733824016851e-02
3.029462775455579043e-02
3.023638255080001586e-02
3.017789146090521860e-02
3.011963823960961406e-02
3.006236377403724222e-02
3.000442702106330753e-02
2.994708215279433261e-02
2.988994751180476875e-02
2.983263453948166097e-02
2.977595842283758260e-02
2.971947967221057196e-02
2.966273715540784089e-02
2.960618012518786632e-02
2.954984858775447712e-02
2.949374119484404408e-02
2.943837259477044901e-02
2.938270781730358688e-02
2.932726321034957728e-02
2.927203746789870317e-02
2.921702929425503900e-02
2.916240308609893694e-02
2.910785857347403943e-02
2.905339533928002690e-02
2.899960108346066531e-02
2.894555270964113344e-02
2.889170050462972622e-02
2.883832600541122101e-02
2.878489065203861802e-02
2.873180522974984330e-02
2.867892174995085100e-02
2.862623910600603505e-02
2.857373158793919884e-02
2.852158256923156138e-02
2.846936909819222650e-02
2.841787095035466781e-02
2.836594301728672177e-02
2.831421306492311329e-02
2.826267996140959665e-02
2.821145969251721841e-02
2.816096447710794010e-02
2.811017270271917376e-02
2.805956776742016268e-02
2.800901799786638391e-02
2.795857179381125435e-02
2.790854311227789625e-02
2.785887012814804164e-02
2.780898789717562922e-02
2.775929193864173569e-02
2.770999645367937594e-02
2.766066951960801518e-02
2.761152575345031737e-02
2.756256413522598092e-02
2.751405187724538515e-02
2.746574104133099256e-02
2.741760215919409119e-02
2.736935753285830650e-02
2.732174398855421321e-02
2.727407564685778787e-02
2.722622868132896015e-02
2.717855646419436652e-02
2.713139896468976311e-02
2.708407275661488950e-02
2.703691844867872965e-02
2.698993510448349439e-02
2.694312179442312147e-02
2.689647759562173099e-02
2.685000159187283034e-02
2.680369287357923028e-02
2.675779659943586242e-02
2.671181930433282059e-02
2.666600660656429783e-02
2.662051433507582263e-02
2.657502790844678761e-02
2.652975180958058038e-02
2.648458836433935371e-02
2.643958516154620506e-02
2.639477339504119752e-02
2.635059546276892484e-02
2.630595610213290469e-02
2.626147401187828648e-02
2.621743458892062187e-02
2.617340684104725590e-02
2.612923824771943085e-02
2.608565356984360664e-02
2.604234091750080859e-02
2.599855582600493764e-02
2.595528927404900169e-02
2.591193408512159138e-02
2.586858285511637462e-02
2.582538174713522663e-02
2.578232998150819730e-02
2.573942678395713113e-02
2.569668390969113633e-02
2.565407552540001704e-02
2.561161341831010019e-02
2.557001799968461331e-02
2.552776015158277068e-02
2.548632107825126586e-02
2.544427485944217651e-02
2.540310537563422386e-02
2.536127936294103186e-02
2.531959217005006618e-02
2.527804616477066779e-02
2.523686143725640055e-02
2.519559528627075828e-02
2.515553082614299663e-02
2.511463322814125668e-02
2.507366123318483658e-02
2.503299141249751281e-02
2.499229321392993849e-02
2.495253707205032784e-02
2.491205349517943216e-02
2.487170475996027322e-02
2.483149019280858280e-02
2.479154336789657007e-02
2.475159491340900644e-02
2.471177863369362210e-02
2.467209387286231626e-02
2.463253997936062922e-02
2.459347359387399276e-02
2.455401172387421116e-02
2.451467938125165280e-02
2.447587361491988453e-02
2.443682499966700478e-02
2.439784138192387097e-02
2.435898489145660317e-02
2.432025490668846338e-02
2.428194994890046227e-02
2.424426151975589416e-02
2.420590788500267057e-02
2.416793407078599368e-02
2.412973911295019161e-02
2.409166731442052151e-02
2.405429022814244144e-02
2.401722179984853642e-02
2.398026239774045734e-02
2.394252791046918433e-02
2.390491414363801054e-02
2.386853728421144474e-02
2.383112069872958538e-02
2.379382324834690074e-02
2.375664436442237459e-02
2.371958348192880484e-02
2.368264003942442339e-02
2.364581347902432532e-02
2.360910324637237323e-02
2.357250879061337234e-02
2.353602956436546753e-02
2.349966502369276247e-02
2.346354081512415021e-02
2.342761335217867502e-02
2.339158911295678017e-02
2.335567741913372602e-02
2.331993635371685386e-02
2.328416856839566826e-02
2.324851202677489723e-02
2.321296621023150389e-02
2.317753571050772121e-02
2.314220979322805655e-02
2.310712009104010436e-02
2.307193827145739146e-02
2.303692670890975652e-02
2.300196115012622528e-02
2.296710302100261197e-02
2.293271457609112607e-02
2.289833532893966947e-02
2.286395839135868524e-02
2.282947303145851578e-02
2.279509282670819786e-02
2.276102392705832422e-02
2.272685228235816687e-02
2.269307608675695531e-02
2.265945934889321972e-02
2.262554731401301630e-02
2.259173776078723592e-02
2.255838871688910924e-02
2.252556049920999628e-02
2.249201288313289193e-02
2.245877891471798754e-02
2.242543207339194739e-02
2.239218510401546486e-02
2.235903755835057585e-02
2.232598899083797217e-02
2.229303895857711812e-02
2.226018702130638793e-02
2.222743274138351544e-02
2.219477568376601248e-02
2.216221541599204189e-02
2.212994511368958014e-02
2.209786099225069869e-02
2.206553991983558477e-02
2.203347913073261041e-02
2.200134787356595664e-02
2.196963099424552660e-02
2.193764251982350741e-02
2.190574775977295260e-02
2.187430088339169590e-02
2.184335108478660178e-02
2.181168092375611323e-02
2.178010301343836705e-02
2.174861695119147120e-02
2.171722233671355071e-02
2.168591877202576124e-02
2.165485143069718205e-02
2.162410489702577127e-02
2.159303096230652877e-02
2.156204663542856531e-02
2.153129029244682177e-02
2.150048382412248632e-02
2.146991606417520890e-02
2.143928590683770452e-02
2.140874344475261759e-02
2.137828830171774330e-02
2.134803649354644409e-02
2.131814607879961229e-02
2.128791150567294760e-02
2.125776288748126505e-02
2.122780616364802406e-02
2.119782820842886981e-02
2.116795852033646549e-02
2.113814989829804897e-02
2.110842542168464564e-02
2.107878473460202476e-02
2.104922748316022385e-02
2.102015760185721796e-02
2.099086422023425935e-02
2.096151788773667132e-02
2.093227049743913090e-02
2.090318090529000999e-02
2.087407984391441429e-02
2.084505990699932199e-02
2.081612075571913703e-02
2.078726205313262410e-02
2.075848346416977325e-02
2.072978465561889014e-02
2.070116529611370007e-02
2.067263481607798173e-02
2.064417335434411485e-02
2.061579908420024115e-02
2.058749421814391745e-02
2.055926717161099884e-02
2.053111762404318322e-02
2.050304525664054314e-02
2.047504975234935160e-02
2.044713079585017482e-02
2.041928807354615252e-02
2.039152127355108729e-02
2.036383008567789130e-02
2.033629893572384828e-02
2.030914241241449716e-02
2.028164027828440255e-02
2.025428060213820339e-02
2.022692705979352995e-02
2.019964740770590489e-02
2.017244134683507384e-02
2.014530857975235442e-02
2.011831157345217794e-02
2.009132442379999925e-02
2.006440968543713246e-02
2.003796298420597310e-02
2.001115791185712964e-02
1.998448222925218454e-02
1.995782007612193279e-02
1.993128469128771507e-02
1.990476431943117783e-02
1.987836814484718675e-02
1.985240035177819259e-02
1.982608229885474485e-02
1.979988474720497174e-02
1.977427496443910290e-02
1.974816433015286893e-02
1.972212256261774224e-02
1.969655372882511690e-02
1.967064833957507877e-02
1.964481100648418979e-02
1.961904146170701316e-02
1.959341218680856270e-02
1.956777732470893483e-02
1.954227992867458782e-02
1.951720708326614220e-02
1.949215469611697421e-02
1.946678507605227593e-02
1.944148141149655215e-02
1.941624344556808907e-02
1.939107092271749599e-02
1.936596358871908383e-02
1.934092119066224344e-02
1.931594347694308780e-02
1.929103019725588244e-02
1.926624024494965129e-02
1.924145501081559947e-02
1.921673346770125593e-02
1.919211437926498717e-02
1.916755778862322401e-02
1.914302575422402453e-02
1.911855643781720793e-02
1.909414959918537269e-02
1.907031363337417448e-02
1.904603038391710149e-02
1.902180890056529711e-02
1.899799146763797922e-02
1.897389237037357471e-02
1.894985433781703685e-02
1.892587713815514425e-02
1.890245215438464757e-02
1.887859530648888784e-02
1.885479860462840884e-02
1.883106182162742892e-02
1.880786519815445118e-02
1.878424696985055847e-02
1.876068798723350139e-02
1.873718802764963789e-02
1.871378452380777213e-02
1.869041574292653468e-02
1.866709146304106059e-02
1.864382532681030033e-02
1.862061711708261347e-02
1.859747802409760994e-02
1.857438500608180748e-02
1.855134926960260930e-02
1.852838604369837217e-02
1.850546421377058381e-02
1.848259902996489748e-02
1.845979028255051446e-02
1.843706538927636709e-02
1.841481607121944059e-02
1.839217479842407063e-02
1.836961464216151432e-02
1.834708435157977185e-02
1.832460926201427698e-02
1.830218917083547767e-02
1.827982387640436981e-02
1.825751317806648122e-02
1.823525687614583127e-02
1.821305989590341415e-02
1.819091178548855325e-02
1.816881747828966859e-02
1.814677677848569246e-02
1.812478949120465907e-02
1.810285542251802160e-02
1.808097437943499003e-02
1.805914616989680657e-02
1.803737060277107312e-02
1.801606221421234166e-02
1.799480074289389400e-02
1.797358606135995504e-02
1.795228325880252745e-02
1.793076626923710906e-02
1.790930079877055964e-02
1.788788666258589455e-02
1.786652367674915198e-02
1.784521165820405000e-02
1.782395042476679972e-02
1.780312959064309433e-02
1.778196891905836283e-02
1.776085849232270086e-02
1.773979813168673203e-02
1.771878765924797539e-02
1.769782689794587721e-02
1.767691567155680460e-02
1.765605380468908761e-02
1.763524112277813777e-02
1.761485103530617546e-02
1.759413576171444185e-02
1.757346915534051604e-02
1.755321740836029293e-02
1.753288320792628988e-02
1.751236086824903976e-02
1.749224577542919656e-02
1.747181882325718819e-02
1.745143952505560231e-02
1.743110771425551014e-02
1.741082322506339736e-02
1.739093540614259151e-02
1.737074465839870407e-02
1.735060074043881170e-02
1.733050348952304420e-02
1.731045274366467546e-02
1.729044834162590805e-02
1.727049012291341848e-02
1.725113170418711775e-02
1.723126473076118034e-02
1.721144346509684286e-02
1.719166774963111141e-02
1.717193742752442034e-02
1.715225234265643078e-02
1.713261233962194707e-02
1.711301726372675691e-02
1.709346696098366924e-02
1.707396127810840297e-02
1.705482167950250413e-02
1.703572224423236664e-02
1.701634877848979058e-02
1.699701932809224991e-02
1.697773374320488485e-02
1.695849187467222963e-02
1.693929357401427818e-02
1.692013869342268162e-02
1.690102708575697346e-02
1.688195860454080183e-02
1.686293310395814773e-02
1.684395043884966137e-02
1.682501046470892547e-02
1.680611303767883674e-02
1.678725801454788655e-02
1.676844525274661865e-02
1.674967461034402097e-02
1.673094594604391389e-02
1.671225911918141488e-02
1.669361398971948990e-02
1.667501041824536595e-02
1.665644826596707206e-02
1.663821707498766220e-02
1.661973702416601889e-02
1.660129798057446635e-02
1.658289980786764595e-02
1.656454237030396265e-02
1.654639784055780827e-02
1.652812127556948368e-02
1.650988504252041619e-02
1.649168900804963422e-02
1.647353303938343949e-02
1.645541700433228102e-02
1.643734077128745918e-02
1.641930420921800665e-02
1.640130718766749304e-02
1.638334957675084691e-02
1.636543124715130609e-02
1.634755207011724665e-02
1.632971191745913320e-02
1.631191066154642766e-02
1.629414817530456042e-02
1.627642433221194659e-02
1.625889381759167140e-02
1.624124671318002283e-02
1.622363787601453083e-02
1.620606718175432448e-02
1.618853450659658855e-02
1.617103972727376715e-02
1.615358272105063900e-02
1.613616336572136836e-02
1.611878153960679544e-02
1.610143712155153589e-02
1.608412999092107692e-02
1.606686002759915091e-02
1.604962711198482453e-02
1.603243112498979606e-02
1.601527194803561635e-02
1.599828890969167208e-02
1.598120284824582071e-02
1.596415324446369063e-02
1.594713998177820641e-02
1.593016294411871148e-02
1.591322201590832791e-02
1.589631708206133351e-02
1.587944802798059440e-02
1.586261473955487625e-02
1.584581710315639824e-02
1.582929316688407376e-02
1.581256624295962129e-02
1.579587463358915131e-02
1.577921822705131982e-02
1.576259691209554170e-02
1.574601057793952735e-02
1.572945911426680554e-02
1.571294241122432600e-02
1.569646035941997184e-02
1.568001284992018643e-02
1.566359977424754482e-02
1.564722102437836326e-02
1.563087649274038163e-02
1.561456607221034520e-02
1.559828965611168537e-02
1.558204713821222456e-02
1.556605956506218295e-02
1.554988429596860719e-02
1.553374260950145594e-02
1.551763440118152614e-02
1.550155956696256873e-02
1.548573290399613694e-02
1.546983485924568504e-02
1.545385918920669580e-02
1.543791648207103184e-02
1.542200663592171658e-02
1.540612954926149844e-02
1.539028512101071021e-02
1.537447325050510759e-02
1.535869383749371118e-02
1.534294678213677689e-02
1.532723198500357022e-02
1.531154934707037313e-02
1.529589876971835030e-02
1.528028015473147788e-02
1.526469340429454855e-02
1.524913842099102565e-02
1.523361510780115585e-02
1.521812336809977816e-02
