662 665 649 667 700 652 730 719 689 750 755 752 794 746 776 779 789 796 828 810 819 830 832 819 804 840 872 841 838 838 848 866 870 837 870 862 863 852 869 876 870 874 879 869 884 880 876 887 884 879 882 888 882 890 889 888 886 892 884 884 886 884 860 851 816 840 831 848 815 762 735 732 626 649 657 582 588 580 530 522 574 476 505 504 469 507 496 485 487 462 460 471 461 466 457 461 459 460 461 460
664 680 664 680 727 693 760 732 711 763 766 693 772 741 755 776 796 752 797 801 810 818 825 825 823 856 834 837 855 854 846 838 865 865 866 866 865 874 883 883 872 877 877 881 879 889 881 880 885 884 882 886 884 882 880 882 888 876 883 873 879 865 847 858 822 871 838 814 757 771 790 726 667 643 597 597 587 555 594 599 529 510 494 487 487 476 469 470 471 468 469 469 468 457 460 459 460 461 461 459
682 649 685 704 654 697 718 696 729 741 740 737 779 759 748 779 812 794 817 821 822 788 834 841 833 827 809 856 856 859 863 861 857 847 864 877 860 881 875 868 867 884 886 888 881 884 884 885 884 881 886 887 878 882 887 882 885 885 879 881 888 861 863 874 822 821 862 847 800 811 775 680 625 679 671 596 561 592 525 565 544 522 523 504 486 471 483 476 461 463 466 463 461 461 462 459 460 461 458 462
657 668 685 686 726 697 705 736 728 721 754 761 773 740 783 796 783 793 799 833 842 817 833 836 843 837 836 848 852 851 864 864 859 866 856 878 868 888 871 880 872 881 879 874 882 883 889 891 887 884 883 883 885 883 881 877 881 885 884 878 881 886 869 884 862 851 806 817 810 816 804 743 694 628 618 650 613 590 560 552 553 486 510 495 494 462 480 469 461 461 460 470 461 470 458 458 461 461 462 458
670 665 693 719 677 721 708 728 721 756 744 786 753 783 796 805 759 768 806 818 835 805 816 845 837 846 842 831 860 850 845 857 863 871 878 875 871 881 865 881 877 877 883 876 881 884 878 885 887 886 876 879 882 886 888 888 886 883 886 880 862 879 871 868 879 861 854 804 823 796 761 725 709 663 638 629 540 571 596 561 580 521 483 503 507 512 493 477 477 462 470 461 460 462 461 461 458 459 463 460
672 675 679 718 720 737 782 742 719 765 773 778 763 782 793 777 794 802 802 819 830 845 839 854 812 834 841 866 834 854 869 869 860 867 866 867 874 868 880 867 884 883 886 875 881 882 880 876 879 883 886 881 886 885 886 885 881 890 885 891 885 886 875 866 845 843 821 801 852 816 761 707 696 634 627 580 576 613 564 520 555 547 519 495 504 477 480 478 459 477 470 461 460 462 461 460 459 460 459 458
662 707 657 703 734 703 736 737 733 783 765 754 797 812 791 803 792 794 820 794 839 811 838 835 841 836 847 843 860 852 859 852 870 876 877 883 880 871 882 872 866 875 879 884 881 886 883 884 883 882 887 882 887 884 884 885 886 882 874 887 880 871 874 862 859 835 856 813 815 788 796 764 706 676 593 579 624 578 571 598 545 531 519 519 479 477 512 469 487 479 471 463 462 460 461 459 460 462 460 459
667 693 661 683 745 763 716 732 773 766 757 759 796 785 773 819 774 798 819 793 837 846 838 842 853 840 861 853 848 864 875 868 869 862 875 880 878 878 868 858 877 873 882 882 885 885 884 889 889 874 882 875 884 882 885 888 887 891 882 875 881 880 871 860 837 824 831 822 878 855 773 810 699 646 645 647 563 577 605 604 545 495 529 512 492 535 477 496 472 458 470 460 461 463 461 460 464 461 461 459
675 678 692 700 719 709 748 749 744 756 748 752 807 783 797 778 825 800 830 819 791 829 830 829 851 841 849 856 840 866 867 870 860 869 868 880 887 876 879 882 881 874 876 884 878 880 883 881 879 882 886 881 885 885 875 885 882 883 887 886 884 876 869 875 861 815 819 827 809 828 805 718 644 691 625 621 615 631 571 554 510 504 519 522 510 476 510 475 470 468 464 464 461 464 461 469 459 460 463 461
655 699 706 679 705 744 715 747 766 763 754 798 776 798 789 806 784 826 818 837 795 839 838 834 840 858 842 861 862 842 851 863 864 865 869 880 875 877 884 887 885 883 880 888 882 884 879 877 885 882 887 883 886 880 888 883 884 884 883 883 883 873 854 875 861 861 833 791 812 804 755 756 734 629 639 642 638 576 568 520 567 537 496 495 528 468 477 460 469 469 462 477 464 460 462 458 463 459 460 462
686 701 680 741 720 753 729 762 765 753 740 764 781 818 787 799 837 811 807 848 837 828 832 853 855 846 859 857 877 864 853 864 865 872 878 864 877 881 882 873 881 870 889 877 886 881 883 890 885 888 887 889 884 883 884 885 884 883 884 886 889 887 869 856 819 882 844 830 805 777 754 740 714 665 612 602 642 661 590 553 585 535 503 495 503 471 487 478 476 478 469 461 467 468 464 456 459 462 462 462
684 709 714 713 731 716 745 749 777 744 788 775 764 813 819 812 797 825 830 835 845 829 846 861 849 842 864 874 845 873 867 868 859 871 884 876 871 876 872 877 880 888 880 880 876 883 882 881 886 888 884 882 884 884 886 888 885 883 889 878 885 874 878 840 839 868 838 818 827 813 803 729 675 661 635 636 622 555 563 563 578 536 537 498 504 486 468 497 461 478 479 469 462 462 460 458 461 460 464 460
712 696 701 723 723 724 741 750 753 779 801 766 814 780 786 817 815 801 832 830 816 827 829 853 822 852 846 847 856 875 877 865 877 879 873 872 877 871 887 884 885 882 884 875 880 888 886 883 890 883 882 888 881 884 886 881 885 891 887 887 878 886 867 873 852 851 840 820 797 860 799 678 696 638 650 675 651 603 611 570 606 560 487 495 478 521 510 478 468 486 460 472 459 459 463 462 463 460 463 458
708 672 726 713 694 685 746 797 761 788 786 799 802 791 815 778 820 796 846 839 816 813 853 853 854 857 853 851 855 863 873 875 880 861 869 887 872 885 884 879 878 882 881 887 883 885 885 882 887 884 879 887 887 889 887 885 887 890 893 886 882 885 881 857 866 849 848 823 813 811 761 757 757 689 709 617 622 635 678 562 521 559 486 500 494 516 477 461 470 470 484 470 468 461 459 460 461 458 460 461
679 683 683 697 743 740 731 758 775 743 797 789 803 788 795 806 813 808 823 819 826 845 863 839 847 852 820 857 857 875 873 872 874 883 866 877 881 880 889 878 882 887 882 881 890 884 881 884 887 886 883 883 889 890 890 882 889 888 877 885 880 882 874 874 886 870 874 828 839 796 840 719 735 656 621 694 634 561 559 577 580 555 502 536 496 478 503 484 470 495 467 461 461 461 461 463 460 458 459 461
669 698 705 705 747 689 742 757 764 746 773 777 802 785 819 829 824 823 829 835 833 840 813 851 865 855 851 867 873 874 870 860 866 869 882 874 877 881 880 882 880 887 881 885 885 882 880 884 887 886 882 885 884 885 885 884 887 886 884 886 877 887 871 875 856 840 806 850 833 795 783 767 782 722 655 605 622 555 581 557 580 552 549 511 478 494 470 476 488 459 470 478 462 463 460 461 460 464 463 459
711 738 706 718 752 726 737 772 764 768 756 765 774 815 827 822 828 788 837 837 839 853 842 843 859 857 852 868 846 879 875 872 866 868 877 869 882 873 878 882 880 881 885 882 878 886 881 886 879 886 888 883 879 886 886 885 888 886 884 888 891 879 870 862 869 846 842 831 803 813 789 763 752 697 616 654 626 648 553 572 587 532 530 495 496 487 471 477 494 467 478 462 468 457 462 459 461 462 462 461
683 677 694 697 740 755 740 741 738 789 773 823 811 805 791 829 806 819 840 845 852 832 863 848 859 861 873 852 855 876 869 865 877 874 874 883 882 886 872 882 876 883 886 885 887 884 888 883 892 887 885 881 887 889 887 885 888 888 887 890 883 876 881 863 861 861 853 833 798 837 789 706 720 695 652 660 620 561 550 543 520 527 508 480 520 503 485 477 470 467 476 459 466 465 459 460 460 459 457 461
696 703 706 764 735 735 751 761 779 781 796 791 798 800 803 813 821 832 841 841 848 842 849 846 854 867 862 850 869 869 872 868 876 880 878 873 874 877 881 882 881 882 886 883 887 882 886 884 888 889 882 882 887 880 890 890 887 885 891 889 870 879 878 871 884 841 814 810 829 823 729 704 714 696 657 624 636 547 588 562 537 536 556 544 486 510 470 468 471 468 471 468 467 468 469 459 462 459 464 460
713 705 698 722 759 753 743 738 767 785 769 802 811 800 815 829 828 829 825 835 844 856 847 844 852 847 871 865 856 868 861 863 867 876 878 882 877 877 877 886 885 877 885 882 882 885 887 879 890 885 885 887 886 886 882 884 890 888 886 892 888 886 887 885 888 873 884 854 854 850 773 814 779 661 629 622 588 618 593 580 511 553 513 496 488 486 497 475 471 467 477 458 471 460 465 470 460 460 463 461
691 681 710 711 712 746 768 754 770 768 756 790 775 809 789 827 797 826 827 863 830 836 832 850 854 867 861 862 866 863 874 879 859 874 874 874 876 876 886 877 886 886 887 884 885 883 885 884 888 886 891 887 882 889 889 883 890 886 882 885 882 890 869 879 872 859 840 854 850 837 793 773 757 734 627 625 633 636 552 597 545 513 512 518 522 485 460 476 470 485 470 463 461 461 460 458 460 459 460 459
705 686 746 723 751 746 736 749 770 760 801 781 816 791 821 809 824 813 848 846 853 834 853 857 859 851 859 874 857 871 870 874 879 877 880 877 877 877 880 881 881 878 886 885 885 885 888 886 889 883 883 882 888 885 887 885 893 886 889 892 874 886 889 878 870 856 850 853 824 780 801 795 777 702 686 588 607 619 655 575 553 527 561 513 544 476 503 494 468 476 456 467 458 460 460 461 461 460 461 460
725 713 716 743 729 727 760 752 785 799 779 789 820 813 836 824 837 827 816 845 845 848 854 870 867 874 875 854 869 863 865 885 872 869 882 876 881 883 882 886 882 884 881 888 887 884 884 881 887 886 887 887 886 885 886 886 891 885 886 893 880 885 886 888 865 865 876 840 843 868 775 810 750 737 653 611 664 611 568 564 572 523 578 497 479 483 502 493 491 476 462 479 467 462 467 460 461 462 462 460
714 699 702 688 752 775 749 772 780 790 799 788 799 821 829 842 849 825 837 834 859 830 855 863 871 842 872 862 866 879 874 876 871 875 873 879 885 884 888 882 878 882 889 886 879 887 886 886 885 890 885 884 883 881 888 885 881 884 891 887 883 889 886 885 884 862 868 856 818 835 823 767 771 698 661 637 629 585 596 542 555 587 522 502 516 529 495 471 458 493 459 469 462 459 460 460 463 464 461 459
725 731 693 725 730 766 746 775 800 769 776 817 801 821 835 836 823 844 846 823 838 833 858 854 862 846 842 861 864 851 871 879 864 881 882 883 882 878 883 881 884 885 883 890 885 884 881 890 885 876 882 888 887 885 886 883 889 888 887 887 886 886 881 874 885 827 864 860 836 808 813 790 699 743 721 652 664 638 623 592 545 573 503 538 519 501 485 469 471 476 461 458 457 460 460 462 458 459 459 457
664 701 699 733 716 756 761 763 783 788 766 818 801 806 808 829 828 824 846 838 833 844 873 853 857 868 875 871 874 867 861 884 880 881 884 885 887 886 889 884 887 887 881 884 882 886 885 883 887 887 888 887 887 885 888 887 886 885 885 889 887 883 887 869 870 867 887 835 857 823 814 806 716 712 660 706 687 647 612 594 509 581 539 529 511 517 478 477 468 468 470 462 460 478 467 457 460 461 461 458
712 693 715 739 716 737 750 789 799 802 789 794 812 798 833 837 814 834 815 836 864 860 859 847 872 868 876 850 860 867 874 882 870 881 880 881 880 883 880 886 879 884 886 883 889 878 887 885 885 885 885 888 888 887 882 892 885 887 885 888 883 887 888 878 876 850 865 851 831 844 792 763 762 692 693 690 663 602 580 554 527 561 485 518 468 517 505 503 485 484 464 468 469 459 468 470 462 459 462 460
676 709 712 735 744 767 762 780 763 776 811 810 839 821 830 824 814 825 836 844 839 835 863 843 868 861 872 871 869 873 871 881 879 881 881 879 881 884 880 875 886 891 888 886 889 888 889 886 887 893 885 889 889 885 888 888 890 887 891 886 881 886 885 888 879 869 854 844 839 858 779 736 768 713 687 714 673 668 572 591 536 526 560 537 494 471 468 485 498 462 487 467 480 458 460 462 461 460 463 461
699 714 726 753 752 777 757 789 781 790 820 807 806 806 816 816 820 833 820 847 843 859 861 855 863 862 867 859 883 880 874 878 870 868 881 878 881 881 882 884 885 887 884 883 888 888 885 891 887 887 886 886 884 886 885 888 888 891 888 878 892 887 877 867 874 860 867 851 832 794 776 811 727 789 744 642 681 612 635 595 562 564 533 510 521 477 475 484 475 487 464 484 462 468 460 459 460 461 460 459
725 695 712 739 778 756 782 762 771 787 810 785 802 820 809 849 830 851 867 840 864 862 851 852 859 860 870 877 877 872 871 874 867 871 886 886 886 888 889 887 881 885 887 889 885 886 885 893 888 884 884 888 886 886 883 885 884 890 890 884 858 885 876 878 873 876 845 859 841 816 814 802 784 732 741 731 656 665 642 633 570 555 552 504 521 493 496 468 494 458 468 469 463 462 460 463 459 462 460 461
717 723 714 735 736 714 779 764 789 788 796 760 795 792 835 819 807 828 840 843 855 843 850 856 864 851 872 873 879 878 876 873 875 883 882 881 880 886 889 880 882 887 885 888 887 886 890 891 887 885 882 885 883 889 882 887 886 889 888 891 886 889 889 882 885 863 869 869 856 818 801 781 791 715 676 675 679 636 632 574 581 523 539 508 516 486 489 478 494 466 503 470 467 462 470 458 459 461 458 460
680 705 721 732 739 745 775 754 772 785 794 836 822 822 842 833 834 840 829 827 861 846 853 855 854 864 864 864 872 873 876 869 877 882 866 885 886 881 884 880 886 888 885 884 889 884 890 889 890 888 888 887 882 879 885 887 887 887 886 887 886 883 883 889 852 820 871 879 876 815 780 747 801 729 692 699 654 643 606 607 575 571 495 554 534 509 495 483 472 459 472 473 469 460 470 473 476 460 458 460
678 716 730 740 761 731 747 785 782 797 810 792 802 803 828 812 845 852 840 843 845 859 856 848 867 869 868 871 854 869 871 876 882 884 884 877 883 883 883 879 886 887 879 883 887 888 884 885 886 891 888 885 890 891 885 885 887 886 891 886 889 886 891 882 875 870 880 861 867 837 784 790 745 661 651 680 658 605 609 587 572 569 550 518 541 492 502 477 469 484 468 458 467 461 471 461 460 457 461 461
715 715 725 765 715 763 767 780 810 796 807 794 814 832 814 839 825 837 836 834 851 847 853 860 868 870 869 878 861 878 878 881 879 880 876 883 886 883 877 887 887 888 885 886 890 887 887 884 892 886 887 885 889 888 885 884 885 885 888 887 887 884 872 882 883 879 872 848 849 825 814 767 791 773 690 675 681 610 595 669 541 587 563 558 505 492 497 466 461 484 468 467 461 471 460 462 471 458 459 461
697 685 728 711 751 707 785 791 777 785 805 796 818 789 831 818 814 830 848 840 848 852 862 846 863 861 872 848 878 864 876 875 877 880 887 883 881 875 885 885 887 880 883 880 889 887 885 891 885 886 890 884 891 886 884 885 885 888 888 887 887 887 891 888 879 875 873 838 844 817 837 790 751 733 669 685 645 680 614 580 568 571 520 577 521 496 460 504 467 467 460 471 467 461 461 461 460 460 460 459
684 732 712 707 704 749 760 780 805 802 809 808 832 815 834 840 820 832 842 846 852 850 853 870 868 878 868 861 880 879 849 861 879 879 869 885 885 883 886 887 886 886 885 886 883 886 888 887 883 891 889 881 884 890 887 884 887 887 889 888 883 891 884 880 877 891 853 879 839 836 834 788 759 755 706 691 621 590 646 575 611 595 578 553 521 514 529 485 481 461 486 475 468 459 457 461 462 460 463 461
704 725 734 718 739 779 767 767 787 779 788 799 816 826 846 832 837 837 853 819 854 854 854 852 866 864 867 874 868 866 879 868 880 883 885 884 885 885 885 888 883 892 885 889 886 888 885 886 885 884 888 883 886 883 886 887 889 887 886 881 890 892 883 878 870 891 872 847 838 846 823 774 803 731 747 653 702 660 585 596 571 571 527 539 514 500 493 500 481 478 475 468 461 458 459 459 458 459 458 459
697 723 700 737 779 736 782 708 787 786 795 808 818 809 815 866 836 819 858 860 853 838 862 864 861 871 872 873 871 883 879 879 885 877 887 881 887 885 875 882 888 889 889 887 882 885 889 883 886 884 887 887 887 886 884 890 889 887 889 880 889 881 878 880 886 870 881 861 815 827 819 813 753 770 747 736 639 604 594 630 584 534 530 529 521 554 494 486 486 479 468 466 460 470 459 461 462 461 459 458
702 694 763 735 734 770 740 754 798 763 814 801 822 806 818 829 816 825 860 821 821 857 837 867 865 869 867 873 873 876 881 872 873 882 883 877 882 881 886 882 885 883 888 893 884 887 887 886 884 889 886 889 885 888 891 886 888 882 885 890 892 895 877 888 886 861 869 858 870 833 848 805 778 715 673 691 663 622 613 628 580 547 580 557 510 528 458 470 510 509 469 477 471 462 457 459 462 461 459 459
715 718 729 746 719 749 739 782 778 824 768 796 821 829 828 836 856 826 837 866 853 858 861 841 858 863 872 881 874 875 868 875 883 880 871 882 883 886 885 882 884 889 883 887 888 888 891 889 889 888 889 884 890 890 887 888 889 886 886 888 887 866 885 888 862 860 879 849 862 852 815 818 749 785 731 680 698 686 664 619 565 553 569 520 528 526 477 494 474 470 485 480 467 469 468 460 458 460 459 458
677 710 724 752 728 760 768 772 773 797 813 798 817 824 829 827 847 797 862 847 849 856 843 854 874 870 864 863 876 860 872 882 879 886 884 877 888 879 886 886 884 886 890 886 888 887 890 891 884 886 883 888 885 889 883 887 888 888 884 891 886 889 889 887 868 868 874 870 827 851 773 754 773 745 726 746 698 684 612 646 578 553 602 527 555 558 510 486 504 462 495 469 458 457 461 468 469 464 458 458
700 751 724 734 771 740 775 775 775 797 802 810 797 804 819 836 838 834 843 846 854 865 856 868 870 870 872 876 871 870 883 870 880 883 887 881 884 887 889 884 882 882 888 880 885 888 889 886 887 884 881 887 887 883 892 887 891 886 887 892 891 881 885 888 893 867 860 851 847 853 837 778 733 776 691 712 664 637 583 646 583 555 553 529 527 529 494 493 509 470 460 478 469 458 467 467 462 460 459 461
708 711 707 757 751 754 767 766 773 788 803 796 828 797 841 813 839 851 840 846 856 852 869 861 853 862 861 861 871 878 883 877 884 883 883 886 888 882 877 882 888 888 891 891 889 889 888 890 889 886 887 888 886 891 888 887 887 893 890 891 892 878 876 888 874 881 862 861 823 873 834 834 798 740 687 668 698 726 622 624 574 519 579 538 509 503 519 493 527 466 475 497 469 459 479 469 459 460 460 461
712 719 724 744 768 737 786 765 807 775 798 809 810 816 822 835 813 823 822 843 852 853 848 867 862 879 865 883 872 881 873 876 886 874 882 882 886 882 888 885 890 882 888 888 882 882 888 885 887 885 890 890 891 888 888 887 888 887 887 890 885 881 889 888 881 863 883 873 844 848 826 748 763 727 723 728 716 634 669 602 562 587 521 637 494 546 502 483 491 493 494 458 470 478 467 469 459 459 458 458
731 701 688 737 757 753 784 767 756 780 805 766 843 811 801 831 834 832 846 823 862 847 847 864 874 873 863 872 869 881 878 877 872 877 884 881 880 877 885 885 883 887 886 889 884 885 883 888 888 889 884 891 891 885 891 888 885 891 883 890 891 892 884 877 870 878 862 845 813 841 818 788 735 776 740 721 664 642 604 636 547 586 582 565 546 499 520 485 471 485 467 469 468 462 459 468 461 471 459 463
685 693 703 755 758 767 759 779 792 765 781 814 799 798 814 849 839 859 825 861 861 839 878 856 865 856 853 868 870 875 873 882 882 876 884 881 881 885 890 884 887 892 887 892 888 890 887 887 890 891 884 885 890 886 886 890 885 887 878 887 889 876 885 886 880 859 882 854 822 850 831 794 776 790 735 666 706 642 698 655 561 571 562 549 545 503 529 509 504 491 459 485 476 476 475 462 461 469 461 461
711 712 741 712 708 760 774 776 773 780 786 812 809 836 825 825 827 823 851 840 866 845 853 871 842 857 868 873 863 879 879 883 884 879 886 868 886 879 891 887 891 890 886 890 886 884 888 888 882 891 889 884 888 888 890 885 887 887 885 890 885 890 885 884 889 854 862 887 834 838 842 808 770 746 717 737 695 602 683 663 595 587 569 510 539 560 510 501 479 475 469 478 461 463 477 473 459 462 458 455
697 714 718 740 740 706 754 772 817 788 823 826 778 832 793 811 831 797 843 855 853 847 868 855 864 853 850 848 878 875 875 869 887 881 880 886 886 879 885 889 889 884 890 883 884 886 888 889 889 893 889 887 888 886 897 888 884 888 886 891 890 888 889 885 867 855 890 854 830 820 836 839 790 716 717 744 651 724 620 630 638 583 555 571 508 516 571 479 496 479 513 473 461 458 467 458 463 458 460 456
691 697 706 747 761 734 779 745 794 789 791 790 799 801 799 832 845 839 844 838 827 862 859 858 861 873 864 881 873 867 877 865 877 879 887 884 883 887 884 885 885 887 877 889 886 886 884 889 892 887 888 883 883 892 889 889 886 891 889 881 889 889 890 891 885 886 877 859 856 822 844 750 799 745 689 774 711 725 615 646 618 607 611 551 587 522 502 520 491 506 469 469 486 482 486 478 462 457 461 458
678 705 730 732 749 736 772 759 774 798 767 803 776 812 811 814 848 838 827 841 853 841 859 873 852 863 872 877 876 879 877 882 887 881 883 880 887 882 888 889 885 885 888 889 882 889 890 890 892 885 886 889 894 891 888 886 888 890 888 886 891 879 878 868 881 863 880 866 856 824 833 837 800 760 736 705 661 685 634 632 559 586 534 521 537 546 520 485 494 478 487 490 492 460 478 461 478 459 459 459
676 702 684 755 739 749 774 791 772 766 800 804 806 815 831 815 842 841 835 843 852 852 839 853 846 848 874 877 872 879 878 885 886 889 862 888 892 885 886 885 890 887 888 888 891 887 883 890 888 886 890 893 888 886 887 891 892 888 884 892 888 882 890 879 890 862 868 883 847 826 811 796 795 748 764 669 709 700 644 645 612 611 537 580 545 522 526 493 483 483 469 456 462 466 468 462 471 460 461 459
669 704 734 704 732 771 776 761 774 800 804 825 816 815 814 815 831 841 874 835 830 849 852 856 872 865 860 873 875 869 882 879 884 880 870 883 881 884 883 890 883 887 886 887 888 889 884 891 886 890 889 890 889 889 890 879 885 886 890 888 884 888 889 878 871 880 873 864 885 850 796 788 766 791 742 705 695 693 692 681 569 574 544 590 522 550 528 494 503 459 486 494 467 468 478 461 467 467 460 459
684 704 725 731 752 727 755 783 765 773 783 813 805 814 822 828 842 832 853 816 845 849 853 873 866 861 875 856 870 876 882 880 885 881 889 880 886 882 886 885 890 881 887 886 884 886 890 889 888 881 888 886 886 889 887 886 887 885 892 888 889 880 886 865 888 866 858 865 840 834 817 802 793 759 706 742 690 627 678 629 581 561 561 553 603 522 527 535 509 485 484 497 503 475 467 468 459 466 459 459
712 729 727 715 705 765 778 761 767 762 808 774 790 800 819 815 819 827 828 856 862 859 867 862 864 861 864 882 879 863 881 871 881 883 888 886 881 885 880 888 892 890 884 883 884 891 887 887 890 892 891 889 890 882 888 888 889 890 891 881 876 889 888 885 871 883 854 852 852 817 847 823 792 752 762 717 751 656 680 664 621 599 571 527 561 506 493 539 501 511 486 485 469 460 456 467 469 459 460 460
722 656 736 680 745 740 762 797 777 784 798 799 783 805 822 825 845 812 837 859 819 854 856 847 872 857 849 872 876 870 869 879 862 882 888 886 886 886 886 885 886 887 888 888 885 891 889 889 887 887 885 887 890 890 884 889 894 886 883 888 891 886 880 876 881 881 878 880 882 848 830 766 766 765 732 762 707 647 709 643 588 581 522 564 567 551 512 530 539 503 478 475 471 458 490 470 468 461 459 462
702 713 730 701 753 740 742 749 789 769 784 795 802 823 805 808 830 834 818 861 842 851 851 870 847 870 861 870 880 870 873 878 873 881 890 883 879 887 880 886 883 889 886 887 891 890 892 888 884 889 885 891 891 888 884 888 886 888 889 886 891 886 886 869 882 872 870 847 872 804 848 753 769 773 747 695 729 613 659 615 628 579 561 570 557 519 496 534 503 500 476 495 486 478 467 477 468 456 458 460
659 698 713 712 720 777 760 755 790 779 818 797 816 795 790 833 826 827 819 857 852 834 851 855 854 857 875 871 873 873 878 865 873 870 888 885 889 888 882 883 888 884 884 892 885 884 885 887 889 888 887 885 890 885 884 890 891 891 886 884 891 891 882 886 878 880 872 848 875 859 822 828 798 766 789 720 710 671 705 632 666 662 579 571 555 520 517 481 488 490 493 459 474 470 468 469 464 460 460 461
634 678 748 735 732 737 779 771 742 770 792 761 778 824 788 854 817 827 842 847 843 855 862 846 847 880 861 860 871 869 877 881 887 869 877 869 875 882 884 883 892 884 886 888 884 892 890 888 890 891 891 887 888 887 886 887 886 887 885 888 889 877 889 872 887 867 867 866 845 824 816 809 808 773 746 703 759 749 698 664 658 572 585 543 552 538 529 537 525 476 503 511 472 467 471 461 468 461 467 461
678 699 730 695 688 739 717 791 756 781 794 800 828 821 801 803 818 845 838 810 852 850 866 866 854 868 846 871 882 885 870 884 891 877 876 873 888 887 882 883 883 888 884 890 888 888 888 890 888 884 892 887 889 890 885 883 884 890 885 886 890 874 882 887 880 880 844 863 837 869 862 772 740 782 749 715 764 725 637 665 680 624 614 629 555 527 588 520 480 510 493 476 463 467 469 460 469 467 459 462
655 664 679 726 715 719 734 761 740 783 795 816 809 830 823 797 830 827 855 844 839 842 839 868 860 883 865 860 854 873 886 877 876 873 872 884 879 890 882 888 889 880 888 891 893 891 889 888 889 891 887 887 885 891 885 887 885 884 889 890 883 885 878 879 875 870 872 852 891 814 836 815 793 786 756 734 692 725 630 646 677 624 539 568 628 549 562 508 486 514 478 496 465 463 468 468 458 460 458 460
666 677 690 733 700 745 730 765 740 752 794 760 807 813 814 814 820 834 841 839 842 827 857 855 845 869 874 875 887 858 885 875 875 874 884 883 882 891 885 880 891 890 889 889 876 888 886 887 889 894 883 888 890 885 887 884 891 883 890 889 888 881 863 879 888 874 891 887 853 849 794 797 769 786 771 755 736 716 680 658 630 584 603 589 578 519 520 528 534 495 484 502 511 478 485 460 460 467 467 472
704 700 705 674 738 741 732 717 763 739 814 776 836 789 824 804 788 809 823 824 866 830 822 860 860 837 849 870 871 871 887 876 879 875 877 885 880 887 883 892 893 887 891 893 890 888 885 890 887 886 885 881 889 889 886 884 890 886 888 888 875 880 880 888 863 869 867 865 879 858 846 789 717 727 767 784 686 715 711 695 661 619 614 561 574 527 501 526 496 483 471 475 486 476 459 459 476 461 458 462
668 715 740 732 720 712 736 758 758 796 769 806 777 837 817 809 789 836 800 852 838 860 841 849 870 864 865 867 876 871 874 873 878 884 888 894 874 878 883 892 892 883 887 883 888 892 890 886 886 890 890 892 883 891 882 888 889 890 887 895 888 882 889 881 888 871 867 856 830 831 828 827 838 761 736 759 692 652 623 640 641 580 612 584 552 537 535 526 551 502 494 477 512 466 460 476 475 470 461 458
688 678 700 740 718 704 795 720 762 759 782 760 781 824 825 815 814 825 821 851 841 865 852 847 854 872 866 860 864 877 883 873 888 881 886 888 888 886 887 887 886 892 889 885 889 888 890 890 888 884 889 891 885 888 886 885 883 886 886 874 891 888 878 881 861 870 862 871 873 862 854 812 820 740 737 737 697 700 683 589 668 640 646 605 571 556 553 526 505 510 478 476 512 478 477 461 476 467 459 462
657 674 704 719 713 730 756 746 746 797 740 784 776 806 805 818 824 828 846 833 848 853 869 863 863 872 848 865 870 879 866 864 877 885 885 890 883 884 891 890 885 885 890 884 890 884 892 892 891 890 889 890 888 883 888 892 889 889 886 891 887 890 890 889 881 881 866 865 874 879 792 820 818 781 786 712 705 675 653 716 665 595 628 613 563 546 520 538 502 468 486 503 471 469 461 460 460 468 458 457
672 699 675 704 721 766 757 752 755 751 742 784 785 779 813 804 825 808 845 824 833 853 840 857 866 833 867 847 861 870 877 856 866 873 879 880 877 886 888 880 889 889 885 889 879 886 883 886 886 887 885 891 885 889 890 888 888 890 889 883 881 880 884 878 877 889 876 866 846 850 838 800 778 768 757 758 714 713 629 650 643 624 607 598 563 555 514 569 513 532 487 497 487 511 461 492 475 470 459 469
697 699 708 746 749 717 723 736 774 788 791 801 800 791 804 806 833 836 807 842 843 860 871 840 857 862 861 872 865 875 876 882 864 872 886 889 878 891 886 890 886 886 885 886 886 879 888 886 894 890 891 884 880 890 885 890 887 890 887 881 891 891 886 888 880 888 875 865 861 845 844 806 803 788 759 691 684 746 668 624 686 606 623 570 641 534 545 535 497 504 483 475 477 466 468 466 467 474 460 467
672 691 709 675 699 729 735 753 741 769 785 787 769 797 808 796 814 817 830 795 828 851 861 832 879 866 877 872 881 871 874 881 881 870 872 884 886 880 880 886 879 886 886 888 884 887 891 886 887 886 887 883 883 880 889 886 890 884 889 888 888 873 887 882 861 874 857 861 880 837 827 811 768 780 742 766 714 773 717 678 632 623 630 609 580 525 588 544 527 532 479 526 471 483 479 477 462 458 472 460
661 695 677 705 697 738 701 725 755 778 744 772 740 768 784 781 808 799 850 840 843 835 863 853 855 863 860 861 880 872 874 888 879 876 883 878 885 893 882 887 879 886 889 890 889 891 887 889 886 887 887 887 887 888 886 887 883 889 885 891 876 881 882 877 865 872 863 864 870 834 837 815 801 759 722 704 713 716 683 646 639 586 591 614 582 549 535 589 476 501 475 500 493 485 462 461 458 460 459 460
681 691 671 695 727 684 698 740 782 760 760 789 783 783 803 804 822 777 812 860 809 837 826 854 874 866 860 865 880 879 875 864 871 886 873 874 879 875 875 886 888 886 886 890 887 889 888 892 885 892 891 891 884 888 888 880 892 887 891 894 887 893 890 890 870 881 886 875 856 843 808 844 797 759 770 739 734 675 689 704 660 648 610 539 577 547 546 504 522 495 532 470 466 470 467 468 459 459 469 469
655 683 689 712 712 714 722 716 764 755 820 789 800 767 791 800 819 811 844 863 807 839 835 848 855 855 854 871 867 857 883 880 871 891 875 881 890 891 877 878 884 892 881 891 887 883 886 885 892 888 884 889 891 889 884 889 888 888 889 888 878 881 873 865 885 861 875 863 853 846 828 841 779 761 776 714 756 732 699 633 580 616 656 576 608 556 573 563 544 520 518 504 517 492 487 466 470 469 468 462
651 671 691 700 728 713 686 756 755 754 770 802 771 791 793 779 811 814 827 839 827 841 867 845 849 861 866 864 870 872 882 877 885 869 877 882 880 883 875 890 891 889 894 887 885 885 890 893 889 887 890 883 890 885 888 890 886 886 888 887 882 879 887 880 888 873 841 858 857 834 821 784 778 742 742 715 738 667 671 639 672 581 556 570 595 539 538 529 520 512 513 499 460 486 477 479 486 468 460 455
649 664 684 657 714 687 741 739 744 754 785 764 786 796 772 817 813 823 776 840 838 843 827 850 858 844 827 861 860 877 868 871 864 869 880 888 889 877 890 883 886 881 887 885 888 888 890 887 890 890 885 885 887 886 884 891 886 879 886 888 882 863 877 875 870 872 868 852 861 785 856 803 750 788 788 783 691 698 711 641 645 613 633 590 606 572 556 538 546 510 522 498 503 465 487 477 471 460 461 459
637 707 702 686 711 722 698 747 727 776 777 777 763 796 801 785 792 821 801 850 836 859 838 847 836 855 844 866 851 850 871 871 879 886 875 885 889 876 884 888 892 882 885 889 884 885 887 893 885 885 891 886 887 890 882 889 885 887 889 889 888 885 880 857 887 861 881 876 829 848 820 795 787 757 748 745 720 678 721 621 666 630 599 548 546 538 520 517 535 505 501 506 503 499 469 465 477 463 470 467
640 638 688 682 712 677 722 752 765 722 767 755 744 789 783 792 794 830 819 786 852 826 833 828 849 841 852 875 879 858 873 864 867 871 883 894 880 877 885 876 879 884 890 886 883 887 880 890 885 887 882 885 885 886 891 887 881 889 887 886 890 886 861 890 867 882 859 874 845 819 781 825 713 724 774 740 674 680 661 657 680 596 620 573 552 553 528 485 513 514 529 474 484 461 494 485 459 460 459 466
651 657 656 679 679 725 706 731 732 687 793 741 755 741 743 800 790 804 815 832 842 835 840 849 848 845 855 854 868 864 873 875 871 874 879 874 880 887 885 881 887 886 891 884 887 892 890 887 892 885 891 885 892 889 884 886 890 887 885 891 885 884 891 875 857 864 881 860 862 855 846 867 837 748 722 710 742 715 658 673 633 596 631 564 597 546 518 546 562 514 511 494 503 468 466 458 468 462 472 460
655 678 678 676 672 726 718 745 747 749 732 736 765 795 805 786 796 828 809 786 828 821 844 817 849 847 874 844 863 862 872 847 875 877 878 887 888 882 892 884 885 883 882 891 889 891 892 886 888 886 878 889 890 888 888 886 888 887 886 889 878 871 890 865 873 863 875 818 862 853 777 834 815 803 769 729 710 667 710 691 649 639 607 562 564 565 510 545 520 506 511 547 513 466 459 468 484 473 476 459
644 656 667 687 689 711 716 679 727 756 737 752 774 798 802 785 802 790 832 818 804 833 836 842 822 861 854 855 868 872 863 880 873 881 883 881 874 886 874 882 877 888 884 889 886 892 878 884 885 888 891 884 887 889 885 886 886 887 889 892 879 890 871 865 875 889 886 871 869 810 795 787 764 733 794 772 678 682 729 636 683 635 623 584 589 582 546 536 537 521 510 495 491 469 498 469 460 458 466 460
642 628 659 651 698 707 670 738 727 734 741 775 765 800 773 791 788 811 821 814 824 836 823 849 854 834 876 863 875 870 861 853 872 879 886 884 870 882 887 883 880 884 886 885 883 890 890 885 889 892 885 889 883 888 885 886 889 886 889 888 888 881 878 876 880 862 870 867 866 851 831 829 820 749 719 736 684 675 652 675 573 599 613 598 589 593 537 519 495 500 486 495 477 486 473 476 476 458 457 459
625 639 642 700 667 725 722 721 690 778 689 744 754 783 761 773 755 780 825 807 840 799 830 832 835 857 852 866 863 860 862 874 878 876 873 888 868 882 883 887 887 882 888 890 885 889 893 888 887 892 884 886 887 888 888 889 890 887 890 894 878 876 883 882 851 847 873 878 848 824 836 788 776 789 756 705 731 698 690 717 624 673 572 592 610 550 512 565 537 520 486 519 469 476 466 475 460 458 458 462
664 660 661 675 689 691 717 744 702 720 729 741 774 767 772 799 773 790 787 825 842 827 819 854 820 858 862 858 859 869 863 855 854 869 860 887 876 875 888 881 883 890 889 887 892 889 882 889 888 887 886 880 887 884 888 887 891 889 881 888 876 866 889 869 874 868 865 870 837 828 799 797 742 694 748 719 748 645 704 632 633 600 599 611 551 562 526 509 570 519 515 468 485 502 485 459 466 465 470 462
637 662 669 665 674 656 686 738 710 717 753 759 741 774 776 772 766 793 792 814 820 794 788 834 842 817 868 862 850 855 856 875 855 867 882 882 886 874 881 867 893 878 889 888 886 888 886 890 886 885 883 888 883 892 889 884 885 884 885 884 879 872 887 879 854 850 850 858 859 858 804 772 785 760 754 751 693 678 692 657 669 563 569 592 612 537 527 573 495 502 511 483 511 469 480 469 462 459 477 475
624 639 663 647 662 665 746 689 724 717 729 766 756 755 758 800 785 793 802 822 821 810 830 852 819 848 851 841 848 856 863 865 881 875 864 870 880 877 884 887 884 882 887 889 885 886 882 886 880 885 886 886 883 883 893 887 885 889 891 881 881 869 878 872 861 883 867 879 859 803 801 787 764 765 796 690 751 700 718 641 648 611 584 583 628 594 562 518 521 501 529 511 504 528 477 479 485 468 468 459
649 670 670 647 703 673 704 674 729 737 736 746 751 735 773 757 806 776 770 822 795 823 844 804 837 832 849 839 845 870 858 861 858 876 878 880 887 880 872 883 882 887 884 884 886 890 888 884 883 886 887 885 885 881 894 887 890 889 884 880 885 880 882 864 875 877 842 874 827 823 791 791 797 783 755 683 656 677 650 649 604 591 601 590 579 574 492 514 547 513 535 485 476 488 512 468 467 480 460 461
650 642 647 667 662 711 694 708 703 714 710 739 764 731 761 773 751 824 780 777 808 821 781 813 822 810 848 863 860 869 857 852 846 869 881 869 877 885 884 882 884 890 886 888 885 886 887 888 886 888 887 892 886 888 879 885 884 892 882 885 885 885 890 870 869 856 847 856 833 849 818 800 751 756 714 778 718 615 625 670 638 582 666 551 528 529 575 563 495 511 501 507 493 465 465 470 486 462 459 460
633 639 635 642 685 666 656 673 696 704 739 716 730 758 752 804 766 792 805 811 822 813 828 840 812 841 849 848 836 849 869 859 877 871 867 871 880 887 886 871 888 887 892 890 882 890 886 890 889 886 888 887 888 889 888 886 892 879 891 870 868 887 883 886 879 870 877 863 836 834 782 787 773 758 756 732 700 656 682 653 679 555 612 561 584 561 551 546 520 507 486 501 488 467 492 474 461 465 459 458
637 638 657 627 665 687 688 690 714 655 711 703 711 749 783 786 779 753 784 822 786 811 800 828 808 844 862 862 853 862 867 856 858 883 882 868 869 889 876 873 884 883 890 885 890 890 884 886 884 883 887 884 887 883 886 889 887 894 886 885 882 864 883 875 868 880 876 862 868 842 806 805 772 783 753 769 667 673 656 715 613 590 630 591 591 560 549 483 512 498 486 516 476 484 459 466 462 460 467 467
601 638 630 651 636 635 681 660 692 736 687 743 710 753 742 771 799 784 788 775 790 784 817 838 807 829 833 863 854 849 851 873 861 877 882 877 884 871 872 878 882 878 883 877 889 884 882 889 887 885 878 886 893 882 887 889 889 889 877 889 867 886 890 887 877 856 851 852 833 806 822 764 770 744 677 762 738 697 672 713 672 644 590 607 555 573 542 532 512 512 504 480 483 468 475 471 468 458 459 457
621 617 640 625 654 663 668 707 709 701 724 697 755 710 744 759 796 811 773 796 813 779 811 814 841 810 824 825 836 857 857 846 856 867 874 882 858 878 871 880 881 886 884 885 887 891 884 883 884 884 885 884 883 888 887 885 886 891 884 885 881 890 879 893 862 866 855 848 839 816 788 822 789 718 760 674 667 698 652 662 633 598 590 566 550 571 549 529 511 495 493 509 493 484 488 476 459 467 475 465
610 656 616 635 652 643 663 691 669 681 709 689 715 722 744 760 757 808 819 786 772 797 802 819 819 798 845 828 858 838 865 859 872 867 870 866 881 873 871 888 884 883 885 885 889 883 887 886 889 881 891 885 884 886 884 884 892 889 882 891 868 886 848 873 857 862 817 880 821 806 805 815 734 788 758 717 708 658 618 615 632 587 657 548 537 581 555 532 512 545 489 477 483 469 472 467 461 460 467 467
612 614 631 632 638 695 664 666 655 716 700 713 708 757 770 745 787 821 796 808 793 818 845 839 834 843 817 828 853 849 835 835 861 855 872 878 878 868 880 886 885 881 886 885 879 890 879 879 884 876 881 887 886 881 882 891 888 890 892 884 887 883 879 869 867 856 869 819 882 806 810 801 757 744 670 664 708 661 647 665 584 577 629 566 548 545 546 551 511 494 478 479 475 459 494 462 460 462 461 460
604 647 635 640 637 643 659 670 659 689 733 732 722 723 739 762 725 774 791 758 779 790 827 802 801 780 832 859 839 850 862 835 859 862 872 878 849 875 877 874 877 876 880 883 883 886 889 884 884 887 889 889 889 882 888 889 887 884 887 887 875 880 868 856 881 852 856 849 837 808 753 760 722 721 698 710 697 700 617 710 665 581 624 566 545 514 524 477 521 513 487 488 485 461 477 496 475 475 467 460
609 618 631 613 663 665 647 699 685 656 676 707 691 732 723 744 751 723 739 782 780 774 824 823 821 801 788 810 814 830 868 865 867 876 880 861 873 889 872 873 869 881 887 883 889 887 890 884 886 883 884 879 884 888 883 888 887 885 888 887 868 887 876 874 843 828 880 861 827 830 811 742 723 699 744 673 654 677 706 615 574 565 575 557 547 544 565 506 484 502 485 477 478 456 462 469 460 465 469 457
583 631 645 642 627 638 660 663 674 689 667 692 723 725 718 751 750 746 747 753 782 797 798 797 796 820 815 843 806 845 858 868 846 871 865 868 867 888 866 888 881 874 881 883 879 875 886 885 883 880 886 884 882 887 887 885 886 875 891 882 867 877 860 862 871 852 814 825 852 800 811 793 740 764 724 681 699 691 629 612 614 599 524 564 560 524 518 523 493 497 494 489 475 471 467 485 458 471 467 458
607 612 623 627 664 647 624 694 689 659 688 710 677 713 745 726 741 768 767 768 795 763 793 805 831 799 817 832 837 841 839 836 852 870 860 881 870 876 866 883 873 868 872 885 884 884 875 888 877 885 884 878 884 888 886 885 890 887 873 886 888 851 863 876 850 865 845 840 850 807 825 783 736 767 730 698 699 738 672 626 639 555 634 585 583 504 549 526 518 510 476 522 496 469 478 481 457 465 465 460
627 609 607 631 623 612 655 637 644 693 662 707 694 727 723 722 735 722 764 826 786 827 805 823 793 808 848 799 854 828 850 838 816 860 871 876 865 882 867 877 869 886 886 883 878 885 886 888 885 889 884 887 889 885 884 890 874 882 888 864 878 880 853 871 870 832 832 838 848 820 771 760 718 748 718 703 724 651 622 650 562 548 564 542 530 579 532 515 520 499 485 483 474 496 478 459 462 471 461 464
606 627 588 609 641 638 656 642 653 632 689 713 696 709 721 722 771 761 709 730 760 790 783 791 828 802 794 842 824 799 845 860 847 854 854 874 872 859 881 876 868 880 877 884 884 878 884 884 882 873 886 877 887 892 885 890 891 891 881 879 861 884 862 851 838 847 845 831 820 832 824 779 782 690 672 685 701 700 622 646 588 593 549 528 515 516 522 516 493 481 477 510 477 462 458 473 460 463 458 456
607 587 621 598 639 630 634 659 647 662 653 684 684 691 732 720 693 757 760 770 768 796 783 778 780 854 823 809 819 825 845 835 831 860 846 853 858 861 879 875 886 879 875 883 887 887 883 869 885 883 880 881 881 888 887 881 883 882 887 868 865 869 862 883 844 838 851 828 860 813 796 764 727 740 747 733 700 677 618 576 552 575 551 561 535 539 491 523 482 479 485 464 469 474 468 464 459 459 460 460
585 635 594 611 630 628 628 626 644 681 704 730 723 722 707 736 711 760 730 739 722 763 807 760 787 810 824 807 813 826 849 848 823 853 842 849 851 866 872 875 867 877 860 885 883 880 877 885 879 885 889 878 883 880 887 887 889 880 883 863 867 869 853 852 848 848 806 831 849 777 751 716 738 714 720 671 688 632 602 674 595 504 563 581 540 524 513 487 488 469 489 482 470 462 475 471 468 456 459 460
584 611 610 612 625 613 619 663 622 661 668 669 656 712 721 689 717 731 765 774 763 781 793 777 788 845 819 826 808 826 831 834 834 845 841 845 860 888 865 861 860 880 882 884 874 877 872 886 879 875 880 881 884 878 882 872 886 885 885 879 878 859 865 853 857 829 814 824 785 765 716 753 778 736 748 675 610 635 608 618 678 554 562 574 538 555 479 475 487 478 480 476 464 486 468 468 467 459 460 459
