457 466 427 464 537 438 599 578 510 639 647 645 728 623 697 699 716 730 800 767 780 798 804 779 753 828 887 827 824 825 837 872 881 822 888 872 870 853 880 897 886 898 905 886 918 909 898 919 915 911 916 920 916 926 922 918 921 925 918 917 921 922 866 851 777 827 804 842 770 656 604 597 375 420 440 280 294 275 171 151 266 58 121 115 43 124 97 77 80 26 28 45 22 34 22 25 22 26 24 22
463 492 461 494 589 519 656 598 553 664 673 522 683 617 653 688 734 640 734 743 765 783 795 797 790 855 809 816 860 852 837 822 877 877 882 881 874 894 913 913 889 904 906 916 907 925 907 910 918 914 916 919 916 914 911 913 921 905 912 896 911 876 845 861 789 886 821 769 652 679 722 581 460 411 312 311 291 224 308 314 169 129 94 77 80 62 44 48 43 42 41 41 42 18 24 23 25 24 24 23
498 430 499 551 437 531 573 528 596 619 619 616 700 652 635 692 770 728 774 782 790 718 810 827 807 804 766 859 857 866 869 868 857 841 874 903 864 911 902 882 883 912 921 922 908 915 913 920 917 912 912 920 913 907 922 913 921 920 908 907 922 871 871 895 792 787 871 840 737 772 688 488 372 487 468 312 237 305 165 242 200 149 154 114 81 46 76 58 27 29 30 27 24 26 27 24 25 26 21 28
443 468 508 510 588 526 546 607 593 577 647 657 686 619 705 735 706 730 737 811 830 776 810 818 829 819 815 845 849 851 875 871 861 883 852 902 884 919 891 905 894 913 908 899 910 916 923 928 919 918 918 919 914 908 912 906 914 921 912 901 917 919 883 921 868 846 753 773 762 772 749 621 512 377 358 416 348 296 237 216 218 80 130 99 98 27 63 44 23 26 23 46 26 44 24 24 22 27 22 21
477 467 520 574 490 578 554 593 579 650 623 713 643 707 735 755 656 672 756 784 817 754 775 840 821 832 825 805 866 844 834 859 872 889 900 897 893 902 879 910 904 903 914 903 910 912 907 919 919 915 907 912 914 921 925 924 924 916 917 906 872 904 899 878 903 864 857 747 787 728 657 576 549 453 397 377 196 259 309 238 277 149 72 111 117 131 96 59 60 25 42 27 22 26 27 21 23 19 28 25
478 483 493 575 572 611 705 622 572 672 683 691 666 707 727 695 729 745 744 783 805 839 825 858 767 812 824 877 808 856 884 883 869 883 876 882 901 880 906 882 913 911 916 897 910 910 916 901 906 919 920 912 918 920 920 922 910 926 917 928 917 923 891 882 838 823 784 742 850 776 659 540 521 393 374 271 267 348 242 146 223 205 147 94 114 57 61 67 25 60 45 24 27 25 24 27 24 24 20 21
452 552 442 540 611 539 613 611 605 707 675 652 743 765 730 745 725 731 785 730 824 769 819 816 829 820 844 834 865 848 866 855 891 902 902 910 906 887 911 897 880 895 906 915 905 922 914 912 916 912 921 912 920 920 916 921 921 917 893 923 903 891 899 871 864 809 865 762 770 718 736 658 543 483 306 277 368 274 257 311 204 174 147 152 61 57 134 40 81 63 45 28 25 23 23 22 23 24 23 24
466 523 455 501 630 665 568 607 688 673 654 660 733 718 687 786 688 741 779 725 821 833 818 826 851 828 863 852 845 875 896 888 879 866 891 904 906 905 882 862 909 895 912 911 914 915 916 921 929 893 916 905 923 916 918 926 921 929 917 894 913 907 884 864 819 790 806 791 903 861 683 759 528 419 415 418 242 271 330 326 207 97 170 133 96 179 62 100 47 24 41 21 27 30 24 22 29 23 25 24
482 490 519 530 579 557 638 635 628 656 633 641 758 706 744 700 794 741 803 786 725 803 803 803 843 831 846 865 831 880 876 889 867 884 884 912 917 895 909 912 908 896 903 912 910 914 915 915 906 914 921 914 915 918 900 920 919 915 919 920 918 895 882 897 867 776 780 797 760 800 752 571 409 510 370 361 347 383 258 220 132 118 147 152 132 60 129 55 43 43 29 27 26 30 23 42 19 26 28 24
444 537 552 492 550 630 567 636 675 669 647 738 691 738 714 753 707 793 781 820 730 825 831 813 829 861 830 871 873 837 849 873 874 884 893 907 895 902 916 916 916 911 910 919 911 918 912 904 919 917 919 916 920 912 925 914 910 922 914 916 910 897 848 902 870 865 808 720 769 752 644 646 602 378 401 403 398 268 251 149 253 183 98 97 168 39 60 25 41 42 25 58 33 22 25 21 26 20 23 27
510 537 493 622 578 642 591 667 671 647 619 670 702 780 717 743 823 764 756 840 812 801 810 850 852 839 860 858 900 872 856 876 876 894 900 879 902 909 913 894 912 887 924 898 925 916 917 925 923 919 923 925 921 915 918 921 913 915 915 921 928 921 889 852 779 913 839 807 747 698 644 613 560 454 348 325 408 450 294 220 291 184 113 96 114 41 78 63 58 63 40 25 42 42 29 15 26 26 26 26
503 558 564 561 601 568 634 638 702 630 719 690 661 768 782 763 739 795 804 811 833 802 834 870 849 829 872 898 834 893 877 885 864 889 917 897 898 898 888 909 904 923 911 910 904 916 915 912 919 920 914 914 916 917 922 925 919 913 923 900 919 897 907 824 826 882 819 775 797 763 746 589 477 447 394 394 367 221 238 237 276 185 191 97 116 77 40 98 24 57 64 44 28 28 26 22 26 22 29 25
561 528 543 587 583 585 618 640 653 700 746 671 771 701 715 778 774 745 811 803 773 800 803 851 792 854 840 841 864 900 901 882 902 908 895 893 904 894 921 915 917 916 913 899 910 921 921 917 925 921 916 921 915 922 916 910 920 931 921 924 900 924 881 893 849 852 829 781 736 866 737 482 519 395 423 480 427 325 342 253 333 231 82 96 64 148 133 58 44 78 23 48 23 24 27 26 31 23 26 20
556 471 591 569 529 506 631 737 668 719 706 744 748 723 774 699 786 736 833 821 769 775 853 852 854 859 854 848 859 875 886 903 905 866 884 924 891 918 916 905 903 909 912 919 911 914 919 917 920 920 909 919 919 924 924 919 918 928 930 921 909 923 909 861 879 841 843 792 762 761 659 649 646 509 546 349 368 396 486 238 148 230 78 110 98 146 60 25 45 44 74 44 42 25 23 22 24 21 24 25
495 500 502 531 626 622 597 657 693 625 734 722 752 720 736 759 771 754 792 785 798 836 867 823 841 854 784 863 866 895 894 894 897 909 887 901 907 904 925 900 914 918 911 914 921 914 914 923 922 918 915 914 926 925 924 919 924 922 904 924 914 912 901 895 920 888 899 797 822 736 822 571 602 440 363 518 393 236 234 273 274 223 112 187 96 60 114 74 42 100 40 26 27 25 24 30 22 23 23 21
469 530 546 548 639 517 628 657 668 631 684 699 748 711 783 798 794 789 801 809 814 827 769 853 871 856 846 879 896 894 891 868 881 885 911 896 899 913 907 910 910 918 913 916 919 915 913 914 924 922 910 919 914 924 916 921 922 919 920 920 907 925 889 899 855 823 755 843 814 728 706 671 702 574 435 330 366 221 279 226 276 223 207 135 61 94 45 60 79 21 44 60 28 29 23 23 23 27 29 23
560 612 545 572 642 590 612 684 670 674 653 674 688 776 798 789 802 715 824 823 825 852 833 830 866 864 853 888 842 902 899 890 883 880 903 888 912 893 906 919 912 911 923 918 910 922 915 922 916 921 927 922 909 921 923 922 921 921 917 925 925 902 890 873 891 836 830 808 748 771 720 662 637 523 355 436 374 418 221 258 292 168 169 96 99 80 46 60 97 41 60 25 42 19 25 24 27 28 28 27
499 495 529 528 614 651 622 622 615 724 688 785 769 755 723 802 756 782 829 836 849 811 875 846 864 871 893 851 856 896 883 879 901 898 895 912 913 917 894 912 900 917 922 919 922 913 924 917 927 920 921 910 922 920 923 919 921 923 923 929 916 896 913 876 871 869 852 803 739 817 716 540 572 515 432 449 363 239 214 202 149 170 128 63 150 116 77 62 44 40 55 23 33 37 23 23 22 23 24 31
527 547 552 667 611 610 636 667 704 707 735 723 743 741 748 767 789 811 824 829 837 825 841 837 852 881 873 852 882 885 894 889 904 908 898 900 899 906 911 914 911 915 920 916 923 915 917 919 921 925 916 916 925 907 923 928 923 920 924 923 886 911 901 892 916 830 769 765 801 789 590 540 560 519 439 374 397 207 290 238 190 183 226 201 78 131 45 44 48 42 45 42 39 41 42 23 26 22 30 25
563 548 532 583 662 647 626 618 678 707 680 748 769 742 773 802 801 804 799 817 834 855 844 831 852 841 891 875 862 887 870 875 881 900 910 911 905 897 908 921 919 904 920 911 916 920 922 908 927 918 923 922 921 922 914 917 926 923 927 930 928 921 924 917 925 893 908 855 853 845 686 770 699 448 379 367 293 359 304 275 130 219 134 97 79 77 99 58 47 39 58 19 45 22 30 45 26 25 29 24
520 496 556 564 565 634 676 645 683 680 649 720 687 763 717 798 741 797 801 874 807 818 814 847 854 880 866 870 876 875 893 905 867 893 897 895 898 903 921 904 918 921 923 913 920 918 922 917 925 924 923 923 913 922 922 920 929 919 915 924 913 927 887 906 893 866 824 852 849 819 718 684 649 600 379 372 386 395 221 313 202 132 136 147 151 77 21 60 43 81 41 27 27 25 25 21 25 24 23 26
549 508 634 589 644 627 609 638 683 660 748 706 778 728 784 762 792 768 841 838 853 814 853 858 866 854 869 892 861 887 886 894 908 902 911 899 900 904 909 915 908 905 922 917 922 921 927 924 927 917 916 920 925 923 923 918 926 919 925 929 902 921 921 909 883 861 841 853 795 695 740 730 695 526 502 292 332 358 432 264 222 165 237 134 201 60 113 96 45 60 21 40 19 23 21 28 26 24 26 26
597 569 569 624 594 586 659 650 716 745 701 721 788 772 818 794 817 802 780 840 837 845 860 885 886 889 896 856 888 875 878 916 894 888 913 899 908 915 915 923 912 920 909 918 923 921 915 914 922 922 923 921 922 917 919 921 931 920 924 929 907 922 920 926 882 880 905 828 828 881 688 765 635 608 433 339 452 343 249 241 263 156 273 101 65 76 115 93 94 61 26 60 42 26 38 25 25 29 30 26
571 533 543 511 647 690 640 688 696 725 740 717 742 786 808 829 842 794 823 813 864 806 859 869 889 833 887 868 888 905 887 901 892 899 897 906 913 915 927 918 909 911 923 926 909 926 924 927 918 929 922 917 917 914 922 920 912 919 924 921 918 924 924 918 919 868 884 859 783 815 793 668 678 528 446 399 384 287 309 196 223 289 151 112 143 168 95 44 22 96 21 42 27 21 25 24 25 27 26 22
594 607 521 589 602 676 631 692 744 680 696 780 751 787 823 816 790 838 838 790 825 814 868 858 868 841 832 869 873 854 893 907 880 908 912 916 911 908 917 921 918 921 916 926 920 918 913 925 919 901 916 925 924 919 921 920 927 921 925 922 922 921 907 903 920 799 874 866 814 759 769 723 522 618 576 428 454 397 363 305 203 264 114 186 146 113 78 43 44 59 25 21 22 26 24 27 20 24 22 19
462 542 538 607 572 652 659 665 713 720 676 781 748 753 759 796 805 798 834 824 807 831 893 855 860 881 898 889 901 880 867 915 912 907 915 916 922 919 924 919 924 922 907 917 913 922 921 920 919 923 925 924 925 919 920 925 921 924 922 927 922 906 927 888 883 876 925 814 859 790 774 752 563 556 446 543 507 414 347 308 128 278 187 171 133 147 62 60 39 41 43 26 28 62 42 21 22 25 26 25
559 517 568 613 569 616 640 724 747 745 721 731 766 740 812 815 774 808 776 820 872 867 866 844 893 882 896 847 867 881 896 909 887 910 908 913 911 917 912 921 906 917 918 921 926 906 921 916 925 918 921 923 921 921 919 929 921 922 919 923 920 921 924 907 902 850 884 845 807 834 723 663 658 511 519 508 456 324 275 223 163 237 78 147 42 147 115 116 75 77 30 41 42 22 40 43 27 23 25 23
490 554 559 608 623 675 669 696 666 697 769 764 826 786 801 793 770 791 818 834 823 812 872 835 882 873 888 886 884 893 892 907 900 914 912 916 914 917 911 903 917 927 917 923 922 922 929 924 923 928 919 925 926 922 924 921 927 924 927 919 908 920 920 926 901 894 856 839 823 866 699 609 668 557 502 558 472 462 261 300 184 166 238 186 95 45 40 78 101 27 80 40 62 18 24 27 27 24 27 27
535 564 589 650 644 698 656 724 706 728 789 756 764 759 780 782 789 813 788 832 828 867 863 857 875 871 884 871 908 909 893 906 895 885 913 911 914 911 915 921 923 925 918 912 925 924 924 928 922 923 918 925 920 922 923 928 924 929 922 907 929 926 903 877 901 861 886 849 804 728 690 765 594 721 618 412 490 346 396 311 239 242 172 131 151 59 59 74 57 79 30 77 26 43 25 25 25 25 24 23
592 531 564 619 702 649 715 664 681 713 768 712 742 781 762 840 802 848 884 827 877 870 849 848 867 873 892 901 902 889 888 895 882 897 921 918 919 923 924 921 917 914 925 928 921 921 918 930 921 921 921 918 923 924 917 917 916 927 928 919 867 925 900 906 896 899 832 864 832 775 776 749 705 599 615 597 433 453 412 394 254 221 220 113 155 93 98 42 98 24 39 42 27 25 24 27 22 26 24 24
576 589 568 607 610 563 699 667 722 718 737 661 732 723 813 781 761 806 828 837 854 830 847 860 874 853 895 895 906 899 903 892 899 915 914 910 910 920 925 914 914 923 921 923 923 920 928 931 922 918 919 919 922 928 916 924 924 927 928 927 921 928 922 910 921 871 887 882 858 780 742 700 716 560 480 480 487 400 385 263 283 151 185 124 147 79 81 59 95 37 117 43 39 26 41 20 24 27 24 21
490 546 576 601 619 631 690 643 688 712 732 818 793 791 833 810 805 825 802 794 870 838 851 856 856 876 874 879 896 895 897 888 905 908 881 920 921 914 919 916 922 922 923 915 925 920 925 926 927 927 927 921 914 914 924 925 925 926 922 926 927 917 918 923 850 783 889 905 903 774 699 629 744 583 511 526 433 409 329 333 268 256 98 222 185 129 98 74 53 22 49 55 45 25 43 50 57 27 21 23
493 569 596 615 665 606 634 722 704 736 765 730 747 752 804 765 839 851 825 829 835 870 857 843 890 890 880 888 864 887 894 896 911 914 917 909 917 921 913 909 919 924 907 918 925 926 922 922 919 927 925 923 925 931 924 921 927 923 931 919 929 925 928 911 890 882 906 866 886 818 705 718 618 446 428 489 443 328 338 290 257 254 215 148 188 92 111 58 42 77 42 22 40 25 47 27 24 22 27 22
565 570 587 676 568 670 679 699 762 739 759 734 770 810 772 823 797 820 824 811 852 840 850 868 887 886 893 901 872 909 906 912 904 903 896 914 920 918 905 923 928 922 924 919 925 922 926 919 931 922 925 922 926 926 924 923 920 924 924 926 920 920 889 917 914 907 893 846 842 793 775 671 721 683 506 477 493 344 307 460 193 291 242 228 119 91 103 40 23 77 43 41 27 44 23 27 48 19 22 23
531 502 594 558 645 551 720 722 689 716 752 734 783 718 809 781 772 804 843 824 845 853 872 844 879 870 894 843 907 875 898 897 900 913 922 909 910 898 912 921 922 913 920 915 928 919 914 925 918 920 930 923 929 927 920 925 921 924 924 926 922 923 930 922 907 897 894 819 832 777 819 715 640 602 468 501 414 487 354 276 255 258 153 272 151 99 24 114 43 40 24 44 40 27 25 22 23 23 25 25
500 609 561 552 541 641 662 702 754 751 763 761 810 771 814 823 783 813 827 838 850 847 854 894 887 905 884 869 906 910 844 875 909 911 883 925 918 917 921 922 923 919 921 924 918 922 926 923 917 928 925 918 918 929 924 922 920 927 927 924 918 932 913 906 904 923 854 909 824 817 815 718 652 644 545 510 360 298 417 267 341 312 279 220 151 138 168 78 73 24 79 57 40 23 20 24 25 25 31 26
547 588 606 574 622 704 673 678 713 698 717 744 780 795 835 812 821 817 854 783 860 855 851 852 876 875 884 895 886 889 910 880 912 915 917 918 920 918 920 925 921 930 921 927 920 928 924 927 923 923 928 913 921 919 922 923 929 923 923 918 928 929 918 906 884 929 899 840 827 836 790 687 739 590 633 430 538 444 291 311 259 260 165 190 137 112 94 109 70 60 57 38 27 20 22 23 25 22 22 21
532 585 538 609 703 612 704 551 718 711 734 765 773 761 779 880 821 788 861 867 849 822 872 876 868 896 891 893 886 914 902 904 915 907 919 912 925 925 896 909 924 925 921 922 915 921 928 921 918 918 928 920 925 921 921 929 927 922 926 909 925 912 905 906 920 884 909 870 773 798 781 773 641 677 629 608 402 327 306 384 286 184 169 171 150 219 94 80 80 66 44 38 27 45 23 23 27 26 22 24
537 530 672 604 603 683 614 649 737 663 772 750 789 754 776 804 780 793 869 784 789 854 821 878 875 886 879 905 892 903 911 891 899 911 914 904 909 914 923 916 918 917 923 933 922 925 923 920 918 929 923 927 923 925 932 923 926 921 926 931 929 935 899 927 923 871 886 868 890 811 843 750 700 559 475 516 455 366 345 378 277 206 279 225 130 168 22 43 128 130 43 59 45 26 21 22 26 27 21 22
566 570 597 629 579 640 617 701 697 797 675 734 785 801 799 819 851 798 820 877 852 862 869 826 868 874 889 906 898 897 883 897 912 911 891 913 919 921 920 916 926 925 920 926 927 926 923 926 923 926 929 922 927 928 926 920 927 925 927 923 924 886 916 922 873 868 906 845 873 850 773 778 635 711 593 488 527 499 453 364 242 223 253 151 167 165 58 97 57 43 78 62 38 42 45 25 21 25 23 21
485 555 589 645 597 657 672 688 692 736 770 739 775 798 802 801 837 732 865 841 846 860 834 854 894 887 877 872 903 863 893 911 908 918 913 904 926 908 918 924 919 924 928 922 921 923 927 927 917 926 920 924 922 927 920 922 925 923 920 932 921 928 929 921 888 886 893 889 800 848 681 645 685 627 583 622 523 499 346 415 274 221 332 163 224 232 131 80 117 24 98 46 18 18 25 40 42 31 24 22
533 644 584 603 686 617 693 687 687 742 745 769 738 746 783 815 819 812 830 835 854 873 857 881 892 884 893 903 891 891 911 885 908 918 924 912 919 923 924 916 914 916 926 911 922 924 926 923 922 921 915 922 925 917 932 921 931 927 924 933 926 916 922 921 933 878 866 852 837 854 815 694 600 691 514 559 450 399 277 419 284 223 219 170 164 171 97 92 130 43 22 60 43 20 41 43 29 26 22 27
552 559 552 655 643 645 675 677 684 721 749 728 800 738 834 776 825 848 831 842 859 851 896 874 857 867 868 872 887 899 912 904 914 913 915 922 921 913 904 915 925 926 933 931 928 924 925 927 926 927 924 926 924 927 928 924 924 932 929 932 933 903 906 926 895 909 870 867 784 900 812 814 735 616 509 467 526 584 361 372 265 149 275 192 127 114 155 96 168 37 56 101 43 23 66 43 24 23 27 26
559 574 586 630 675 612 716 669 755 694 744 763 769 776 788 809 772 788 785 831 849 859 841 881 877 905 884 915 893 914 906 898 916 899 916 914 918 916 925 919 927 913 927 927 917 913 926 924 923 919 930 924 929 924 923 923 926 923 927 928 921 910 926 928 914 878 921 894 829 841 796 630 663 582 577 592 564 388 464 325 239 289 149 400 93 203 114 77 92 92 95 24 44 62 38 42 25 22 23 20
604 540 500 611 657 644 713 670 643 699 755 669 833 770 741 805 812 808 839 791 876 842 838 874 900 893 876 893 887 914 902 904 894 905 920 910 909 899 918 922 913 924 923 925 919 923 918 926 924 927 924 928 928 922 928 923 923 927 920 929 931 930 914 900 886 908 875 829 770 829 777 717 603 692 615 579 453 408 326 394 208 291 280 244 205 110 151 79 49 76 42 46 42 26 24 45 25 49 26 28
503 521 544 647 655 674 656 694 724 666 701 770 737 741 776 847 828 867 790 871 862 829 902 858 880 859 857 886 882 899 899 915 909 902 914 917 912 918 926 918 924 927 921 931 927 930 925 926 928 930 921 920 928 924 924 928 919 925 908 922 928 898 921 920 911 866 911 847 788 848 809 727 691 721 604 457 540 409 526 438 238 258 238 211 205 111 167 133 114 92 24 78 55 59 57 27 24 43 24 25
558 561 621 561 553 661 691 690 684 695 716 763 764 818 795 799 802 790 847 828 879 841 848 889 832 861 883 896 878 909 910 912 914 912 920 888 919 910 929 923 926 928 924 928 920 921 925 929 918 928 928 918 924 930 924 924 923 923 923 930 920 931 918 919 923 854 869 917 810 824 822 758 675 632 563 612 525 326 496 453 313 293 255 130 188 237 131 114 60 57 42 61 24 27 60 55 27 29 21 21
526 560 577 619 616 545 652 684 779 720 796 798 694 809 726 766 808 737 830 860 853 839 883 848 875 853 847 850 905 901 897 887 923 913 913 919 921 907 916 929 924 922 927 920 916 921 926 926 925 933 929 923 925 923 933 923 922 926 925 929 927 928 925 920 882 853 930 857 804 782 815 823 723 564 565 615 431 581 364 383 397 279 220 259 132 146 258 63 99 64 133 56 26 21 39 20 30 23 23 20
518 524 548 636 664 606 703 631 731 716 720 726 744 742 739 812 835 823 836 821 806 866 867 860 874 902 872 908 893 883 903 878 902 912 923 919 918 924 913 921 922 921 900 927 926 926 917 926 925 924 926 920 918 931 926 924 921 932 927 912 924 930 927 930 915 924 903 861 859 785 831 631 738 619 512 688 559 587 351 412 357 338 345 216 295 154 114 148 95 120 44 43 78 73 79 61 27 21 24 23
485 550 598 601 636 605 690 657 689 738 672 742 688 765 763 770 847 820 800 826 853 831 868 889 850 872 893 901 895 904 906 909 924 910 916 910 922 919 927 927 922 911 922 927 916 926 928 931 934 919 927 932 927 924 928 920 924 924 927 921 933 908 902 887 912 875 916 877 858 792 810 817 741 655 607 541 445 501 391 388 235 290 183 153 186 206 152 78 95 61 80 91 95 25 61 24 62 27 21 21
484 539 497 654 620 637 683 727 682 676 744 750 757 779 804 770 831 825 821 829 850 848 821 850 843 844 896 905 897 915 904 918 919 923 871 919 928 923 925 920 929 925 924 922 929 923 921 927 925 920 930 929 927 923 926 926 929 928 919 930 922 911 930 903 929 870 884 913 842 796 763 733 732 631 668 464 544 530 414 409 348 341 185 278 204 151 168 95 78 74 44 23 27 39 44 26 47 22 24 22
471 540 606 542 602 691 690 663 685 743 753 795 778 773 770 772 806 833 894 818 805 842 852 860 894 882 861 891 894 886 910 908 918 908 889 917 909 914 916 928 915 921 927 920 924 925 922 929 922 927 925 927 925 921 926 914 922 918 928 928 916 929 928 902 892 906 895 875 921 848 740 715 670 723 621 541 522 512 512 490 252 269 203 295 152 215 168 99 117 25 80 98 42 42 62 27 42 37 25 23
500 540 584 599 651 587 649 704 674 678 706 771 750 773 785 802 832 809 856 772 831 843 850 891 880 861 896 857 888 893 913 913 917 911 928 910 925 913 926 917 930 915 925 920 916 925 926 923 926 915 924 920 925 927 926 924 922 929 934 926 928 911 920 881 923 879 866 875 822 811 777 745 726 654 543 620 512 380 478 386 279 241 239 217 327 153 167 182 129 77 76 104 119 58 41 40 24 38 21 23
558 594 590 562 548 675 704 661 676 659 756 684 723 744 779 775 780 799 797 862 870 865 877 862 877 875 881 912 903 874 908 888 914 915 926 918 914 921 905 922 930 927 922 921 922 930 926 925 928 930 930 928 927 919 924 925 928 927 933 917 902 921 922 914 884 910 856 852 850 778 835 790 723 640 662 566 640 436 493 454 363 314 257 168 240 119 94 190 112 134 81 77 44 25 19 43 41 25 27 27
583 442 613 490 630 617 667 733 694 707 743 742 703 755 789 792 838 768 819 862 780 857 862 841 900 863 844 888 898 887 886 909 871 918 920 918 920 923 924 924 922 924 925 927 921 930 923 925 925 920 924 919 928 920 920 925 933 921 921 925 930 922 912 902 913 912 906 910 915 845 807 674 665 665 597 663 544 426 556 410 299 277 153 243 252 221 132 172 189 117 60 60 44 21 89 45 42 26 24 24
540 565 597 536 646 618 619 635 721 676 710 732 746 790 755 758 806 820 778 873 830 849 849 886 842 882 871 889 910 890 897 906 890 913 925 912 907 924 909 921 918 928 926 925 929 927 927 930 916 928 921 927 928 926 924 925 926 926 930 923 931 922 925 890 911 893 886 836 898 751 839 641 677 677 633 525 592 350 448 350 382 276 237 258 226 148 101 184 116 113 61 99 80 64 41 61 42 21 21 24
446 529 560 554 583 695 658 645 719 700 782 735 775 736 718 813 801 793 776 864 851 808 850 858 857 858 895 894 898 894 903 876 893 889 929 923 929 923 917 914 922 923 923 932 915 921 924 927 925 925 922 922 927 922 922 926 931 930 927 921 933 927 911 925 908 907 888 839 901 867 783 802 743 669 726 569 551 472 545 387 457 455 278 257 225 149 148 73 80 89 93 24 59 46 43 45 26 25 25 24
395 488 633 608 602 606 701 682 624 683 724 659 691 794 718 854 771 799 834 836 831 857 873 840 839 904 866 863 894 882 899 911 923 885 905 886 898 916 916 919 929 916 923 922 920 930 927 925 930 929 928 922 921 925 924 926 926 922 918 929 927 898 927 893 922 885 879 874 836 799 775 762 760 688 627 532 654 635 524 455 440 261 289 201 221 191 170 185 163 61 119 132 46 40 47 24 41 24 39 25
487 533 597 523 510 617 566 723 650 696 730 739 796 785 747 746 776 834 817 765 846 847 881 882 854 885 842 892 913 915 883 918 926 907 902 894 922 922 909 912 916 924 924 926 926 927 925 928 926 918 930 928 927 926 922 915 921 928 922 923 927 897 912 923 913 909 835 868 816 886 875 683 613 702 640 564 664 580 395 456 492 372 350 383 224 170 296 148 65 131 92 60 29 42 44 24 46 41 23 27
438 458 489 590 560 574 602 663 619 704 735 781 761 806 787 731 807 795 855 826 827 824 823 883 867 913 878 867 855 895 925 905 899 897 888 924 907 928 916 924 926 907 928 928 930 931 925 921 929 930 920 926 924 929 917 926 926 920 928 925 912 919 907 909 903 891 896 849 934 768 819 771 730 712 646 605 515 584 382 424 488 365 189 251 379 206 238 132 77 136 65 97 35 30 44 41 20 25 23 26
463 480 511 606 532 624 599 670 618 640 731 657 757 770 768 768 777 811 826 824 830 797 868 850 837 891 899 894 922 861 914 896 898 894 919 920 916 926 918 910 929 927 925 928 909 925 923 923 928 933 918 925 928 918 927 921 931 922 928 929 927 909 875 903 926 893 930 922 853 843 726 733 671 709 682 649 601 565 491 441 382 291 327 293 276 149 152 172 184 102 73 112 132 60 76 23 25 40 39 46
540 533 546 479 612 622 604 571 663 609 768 692 814 717 792 750 720 769 784 790 884 803 788 865 863 823 844 890 886 887 918 901 906 902 904 923 910 921 918 930 932 927 934 931 930 928 926 927 924 922 924 916 928 922 923 922 932 920 923 925 897 906 905 923 868 886 887 875 909 863 837 719 568 585 673 708 497 559 551 521 446 362 351 241 263 170 117 167 103 76 46 58 79 57 23 24 60 26 24 27
464 566 616 598 576 561 606 654 655 737 684 751 695 820 773 764 715 821 741 854 821 869 828 845 891 875 884 877 898 896 894 893 904 919 922 931 906 899 920 931 929 913 925 919 927 932 927 925 927 930 928 931 922 927 916 931 927 928 928 936 926 915 929 911 927 890 873 862 804 802 801 803 819 659 613 651 510 429 367 406 407 275 348 288 221 186 183 165 221 116 97 62 136 43 24 58 58 47 27 20
505 491 530 622 569 538 731 576 665 658 706 663 705 792 799 777 773 794 786 840 830 878 853 837 860 896 880 864 874 909 915 898 925 906 916 924 925 922 921 919 921 930 929 918 931 926 926 930 929 915 926 929 924 925 923 919 920 921 919 895 927 924 906 920 866 887 872 891 895 869 855 764 782 620 609 606 520 529 495 296 464 402 419 333 259 227 220 164 117 131 61 59 137 64 65 28 58 39 24 25
444 477 539 576 560 594 654 632 629 733 614 706 689 751 756 784 789 800 836 809 846 847 881 870 872 894 849 877 887 908 882 873 906 920 920 925 912 919 928 924 920 916 926 923 927 918 928 931 931 929 926 932 929 919 926 934 925 925 923 932 927 929 927 925 906 909 876 881 901 902 729 786 777 703 711 553 541 477 426 567 460 309 380 349 242 208 151 190 115 42 80 116 49 43 24 22 26 43 19 19
475 533 481 540 580 669 656 639 646 640 623 712 709 697 773 746 796 758 838 795 810 853 825 862 881 813 884 838 870 892 901 858 880 892 905 914 904 920 926 911 925 928 921 928 910 927 922 922 928 927 921 929 919 928 927 926 928 928 927 916 908 910 916 906 892 928 908 880 837 850 822 742 693 667 651 651 565 562 382 425 415 369 334 313 240 224 136 260 135 183 78 104 79 134 28 95 59 45 23 46
527 530 552 635 639 570 579 607 689 719 725 744 742 723 749 751 812 813 761 832 830 866 895 829 859 871 875 892 877 900 897 916 868 891 925 927 903 930 922 925 923 918 924 922 922 904 922 922 931 929 931 922 914 926 925 927 924 927 921 911 931 933 917 926 914 932 895 877 867 840 828 754 743 717 658 513 497 622 466 369 504 332 370 256 405 181 209 186 98 117 78 61 62 39 43 42 41 56 23 41
475 511 549 478 530 597 607 647 617 677 709 714 680 739 760 738 772 778 807 727 802 846 870 816 908 880 903 886 908 886 892 902 905 884 904 916 923 911 907 917 910 923 923 925 924 925 928 920 920 926 926 918 914 917 922 925 928 920 928 926 927 892 925 911 865 899 859 871 908 822 799 764 674 700 620 673 558 687 568 480 388 367 383 339 277 164 294 204 168 176 64 165 48 75 65 58 27 23 46 26
452 525 483 547 525 612 533 588 650 700 621 684 614 673 709 705 757 738 849 821 832 813 876 845 855 872 866 869 902 894 897 922 910 900 909 909 921 931 910 922 911 925 923 932 922 925 924 928 922 920 925 920 924 924 923 921 920 929 925 927 901 912 916 903 877 891 876 873 883 812 817 772 746 654 576 540 560 564 493 420 399 294 295 347 288 214 180 297 61 105 58 109 95 78 29 25 22 26 26 23
496 513 466 520 584 497 524 615 703 655 654 714 704 704 749 747 784 695 767 865 759 819 797 854 892 880 870 879 910 904 898 867 893 923 890 894 904 898 897 920 927 924 918 932 923 929 927 927 920 930 930 932 917 924 927 909 931 922 931 935 923 935 932 931 887 910 920 895 860 826 757 834 738 652 680 615 601 477 509 543 443 418 340 191 277 209 202 116 157 98 179 47 40 46 39 43 21 27 45 42
437 502 509 557 559 564 576 566 665 646 778 719 742 675 725 738 776 766 831 872 755 825 818 839 853 855 861 889 880 863 920 914 890 925 898 912 930 930 905 904 919 927 907 928 924 914 919 916 930 923 921 926 931 927 920 923 925 921 925 927 901 907 897 870 918 872 900 875 851 841 797 822 699 656 691 557 650 594 531 391 277 353 441 271 340 228 264 241 205 153 149 118 145 96 81 43 46 43 45 27
433 466 515 534 590 558 498 649 645 645 675 745 675 722 727 698 764 771 800 823 798 829 880 839 842 869 880 876 888 897 915 902 919 887 904 915 907 916 899 927 928 927 932 926 919 922 926 929 928 927 926 912 927 923 925 929 924 920 928 923 916 908 925 905 926 891 834 863 859 819 788 712 699 617 615 562 609 454 471 402 473 279 225 259 310 191 186 171 153 135 132 107 29 80 60 64 78 42 24 19
424 458 501 442 564 501 617 612 625 643 711 664 714 735 682 778 767 789 691 821 814 835 799 853 860 838 798 877 872 899 882 887 873 888 902 926 927 908 931 918 926 907 922 918 928 926 927 929 929 925 922 917 921 919 922 929 924 915 921 925 915 873 902 902 891 895 883 856 860 705 850 750 633 718 713 702 513 525 558 405 408 346 388 299 334 265 228 190 205 125 158 102 117 40 83 59 45 25 27 25
399 547 540 499 554 582 525 630 593 692 696 698 667 737 744 703 723 786 739 838 821 865 814 845 814 858 837 873 845 843 881 891 907 918 907 917 921 901 917 925 931 910 922 925 919 916 929 934 923 915 934 923 925 928 914 928 921 922 925 931 931 924 910 863 924 869 914 896 801 843 779 729 711 651 630 620 576 481 576 364 457 385 320 212 208 190 151 149 184 119 113 121 116 102 46 39 63 28 45 41
405 399 510 495 556 484 579 639 668 579 675 647 628 710 708 732 733 805 783 710 845 796 809 799 849 823 854 906 908 864 894 877 879 891 912 933 909 906 914 904 904 919 928 922 920 921 914 933 915 922 911 924 920 916 928 924 913 925 923 926 927 917 869 928 880 915 872 893 836 782 700 792 556 580 682 619 477 489 448 440 488 311 363 265 222 224 170 82 137 138 170 55 79 25 100 81 22 24 21 39
427 441 439 486 480 587 539 595 600 501 728 617 642 614 622 747 718 746 771 805 829 815 820 851 840 835 856 851 883 876 893 897 890 903 908 896 908 926 920 921 916 921 927 913 924 929 927 924 930 918 930 919 930 921 913 922 931 918 922 930 919 916 931 897 852 874 910 871 869 857 837 881 817 636 577 552 616 563 440 473 386 311 383 242 309 208 151 208 239 140 134 99 117 44 38 23 42 28 49 27
435 487 488 480 471 584 572 621 633 637 598 606 668 728 744 711 732 800 761 709 797 781 832 777 840 838 897 831 873 872 891 839 899 898 902 924 923 909 931 918 918 915 915 928 926 932 927 925 926 922 908 930 930 924 925 924 925 922 923 921 907 889 930 872 894 871 895 773 868 854 695 817 777 747 678 589 551 458 551 514 418 405 340 234 244 244 132 204 153 118 132 208 139 39 25 41 76 57 61 28
412 444 459 504 511 550 567 485 591 646 609 637 693 739 740 709 745 718 806 780 748 813 817 829 789 865 853 859 877 893 870 904 897 906 918 909 895 920 899 918 906 926 920 928 919 929 907 916 921 926 923 913 928 922 918 922 927 926 928 929 908 930 896 873 899 924 922 890 882 760 728 713 669 603 722 689 482 494 594 395 496 392 365 289 297 281 206 187 188 152 132 97 95 43 105 46 27 24 42 27
413 381 447 427 526 548 468 609 582 603 612 691 665 745 678 720 716 768 782 771 790 812 795 837 849 808 904 875 895 883 867 854 889 904 922 921 887 913 923 911 909 916 918 920 918 930 929 916 927 932 919 929 920 923 919 915 923 925 924 928 921 912 901 899 905 868 891 883 878 848 808 798 787 630 572 610 499 477 427 479 265 319 351 313 296 308 187 149 97 112 79 100 61 81 47 59 61 22 22 24
374 403 411 533 460 586 579 577 506 695 508 624 650 708 656 676 646 701 792 756 823 739 801 808 811 857 844 879 870 868 873 888 903 903 896 924 885 913 914 928 924 923 924 927 922 929 930 928 922 929 914 923 922 926 927 927 927 926 927 934 903 895 915 913 853 841 894 901 849 797 820 715 690 716 645 537 592 528 510 564 372 475 261 299 340 217 134 245 190 155 82 148 40 62 40 60 27 23 22 25
457 446 445 482 508 514 571 621 539 571 595 617 681 674 680 742 682 715 709 790 825 795 779 857 781 860 866 857 869 890 874 858 855 883 864 928 903 900 924 911 916 929 925 921 930 926 911 926 922 918 923 916 925 920 926 923 931 923 910 928 907 881 930 888 897 886 881 887 822 803 733 736 618 516 632 574 631 418 541 384 390 318 320 350 218 242 167 129 260 153 136 41 79 118 78 21 38 39 42 32
399 455 465 457 474 437 492 614 555 567 639 657 619 689 686 682 670 729 724 766 782 721 715 815 828 777 884 869 845 860 858 895 858 879 912 908 922 895 911 883 927 907 926 922 923 923 922 928 919 919 913 924 922 931 930 923 922 910 925 921 912 893 929 908 854 850 843 863 858 867 750 678 710 657 642 644 523 486 512 442 474 238 254 304 349 191 166 259 101 117 138 75 134 45 65 44 24 23 60 59
375 403 453 424 451 460 629 508 577 562 594 667 648 643 655 738 705 723 745 787 780 757 804 850 780 843 847 828 843 862 870 873 907 900 874 884 909 899 915 927 917 915 921 927 924 919 914 918 913 921 918 923 916 917 930 923 919 926 926 912 916 883 906 900 872 912 879 909 862 745 736 720 664 668 736 508 635 533 564 407 421 350 284 286 383 312 243 150 158 111 169 133 123 170 65 61 82 42 47 29
423 470 462 420 532 470 542 474 593 608 605 621 639 605 684 649 748 689 679 786 732 794 835 750 819 814 838 824 830 888 861 873 866 902 899 909 924 906 892 917 914 928 919 920 919 926 925 913 915 919 929 915 922 912 934 921 924 926 920 907 925 910 915 874 894 902 827 890 796 793 719 723 733 710 649 498 438 481 426 427 326 304 317 308 277 272 93 139 212 132 186 80 61 87 133 47 44 66 24 32
423 409 417 465 444 550 516 543 538 566 547 608 661 599 668 683 634 791 698 689 761 783 702 763 788 761 841 871 860 886 858 848 836 885 909 887 900 919 914 914 923 925 920 923 917 925 926 930 915 929 925 928 920 926 908 923 921 928 910 912 916 919 930 889 888 853 836 856 809 847 778 739 638 650 560 693 564 356 371 469 404 283 458 219 169 173 274 242 104 131 112 131 98 39 41 46 81 27 24 26
394 404 393 410 497 459 437 471 523 547 609 559 594 654 638 747 667 719 755 765 784 765 797 821 767 826 839 840 814 846 889 864 905 887 882 891 909 922 917 887 919 928 934 923 915 924 923 928 925 922 922 924 925 924 923 918 930 912 927 889 882 921 917 919 903 886 897 866 817 805 697 710 684 654 644 599 533 435 497 431 489 225 346 239 286 243 219 206 155 128 79 112 85 42 95 60 27 40 25 21
397 401 439 374 456 508 500 506 558 431 555 537 553 625 708 712 695 645 708 785 713 759 738 795 758 840 868 878 847 869 883 852 862 917 912 888 890 926 907 887 919 918 926 919 920 926 917 923 919 916 920 918 925 917 919 924 925 935 925 920 913 872 913 899 881 911 903 871 888 831 754 751 678 704 649 673 461 475 437 566 347 300 385 301 299 238 218 75 134 101 80 141 63 76 27 38 27 27 39 44
322 400 378 425 399 396 497 446 511 604 502 619 549 645 619 672 739 707 718 678 723 705 778 819 753 797 811 872 858 841 848 892 865 905 916 904 919 890 891 906 908 906 914 902 930 914 909 926 923 915 902 922 930 914 920 926 926 926 905 925 885 920 929 920 901 859 849 849 810 757 788 660 678 630 483 663 614 520 472 551 473 415 299 339 227 266 201 178 135 134 122 69 76 44 58 49 43 20 24 24
369 357 406 371 432 457 463 546 548 531 577 522 646 549 623 654 733 763 684 738 767 695 761 762 824 760 791 790 810 857 863 840 861 878 896 909 864 906 887 904 913 922 917 916 923 923 919 914 915 918 919 912 910 925 924 916 925 931 916 917 908 930 906 930 871 880 854 841 819 776 720 790 718 570 657 475 458 530 427 451 391 315 300 247 215 260 214 173 135 99 97 130 93 77 81 63 21 40 59 39
341 440 354 391 431 410 448 512 465 487 551 502 559 573 623 656 646 754 779 707 680 732 741 781 778 736 834 794 861 814 874 859 887 879 887 881 906 895 887 927 918 913 920 922 929 917 925 922 924 909 931 920 917 921 918 923 930 928 917 928 887 924 845 893 860 864 781 913 782 749 746 771 602 718 655 568 544 441 357 354 390 293 440 209 191 281 228 177 137 205 85 59 77 46 48 43 27 26 43 41
343 352 386 382 403 521 454 460 435 561 524 559 539 647 679 628 711 782 730 756 725 774 831 819 809 832 771 799 845 846 808 814 866 854 889 906 906 887 909 925 919 914 921 918 909 930 905 911 919 908 912 922 920 918 912 928 926 929 932 916 925 919 904 884 883 859 890 784 911 756 764 741 655 622 466 456 546 451 420 459 284 274 381 253 213 205 204 217 135 98 60 66 60 26 95 28 28 30 25 31
328 416 398 405 400 407 446 465 441 503 596 595 571 587 611 656 583 681 719 649 698 713 795 750 739 699 808 862 821 841 872 809 862 871 893 905 837 896 906 894 902 901 910 917 914 914 927 918 922 920 924 929 927 914 929 926 927 914 924 920 896 907 885 850 912 851 856 840 815 757 638 658 576 576 530 554 525 536 352 553 454 281 373 255 207 142 162 60 155 142 85 84 78 27 62 98 60 59 43 25
339 354 384 347 451 457 414 525 495 438 481 542 509 595 577 623 630 576 610 701 697 678 789 783 786 742 718 758 768 796 883 880 876 903 905 866 893 926 888 890 880 912 921 918 920 916 929 921 924 918 920 904 921 919 912 926 922 913 925 924 883 920 897 897 834 805 906 867 802 800 764 618 579 531 624 472 434 482 545 351 270 250 270 233 214 205 247 123 76 115 80 66 64 21 34 47 27 41 44 23
287 382 413 406 376 393 450 451 471 508 458 511 575 580 569 634 630 628 624 635 704 734 732 727 733 783 766 831 753 838 859 881 830 888 875 878 880 924 879 923 909 889 911 915 905 901 923 922 913 908 920 917 914 918 925 924 916 897 929 911 882 902 867 865 891 847 769 793 844 739 763 724 614 660 584 489 530 513 384 350 353 316 159 248 237 160 153 157 98 106 97 88 60 49 42 81 25 47 43 24
331 345 364 374 451 416 367 517 503 439 501 550 480 560 620 583 618 671 668 671 728 660 725 748 802 734 766 806 816 825 820 820 846 883 866 904 883 900 878 915 892 886 893 921 913 911 896 922 898 924 916 906 921 922 920 921 924 922 896 918 924 847 869 895 844 875 829 826 840 750 794 702 606 667 593 520 535 611 473 373 405 226 391 291 286 123 219 164 148 129 64 156 103 44 61 68 22 40 41 26
374 339 333 385 373 345 436 398 415 513 446 541 515 585 574 579 604 572 667 792 711 789 748 782 720 751 836 738 847 794 845 812 767 864 883 896 874 911 885 902 885 924 921 911 902 919 918 924 921 925 913 923 921 909 916 925 897 910 923 874 903 911 850 892 888 805 801 819 839 788 672 657 565 626 565 537 578 428 370 424 242 213 250 198 178 277 175 141 154 107 82 76 58 102 63 24 31 47 27 32
331 378 291 333 405 396 434 406 432 382 502 553 519 547 571 573 677 658 548 593 651 713 701 719 794 746 724 825 787 735 828 865 836 848 851 896 896 865 910 896 876 898 902 915 921 907 914 919 907 897 918 908 921 930 918 929 930 931 904 904 866 913 867 847 820 831 838 802 781 806 784 699 700 503 472 500 529 529 368 417 295 310 215 173 140 139 155 152 102 75 61 134 62 30 25 57 26 32 26 23
336 295 363 312 401 382 389 446 422 452 431 493 494 509 594 567 515 645 650 673 667 731 702 693 698 849 781 750 774 789 835 808 805 865 834 846 855 867 903 893 912 904 894 910 919 919 914 881 915 917 913 909 920 920 919 905 912 915 920 888 875 888 868 916 832 815 849 797 865 773 731 667 587 614 629 599 533 484 354 269 215 267 220 239 189 192 94 159 75 67 80 30 50 58 43 37 26 27 26 25
287 390 306 343 382 375 378 375 409 484 533 594 572 569 543 598 550 652 590 613 572 656 750 653 707 757 783 746 763 793 840 841 790 852 828 843 839 873 890 893 878 898 863 918 914 905 901 912 906 915 924 901 911 906 923 921 923 903 905 874 880 883 845 843 840 838 752 800 836 693 636 562 604 557 571 470 500 391 323 477 310 116 247 285 194 161 139 85 87 46 86 67 45 31 61 52 43 20 25 24
288 341 339 346 371 346 358 452 358 443 462 462 432 553 571 507 563 593 663 679 651 696 722 685 709 821 779 792 756 791 801 807 810 830 825 833 864 920 872 869 863 902 912 915 895 900 887 918 901 900 907 910 910 895 911 892 914 909 915 908 900 854 878 851 850 799 768 791 704 667 564 643 695 603 631 476 343 393 334 357 483 226 240 266 190 230 61 60 84 66 66 59 34 81 47 45 42 25 25 22
