488 498 456 495 572 467 637 615 542 678 685 683 769 659 737 740 755 771 844 812 823 840 847 822 795 875 933 871 869 870 881 917 927 867 935 919 916 899 925 943 933 947 952 933 967 958 945 967 962 961 966 967 965 973 969 964 969 971 967 965 970 973 912 897 819 872 846 887 810 690 637 630 396 443 465 296 311 292 182 160 282 63 129 123 48 132 104 83 87 29 32 49 25 37 25 28 25 29 28 25
495 525 492 527 626 551 696 634 587 703 713 554 723 653 691 727 776 676 775 784 808 826 838 842 832 900 852 859 907 897 881 867 924 923 929 928 918 941 960 961 936 953 954 967 954 973 953 958 966 961 965 967 964 962 959 961 968 954 959 943 961 922 891 906 831 932 865 810 689 715 762 611 485 434 330 330 308 238 327 331 180 138 100 83 86 68 48 52 47 46 45 45 46 20 27 27 28 27 27 26
534 460 531 590 466 566 609 562 633 657 657 655 741 690 672 730 813 769 816 824 834 758 854 873 850 849 808 906 903 913 914 914 901 885 920 952 909 960 951 928 929 958 970 970 954 963 961 968 965 961 957 966 964 952 970 961 970 969 956 954 970 918 917 942 836 830 918 885 776 816 724 515 395 514 495 330 252 324 175 256 212 158 163 122 87 51 83 63 30 32 33 30 27 29 30 27 28 30 24 31
473 501 542 544 625 559 581 644 629 612 686 695 727 655 745 777 746 771 777 856 876 818 854 864 873 863 859 891 894 898 922 916 906 930 895 950 932 966 938 952 941 961 956 948 958 964 970 976 966 966 968 969 960 954 960 955 963 970 959 947 967 967 929 971 913 891 793 814 802 813 789 655 539 397 379 438 369 313 251 230 231 85 138 106 106 31 68 48 27 30 26 51 29 48 27 27 24 31 25 24
511 502 554 611 524 614 589 629 614 689 659 755 681 747 777 798 693 710 799 829 863 797 817 887 866 875 868 848 912 889 878 905 918 936 947 944 941 948 925 958 952 951 962 952 958 959 955 968 966 962 957 963 962 970 974 972 973 964 965 953 918 951 949 923 951 909 902 787 828 765 693 606 579 477 419 398 209 275 327 252 293 158 78 119 124 140 103 63 65 28 46 30 25 29 30 23 26 22 31 27
512 517 526 612 607 649 748 660 607 714 722 730 705 749 769 735 770 787 785 826 849 886 871 906 809 856 868 922 849 902 930 929 915 930 921 929 949 925 954 928 960 958 963 943 959 957 966 948 954 968 967 961 966 969 968 972 958 975 965 975 965 972 936 929 884 864 826 782 895 818 695 568 551 415 395 285 283 369 257 156 236 218 156 101 122 62 66 72 28 65 50 27 30 28 27 31 27 27 23 24
483 590 471 575 651 573 652 648 644 748 717 692 788 808 774 786 766 773 829 770 869 812 863 861 875 865 890 880 911 893 913 902 940 950 950 956 953 932 959 946 927 941 953 962 952 971 962 959 964 960 970 960 968 969 963 970 970 967 939 972 949 939 947 918 910 852 912 800 811 757 777 692 574 510 323 293 389 291 272 328 217 185 155 163 66 62 143 43 86 68 49 31 28 26 25 25 27 27 26 27
499 558 486 534 669 706 604 646 730 713 693 700 775 761 727 832 727 784 821 765 867 876 862 870 897 873 908 897 890 921 944 936 924 911 936 950 955 954 928 907 958 942 960 958 960 961 963 967 978 939 965 955 974 965 967 974 969 976 967 940 962 954 929 908 863 831 849 835 951 908 720 800 558 443 438 442 257 288 349 344 220 103 182 143 103 190 67 108 52 27 45 24 30 34 28 24 32 26 29 27
515 524 553 564 617 595 678 674 667 698 671 679 803 747 789 741 838 783 847 831 767 847 846 847 888 877 892 913 877 927 922 937 914 931 930 962 964 941 958 961 956 943 951 959 960 964 964 964 953 963 970 963 962 965 948 968 969 963 966 967 967 940 928 944 912 818 822 838 801 843 793 604 431 538 391 381 367 405 273 233 141 126 156 162 141 66 137 60 47 47 33 31 29 34 26 46 22 30 32 27
476 574 589 526 586 670 603 676 716 710 686 780 732 781 753 796 748 837 825 866 770 870 880 858 875 907 875 918 921 884 895 920 921 933 942 954 941 951 965 962 964 958 959 966 959 967 962 953 968 966 967 964 968 962 974 962 957 972 962 965 956 945 891 951 917 910 851 759 812 794 678 681 635 399 424 424 420 285 266 159 269 194 104 104 179 43 65 29 45 46 28 62 37 25 29 24 29 23 27 31
546 574 527 662 616 681 627 709 712 686 657 710 742 824 759 787 870 806 798 886 855 845 854 896 897 885 906 903 947 917 903 923 922 941 946 927 950 957 962 941 961 934 971 944 975 966 966 973 973 965 972 972 970 964 966 970 960 963 963 969 978 969 937 896 821 962 886 852 786 738 679 647 591 479 368 344 430 476 311 232 310 196 121 103 121 45 85 68 63 68 44 28 47 46 33 18 30 29 29 29
538 596 602 597 640 604 674 678 747 668 762 729 698 811 825 805 782 839 848 854 878 846 878 917 896 873 919 947 879 941 923 933 910 936 965 944 948 945 934 959 950 971 960 958 952 965 965 961 967 966 962 962 965 966 971 974 967 960 970 947 967 944 955 868 871 928 863 816 839 803 786 621 503 472 416 417 388 234 252 251 294 197 204 103 125 82 43 105 27 62 68 49 31 31 30 25 29 24 32 28
600 563 580 627 620 623 656 679 696 743 790 711 814 741 757 822 817 787 856 847 815 844 847 897 837 901 885 887 912 949 948 930 950 956 943 941 953 943 969 963 965 966 961 947 959 969 970 966 972 971 966 968 965 972 963 957 968 980 969 973 946 973 927 939 894 898 874 822 776 912 776 508 547 417 447 507 451 344 362 268 352 245 89 103 70 157 142 62 48 83 26 53 26 27 30 30 35 26 29 22
594 503 630 608 564 540 670 780 710 762 745 789 791 765 818 740 830 779 878 866 810 819 899 898 899 905 901 893 906 923 930 952 952 911 930 973 938 966 964 952 950 956 961 966 958 961 968 968 969 970 958 966 965 972 973 968 965 976 977 971 955 973 957 907 926 884 889 835 802 800 695 684 680 538 575 368 389 419 515 252 156 243 85 118 105 156 64 29 49 48 80 48 46 28 26 24 27 25 27 27
531 534 537 566 666 662 634 697 735 662 776 764 796 763 778 804 815 795 837 830 843 882 913 869 887 902 826 910 914 942 942 942 945 956 937 949 954 951 974 947 962 965 958 963 966 962 963 975 970 965 963 962 974 972 971 969 973 969 952 974 963 959 951 943 968 935 948 839 867 777 866 603 635 466 384 548 416 250 248 289 289 236 119 198 102 65 122 80 46 107 44 29 30 28 27 33 25 26 26 24
502 565 582 585 680 551 667 699 708 670 724 741 791 753 827 842 839 833 844 852 860 872 812 901 917 902 892 925 945 941 939 915 928 931 958 944 946 962 955 957 959 965 962 964 967 964 963 961 973 971 957 968 961 974 964 971 971 967 969 967 956 975 936 947 899 867 797 887 859 766 744 707 739 605 459 349 387 235 296 240 292 237 219 145 66 101 50 65 84 24 48 65 32 33 26 26 26 31 33 27
599 652 581 610 682 627 651 725 710 714 694 715 728 820 842 834 847 755 872 869 870 899 880 875 913 912 900 937 888 950 947 936 931 926 951 936 960 940 954 970 961 959 973 968 961 971 965 971 967 970 976 973 958 969 973 972 969 970 965 974 972 948 938 920 940 880 875 852 788 813 759 697 672 553 376 461 396 442 234 274 310 179 180 103 105 86 50 65 105 46 65 29 47 22 29 27 32 31 31 31
533 531 566 562 652 691 663 661 653 767 729 828 814 799 764 847 800 826 876 883 896 856 923 893 911 918 941 898 902 943 929 927 949 947 943 960 961 965 942 960 947 967 971 967 971 960 972 966 974 967 971 958 970 967 972 967 968 971 972 978 965 942 961 924 918 916 898 844 780 860 754 569 604 543 456 476 384 254 227 216 158 181 136 68 159 125 83 67 48 44 59 26 36 41 26 26 25 26 28 35
563 585 589 708 651 649 673 709 747 749 778 764 787 783 790 810 834 856 868 875 881 869 886 883 898 928 921 900 928 932 942 938 954 956 945 950 947 955 959 964 959 964 968 965 971 964 965 968 968 973 966 965 974 954 970 977 972 969 971 970 933 961 948 940 964 876 810 808 844 831 622 570 592 547 465 396 420 219 307 252 202 194 239 214 85 141 49 48 53 46 49 46 43 45 46 26 30 25 33 28
602 585 568 621 705 688 666 658 720 747 721 791 814 785 816 847 846 849 845 862 880 901 891 875 898 887 939 921 909 935 918 923 928 948 961 959 954 943 958 969 967 953 970 959 966 969 971 955 976 966 973 970 969 971 964 965 974 970 977 977 977 970 973 965 974 940 954 902 897 890 723 812 738 473 400 388 310 380 322 290 138 233 142 105 85 83 107 63 51 43 63 21 50 26 33 50 29 29 32 28
557 530 593 602 603 675 716 684 725 721 687 761 726 807 758 842 784 842 846 922 853 863 860 893 900 927 912 917 923 923 940 953 914 940 945 943 946 952 970 953 965 970 971 961 969 967 972 964 973 975 970 972 961 968 969 971 978 967 964 975 961 975 934 954 941 913 868 897 895 863 755 721 683 632 401 394 407 418 234 330 216 141 145 157 161 83 24 65 48 87 45 30 31 29 28 23 28 27 25 29
587 543 675 628 685 665 647 678 726 699 792 747 824 771 828 805 836 812 887 884 900 859 900 903 912 903 918 939 907 934 933 941 957 949 960 946 947 953 957 965 956 953 971 965 971 970 976 974 976 966 964 970 973 974 972 965 972 967 973 978 952 970 969 958 929 907 885 899 839 732 780 769 733 553 531 309 351 378 455 279 237 176 252 143 214 65 121 103 49 65 24 45 22 27 24 31 30 28 29 29
639 609 606 662 631 622 699 692 759 789 743 764 833 817 863 839 862 848 825 888 883 892 909 932 935 935 944 903 936 923 925 964 942 937 961 946 956 964 965 973 960 969 957 964 972 970 963 963 971 971 972 969 972 965 967 970 979 968 973 975 954 971 969 975 930 927 955 874 872 927 725 807 670 642 457 358 477 362 265 256 279 166 289 107 71 82 123 101 102 66 29 64 46 29 42 29 28 32 33 29
610 569 580 546 689 731 680 731 736 768 783 759 786 830 854 875 888 837 870 858 911 851 907 915 937 880 933 914 938 953 932 948 940 948 946 954 959 964 977 968 958 959 971 976 958 976 974 978 966 977 972 966 966 963 970 968 961 969 971 969 968 972 974 967 969 913 931 905 826 859 836 704 714 558 471 422 407 304 327 209 236 306 161 119 152 178 102 49 26 104 24 46 30 25 29 27 28 30 30 25
635 648 556 627 641 718 670 734 787 720 738 825 796 832 871 861 833 885 884 834 872 860 916 906 914 889 878 915 918 902 941 956 929 955 960 965 959 957 966 972 967 970 965 973 968 967 962 973 968 950 966 975 972 967 969 971 976 968 974 970 970 970 955 953 969 842 920 912 856 801 810 764 550 651 609 451 480 419 383 323 215 280 123 199 156 122 84 47 49 65 29 25 25 30 26 31 23 28 26 22
495 580 574 647 610 693 699 705 757 763 717 826 792 795 802 839 852 844 879 870 850 876 941 902 906 928 947 936 950 927 913 963 962 955 963 963 971 967 971 968 972 970 954 965 961 971 970 970 967 972 974 973 975 967 967 974 969 974 972 976 970 952 977 936 929 921 975 858 904 834 818 793 592 587 471 573 537 437 368 327 137 294 199 182 142 157 68 65 42 46 47 29 32 67 46 24 24 29 29 28
597 551 606 651 605 655 679 769 793 789 763 774 809 783 858 860 819 852 820 866 919 914 913 891 941 929 943 893 914 928 945 957 934 958 956 962 960 966 961 970 954 966 966 971 974 955 969 964 976 966 970 972 969 969 969 977 971 970 967 971 971 969 972 956 950 896 933 890 851 879 763 699 693 539 548 536 482 344 291 238 174 251 84 157 47 158 123 125 81 83 34 46 47 25 45 48 31 27 29 26
525 591 595 647 660 717 711 736 706 740 814 808 873 829 845 837 812 834 864 881 868 856 919 881 929 922 935 933 931 941 941 955 946 963 961 967 963 965 960 952 965 975 964 973 970 969 979 974 972 974 968 973 975 972 973 969 976 973 974 968 956 968 969 975 947 944 902 885 866 914 737 643 704 588 531 588 499 488 277 318 196 178 253 198 102 49 45 84 109 31 87 44 68 21 27 30 31 28 30 31
571 601 627 692 684 741 697 769 749 773 835 800 809 804 826 828 835 859 833 876 872 915 908 904 923 918 933 920 954 958 939 954 945 932 963 962 964 959 965 972 973 975 967 960 974 972 974 976 970 972 965 975 969 970 973 977 973 977 969 956 976 975 951 922 951 905 934 896 846 768 728 806 629 761 651 437 518 368 419 329 253 256 183 140 160 64 64 80 63 85 34 83 30 48 28 29 28 28 27 27
632 569 601 659 745 688 760 705 721 753 813 753 784 825 806 885 845 895 932 873 925 916 895 893 915 921 941 949 950 936 934 943 929 946 969 966 967 970 972 970 967 961 974 978 970 970 966 978 969 971 971 964 972 974 967 965 964 975 977 968 915 976 948 955 944 946 876 910 879 816 819 790 744 633 649 630 457 478 437 418 269 234 234 122 166 100 105 46 106 27 44 46 31 28 28 30 25 30 28 28
616 629 606 646 648 599 741 708 766 761 780 700 774 764 858 824 805 852 875 884 900 875 894 908 921 901 943 944 955 946 952 939 947 965 963 958 959 969 973 965 962 972 971 971 971 968 976 980 971 967 969 967 973 977 965 973 974 976 977 974 970 977 970 956 970 917 934 927 903 822 782 738 753 590 507 508 515 424 407 279 301 161 197 134 158 86 88 66 103 40 125 48 44 29 45 23 27 31 28 25
523 584 613 639 659 671 731 681 730 754 775 864 840 836 880 855 847 871 846 837 918 884 897 903 902 924 921 927 945 944 945 936 955 955 928 969 970 964 968 967 972 970 973 962 973 970 972 975 975 976 976 969 963 965 974 974 975 975 971 976 978 966 967 970 896 825 935 953 952 817 737 665 785 612 539 555 458 432 348 352 284 271 106 236 198 139 105 81 58 25 54 60 50 29 46 55 63 30 24 26
527 606 634 653 706 646 673 767 745 779 808 774 790 795 849 807 886 898 871 874 880 919 903 889 940 940 926 936 913 934 944 943 959 962 966 959 966 971 962 958 967 973 955 968 975 975 973 972 967 974 974 973 973 980 974 971 977 973 980 967 978 975 976 958 935 927 953 912 935 862 742 757 651 471 453 517 469 346 358 307 273 270 228 159 200 99 119 64 47 84 46 25 44 29 51 31 27 26 31 25
602 608 625 719 604 711 722 740 805 783 803 777 814 856 816 868 843 867 872 855 899 885 896 914 935 932 942 948 921 959 955 961 952 950 942 962 969 968 954 972 979 970 975 967 973 971 975 968 979 971 975 972 974 975 974 974 969 974 973 976 968 970 937 967 962 955 941 893 887 836 819 708 759 720 533 503 520 364 325 486 205 309 257 242 126 98 111 44 26 83 47 45 30 49 25 31 53 22 26 26
567 536 631 594 686 587 766 763 728 758 794 776 828 758 855 826 816 849 889 868 892 901 919 892 928 917 943 889 956 922 946 944 948 963 971 956 958 946 959 970 970 963 971 965 977 966 960 972 967 968 979 974 977 978 969 976 971 973 972 976 970 972 979 970 955 944 942 862 877 819 863 753 676 637 495 530 437 516 375 294 271 274 164 289 160 106 28 122 48 44 27 49 45 31 29 26 27 27 29 29
533 651 597 588 574 681 702 744 798 795 807 804 856 814 859 867 827 859 871 884 897 893 901 944 936 954 931 916 954 959 890 924 958 961 930 976 966 966 970 970 972 967 970 974 968 972 976 972 966 976 974 970 967 978 973 973 967 976 976 973 967 981 959 954 952 970 900 958 869 862 859 757 687 679 576 538 380 316 441 283 361 330 296 233 161 147 179 85 78 28 85 63 45 28 23 28 29 28 36 30
583 626 644 611 663 747 712 720 754 739 759 787 826 839 880 858 867 862 901 827 909 901 896 899 922 922 933 943 935 939 960 926 961 964 966 968 969 967 970 973 972 978 970 975 969 978 975 977 973 974 978 960 970 970 971 972 978 973 973 969 976 977 968 955 931 978 950 885 873 881 833 725 777 621 670 454 569 469 309 330 275 275 175 202 147 120 102 118 76 65 63 43 31 23 25 27 29 25 25 24
569 623 573 646 747 650 745 585 760 751 777 811 814 804 824 929 867 834 907 915 894 868 920 924 915 946 939 940 932 963 949 952 963 956 967 961 975 976 943 956 973 973 968 970 964 970 977 972 966 966 979 968 974 970 972 978 976 971 975 957 973 961 954 953 969 930 957 917 816 842 824 816 676 713 664 642 425 346 324 407 303 196 180 183 160 231 101 87 86 73 48 42 31 50 27 27 31 30 26 28
572 567 715 641 640 725 651 689 779 702 817 795 834 796 819 849 825 837 917 827 833 899 866 924 921 934 926 956 940 952 959 939 948 960 962 953 956 964 973 966 966 966 971 981 972 975 972 968 967 979 973 977 974 973 982 973 975 973 978 980 978 982 946 977 973 918 934 917 938 855 889 790 741 590 502 547 482 388 364 399 294 219 296 238 139 180 25 48 138 140 48 64 50 30 25 26 29 30 25 26
602 607 635 667 617 680 655 741 739 844 715 775 829 845 844 865 896 843 866 923 899 908 915 871 917 921 935 953 946 945 930 945 960 961 938 963 969 969 970 966 977 974 971 976 976 976 969 974 971 976 978 973 975 976 975 967 976 976 977 972 973 935 964 970 920 915 954 891 920 896 816 821 670 751 625 516 557 527 478 385 257 237 269 161 179 177 63 105 62 47 84 68 43 47 50 29 25 29 27 23
517 591 628 686 635 696 711 730 734 778 814 781 818 844 847 847 883 772 910 887 892 907 880 901 942 935 924 919 952 909 942 960 958 966 960 953 976 957 966 973 968 974 977 971 969 971 975 974 966 976 970 973 972 976 970 970 974 972 970 982 970 977 979 970 936 935 940 937 842 894 717 680 724 664 615 655 553 528 366 439 291 235 353 174 237 246 141 86 126 28 106 51 21 21 28 44 46 36 28 26
567 686 621 640 728 655 735 726 726 786 787 814 781 788 827 860 864 857 875 880 901 918 903 927 941 931 941 953 939 939 958 932 956 969 973 960 968 972 972 964 963 966 975 960 971 972 974 972 971 971 965 970 974 966 981 969 980 979 973 982 973 967 972 969 982 923 912 899 881 900 858 732 634 729 542 592 476 422 293 443 302 237 233 182 175 184 105 100 139 47 26 64 48 23 46 48 33 30 27 32
589 596 588 696 682 683 716 718 724 764 792 768 844 780 882 822 871 895 879 889 906 897 947 923 904 912 915 920 933 946 960 953 962 961 964 972 969 963 952 964 975 975 983 981 977 973 974 976 975 977 974 975 974 975 977 973 974 980 978 982 982 951 956 975 943 956 917 913 825 951 855 858 774 650 539 495 555 616 381 394 281 160 291 205 137 122 166 103 180 42 62 110 48 27 73 48 28 26 31 30
595 611 624 670 715 649 759 708 798 736 789 806 814 820 832 852 816 831 827 877 895 907 886 927 926 953 933 964 941 963 958 945 963 948 966 964 965 966 974 968 976 962 976 977 967 961 976 974 972 967 980 972 978 973 971 972 976 972 977 977 970 958 975 978 964 926 973 942 873 886 839 664 700 613 608 625 595 410 490 344 254 306 159 422 101 216 123 84 100 99 102 28 48 68 43 46 29 26 26 23
644 576 530 649 698 682 756 708 680 739 798 708 880 815 782 849 856 852 886 834 926 889 883 921 949 940 924 942 935 964 950 952 942 955 970 958 957 946 967 972 961 972 972 973 969 973 967 975 973 975 976 976 976 973 976 971 973 975 970 978 980 978 961 948 934 957 923 872 813 874 819 756 636 730 649 613 478 432 346 416 222 309 297 260 218 119 162 86 54 82 46 52 47 30 28 50 29 55 30 32
535 555 580 686 694 715 694 734 765 704 741 813 778 784 821 894 876 915 832 919 907 877 949 905 928 906 905 935 927 948 948 965 956 951 961 968 961 966 975 968 974 974 969 979 976 979 974 976 976 979 971 969 977 974 973 976 967 974 957 971 977 946 971 968 960 913 958 890 831 894 854 767 729 760 639 483 569 432 555 464 253 273 253 225 218 119 178 144 124 100 27 85 61 64 63 31 29 48 28 29
594 597 659 597 588 700 732 729 723 732 758 805 807 864 840 844 847 833 893 874 927 889 892 936 878 908 931 944 926 958 960 959 961 962 969 937 966 959 977 972 974 976 975 977 968 972 974 979 968 976 977 967 972 980 971 975 972 972 973 979 970 981 966 969 971 900 915 964 853 870 864 799 711 669 593 647 556 346 525 481 332 311 272 140 200 252 140 123 65 63 47 68 28 31 66 61 32 33 25 25
560 595 615 658 653 578 693 724 824 763 842 843 733 854 766 809 854 779 874 908 900 884 931 892 922 899 894 898 953 949 945 936 971 963 964 967 970 955 965 979 972 973 976 970 965 970 975 974 973 982 979 971 974 972 979 971 972 976 975 977 975 978 973 969 929 899 980 904 848 825 859 867 763 595 595 648 457 614 387 405 420 296 234 275 141 157 275 70 107 70 142 62 30 25 43 23 34 27 28 24
552 557 584 676 704 643 746 669 773 755 760 768 787 783 781 857 880 868 882 866 852 911 915 906 924 953 918 956 941 932 952 925 951 962 972 969 967 974 961 971 972 970 947 977 976 976 966 975 972 974 975 970 968 979 974 972 969 981 975 961 973 980 976 979 962 973 951 906 906 827 875 665 778 652 542 726 592 621 372 434 378 358 365 230 313 165 123 158 103 129 49 48 84 79 86 67 31 25 28 26
516 586 636 639 674 641 732 696 729 780 711 782 725 808 805 813 895 865 844 871 899 876 916 935 896 918 941 948 941 951 955 957 973 958 966 959 970 970 977 976 972 957 970 977 966 974 978 981 983 968 977 983 973 971 978 968 972 971 977 970 982 957 950 935 961 922 966 923 903 835 854 861 781 690 640 572 471 530 415 411 251 308 195 164 199 219 164 85 103 67 88 99 103 29 67 28 67 32 25 25
516 574 529 695 659 675 722 769 722 716 786 793 801 824 848 812 878 869 868 873 896 893 865 895 890 890 944 954 947 966 952 968 967 972 919 965 976 974 976 969 977 974 973 970 978 972 972 975 974 968 980 977 977 972 976 974 977 978 969 979 970 959 980 950 977 917 931 961 888 840 804 773 773 665 706 490 573 560 439 431 369 362 196 295 217 161 181 103 85 81 49 27 32 45 48 30 53 26 28 26
502 574 644 576 639 735 731 702 724 786 796 840 822 817 812 815 850 880 941 864 849 887 899 907 943 931 905 938 941 933 958 957 967 957 936 966 958 962 966 976 963 970 978 967 972 974 972 977 971 975 974 975 973 968 974 965 971 966 977 978 964 979 977 948 940 954 943 922 971 894 782 755 706 763 656 572 552 540 541 518 266 287 216 312 163 230 179 107 127 29 86 107 46 48 68 31 47 42 29 27
532 574 621 637 693 622 687 744 715 715 746 815 792 817 828 848 878 853 904 814 875 889 896 938 928 905 944 903 936 939 962 963 965 959 977 958 976 962 978 965 979 966 976 968 965 975 974 970 975 965 973 968 975 976 976 973 971 981 983 976 977 960 969 929 972 926 914 921 865 855 819 785 765 690 575 655 542 403 504 409 297 257 254 230 347 164 178 195 138 85 84 112 128 64 46 45 29 44 24 28
593 630 627 596 582 716 747 700 715 697 797 722 764 787 822 818 823 843 839 910 917 912 923 905 925 924 930 960 951 921 956 934 963 964 975 966 963 970 952 969 978 975 972 972 972 979 975 974 977 979 978 978 975 969 973 975 978 975 983 968 951 968 970 961 930 957 903 898 897 820 878 833 763 676 699 598 676 461 522 480 384 333 271 179 256 128 102 203 120 144 88 83 49 30 22 49 46 30 31 31
620 470 652 522 667 654 708 774 734 747 787 785 742 797 833 834 885 811 864 909 822 904 910 887 951 909 889 935 945 935 934 958 918 969 968 966 968 973 973 974 971 974 975 976 971 978 971 973 976 968 974 966 977 966 970 974 981 970 971 974 978 972 961 951 962 961 955 958 964 891 852 713 700 701 630 700 575 453 589 434 319 293 164 258 268 235 141 185 200 127 66 67 49 25 97 51 47 31 29 28
574 602 634 571 685 655 656 673 763 714 751 773 788 834 798 800 850 867 820 922 875 895 896 934 887 928 918 937 959 937 947 954 937 962 972 960 955 973 958 970 969 977 976 975 977 976 974 980 965 977 971 975 976 976 976 974 976 975 981 972 980 972 976 939 958 940 932 881 948 793 882 677 714 712 668 555 625 372 476 370 405 294 253 275 240 158 110 197 126 122 67 108 88 70 47 67 47 25 25 28
474 562 594 588 621 735 697 682 759 741 827 777 818 779 757 858 846 835 818 912 897 851 896 904 904 904 942 944 947 941 950 923 940 937 980 973 979 971 967 963 970 974 974 980 962 971 974 978 973 974 971 973 976 973 972 974 980 979 978 972 983 975 959 975 958 955 934 883 950 914 825 846 786 705 769 599 582 501 577 409 483 483 295 274 240 161 159 80 86 97 101 29 66 51 48 50 31 29 29 27
422 519 671 645 638 640 742 721 660 724 765 697 728 838 759 901 812 842 880 881 876 904 920 885 884 951 912 908 943 929 946 960 972 933 954 933 945 966 965 969 977 964 973 970 970 978 976 973 979 977 976 971 968 975 974 976 977 970 967 980 977 945 977 941 970 933 925 919 881 845 817 804 802 727 663 561 691 670 553 482 464 278 306 215 236 204 182 199 174 68 129 143 52 45 53 28 45 29 44 29
518 567 634 555 542 654 599 765 687 734 771 779 838 828 790 787 818 879 861 808 891 894 929 930 900 934 889 941 961 962 929 967 973 956 950 942 969 971 956 960 966 973 975 974 976 976 974 977 976 967 978 979 976 973 972 964 972 976 972 972 976 945 960 971 963 957 881 913 860 934 923 721 648 740 677 597 701 612 417 482 521 395 372 406 237 182 314 158 72 141 99 66 33 47 49 28 52 47 27 33
466 488 520 627 592 608 638 703 656 743 777 826 803 851 829 769 852 838 901 868 873 867 868 930 915 962 925 913 901 944 975 955 947 945 934 975 955 977 966 973 974 955 979 977 978 980 974 969 979 979 967 977 974 978 966 976 977 969 977 973 959 969 956 958 952 939 945 895 984 808 864 813 770 751 681 638 545 617 405 451 517 385 201 267 402 218 253 142 84 145 72 104 41 34 49 47 24 29 27 30
494 510 543 645 563 661 635 710 655 677 772 694 800 813 811 810 819 854 871 869 876 841 917 895 883 941 948 941 971 906 961 944 946 941 969 971 966 974 966 958 977 976 974 978 960 974 973 971 977 982 967 973 977 966 978 971 980 973 976 979 976 957 922 951 974 940 979 970 900 889 766 773 707 747 721 686 633 598 520 466 405 311 346 311 294 161 164 185 197 111 79 121 143 66 83 27 30 45 45 51
574 565 582 508 648 659 641 605 702 643 811 731 858 756 835 791 762 814 825 832 933 846 831 911 908 870 889 938 933 933 965 949 954 951 953 974 959 969 968 978 980 977 984 979 980 978 978 975 973 972 974 966 977 969 972 974 983 969 972 974 944 953 953 972 914 934 937 921 958 910 882 760 600 619 711 747 524 590 581 551 473 384 372 256 280 183 127 178 111 84 51 65 87 63 28 29 66 31 29 32
494 601 653 633 611 595 642 691 692 779 724 792 734 865 814 808 753 867 782 902 866 916 872 890 940 922 933 923 946 946 941 940 952 969 970 979 957 945 970 980 976 961 975 969 976 981 975 975 978 979 977 980 972 975 965 983 976 977 978 984 976 965 979 960 976 937 918 910 847 844 844 848 863 696 649 686 538 454 389 431 431 292 370 308 237 199 195 177 237 126 106 69 147 49 29 65 65 52 31 25
537 523 562 662 603 569 774 610 703 697 747 702 746 836 844 821 817 836 830 883 876 926 899 881 908 945 928 910 919 960 964 947 975 952 963 972 973 971 969 966 970 978 979 966 982 975 975 980 979 963 974 977 974 975 973 967 970 970 967 943 974 973 955 972 912 934 919 938 943 915 901 805 825 656 643 640 549 559 523 314 492 426 444 353 277 242 235 176 126 140 66 65 148 71 71 33 65 45 29 30
473 507 571 611 594 629 692 669 665 773 649 746 727 792 799 828 832 844 881 853 893 891 927 916 919 943 897 924 934 957 930 919 955 969 970 973 959 969 976 971 969 964 973 974 976 966 975 980 980 979 974 982 980 969 975 983 973 973 973 982 978 978 975 973 953 956 922 929 950 948 769 830 819 743 750 585 573 504 451 600 487 329 403 371 257 222 161 203 124 48 88 126 55 49 29 27 32 48 24 23
505 567 513 572 615 707 695 675 683 676 660 752 748 736 817 786 841 800 885 838 854 899 870 909 929 858 933 882 917 941 949 904 928 939 952 964 952 969 975 960 973 978 970 978 959 978 974 972 979 978 970 977 968 977 975 976 978 977 977 964 956 959 964 955 937 977 959 927 881 897 867 783 731 703 688 687 598 595 405 450 441 391 354 332 255 238 146 277 145 196 85 113 86 144 33 105 65 51 28 51
561 562 586 673 678 605 613 642 728 760 766 786 784 764 791 791 857 856 804 878 876 912 944 875 904 918 924 939 924 949 943 966 912 938 976 976 951 979 971 972 973 966 974 971 972 951 970 971 979 978 980 972 965 973 976 975 973 975 970 959 980 983 964 976 964 983 941 924 913 886 871 795 783 757 695 543 526 655 494 391 534 352 393 273 429 194 224 200 106 126 86 68 69 44 49 49 47 63 27 47
504 542 582 507 562 632 643 684 653 715 748 754 719 781 802 779 815 820 851 766 847 891 917 862 956 927 951 933 956 932 939 947 952 930 955 965 972 960 955 964 959 972 973 974 976 974 976 969 968 977 976 968 962 967 970 976 977 971 977 975 977 939 974 959 909 948 904 918 957 868 843 805 711 737 655 710 589 725 600 507 411 389 406 359 295 177 312 219 180 188 71 178 54 82 73 65 31 28 51 31
481 558 513 581 555 648 564 623 688 740 656 723 648 710 749 745 799 777 896 864 876 856 924 888 900 918 911 916 948 943 945 969 959 948 955 959 971 979 958 970 960 975 971 982 969 972 974 977 971 968 974 968 974 973 973 970 971 978 976 976 949 961 965 951 924 939 924 918 929 856 862 814 787 689 609 571 593 596 522 446 423 313 311 368 306 229 194 316 68 114 64 118 104 86 33 29 26 31 32 27
528 545 493 551 617 527 554 650 742 692 691 753 742 742 791 788 826 735 809 911 800 864 841 899 938 927 918 927 959 952 946 911 942 972 937 941 952 945 945 969 976 974 965 982 972 979 977 973 969 978 979 982 965 972 977 957 979 970 980 983 971 984 982 981 934 957 969 941 906 869 798 880 779 687 720 650 635 504 539 574 469 443 361 204 296 224 216 126 168 106 193 53 47 51 45 50 26 32 51 47
465 535 540 590 592 597 609 598 702 682 819 760 783 713 766 778 818 808 876 919 796 870 862 883 898 900 908 936 927 909 970 964 937 972 946 962 980 979 954 952 968 975 954 977 973 963 968 964 978 972 971 975 980 976 969 971 973 969 973 977 948 955 946 914 966 920 948 922 896 887 840 865 737 691 729 588 687 627 562 414 294 375 467 289 362 243 281 257 220 165 160 128 157 105 88 49 52 49 51 32
461 493 547 566 624 591 526 686 682 681 712 786 711 762 767 736 805 813 843 867 841 873 927 885 886 915 927 923 935 947 964 949 968 934 953 964 954 965 947 976 977 977 979 977 968 971 975 976 977 978 974 959 975 973 974 978 974 968 979 971 965 957 974 953 976 938 881 910 904 865 832 753 739 651 649 594 643 479 499 425 501 297 240 277 330 205 199 184 165 146 143 116 35 88 67 70 85 47 29 24
450 487 531 468 598 530 653 646 660 679 751 701 753 776 719 821 809 832 729 864 856 881 842 900 905 884 841 926 920 946 929 934 918 936 947 975 976 957 981 967 976 954 971 967 979 976 975 980 978 972 972 965 969 967 973 977 974 967 969 974 964 919 950 952 940 943 930 904 903 743 893 792 668 758 752 740 542 555 590 427 430 367 411 319 354 283 242 204 219 134 170 110 127 45 90 66 50 30 33 30
424 580 574 528 586 617 556 666 629 731 735 737 705 779 785 740 762 829 778 880 866 911 856 892 857 904 883 917 889 886 925 938 955 967 958 966 968 948 966 975 979 957 972 974 967 964 980 984 974 961 984 972 975 976 963 977 970 971 973 981 982 975 958 910 973 915 963 943 844 889 820 768 750 688 664 654 608 508 608 386 484 409 341 226 222 204 162 161 197 128 123 131 127 110 53 45 71 34 52 48
429 424 541 525 588 513 613 675 706 611 714 683 665 747 748 774 774 849 826 748 889 839 852 842 897 865 901 957 957 910 942 924 925 939 959 981 957 956 960 953 951 969 976 970 971 969 963 983 962 970 959 974 969 963 977 974 963 973 971 976 976 965 915 976 926 964 921 939 880 825 739 835 587 612 718 654 504 518 476 467 517 331 385 283 237 240 182 89 147 149 182 63 88 29 110 90 27 30 26 45
454 468 465 515 507 621 570 629 634 529 768 652 676 647 656 790 757 786 812 848 873 859 863 899 884 880 901 896 931 923 940 944 937 954 957 944 957 976 969 972 962 969 975 960 973 977 976 974 979 966 979 967 978 968 959 970 981 965 972 979 968 965 980 944 896 921 958 918 915 903 882 927 860 671 610 583 650 597 466 500 409 330 407 258 329 222 164 223 255 151 143 108 127 50 44 27 48 34 54 33
462 517 518 508 499 618 605 656 670 673 631 639 705 767 783 750 771 843 802 747 840 822 876 819 883 882 945 876 920 919 939 883 947 944 949 973 972 956 979 967 966 963 964 976 975 982 973 976 975 971 957 980 980 973 973 974 974 970 972 968 956 936 979 917 942 917 942 813 914 901 735 863 821 787 715 621 581 484 582 545 441 430 361 249 261 261 142 219 165 128 142 223 151 45 30 47 84 65 69 34
438 472 485 534 541 581 600 513 625 682 643 672 732 780 778 748 785 758 849 822 788 858 861 873 831 910 898 906 922 940 915 951 945 953 967 957 942 968 948 969 955 976 969 977 967 977 956 964 970 975 970 960 978 970 966 971 977 976 977 976 956 979 946 918 947 972 971 937 929 801 767 752 708 637 760 729 510 523 627 419 524 413 388 309 317 299 221 201 201 163 143 106 105 49 115 52 33 29 49 32
438 405 475 453 556 580 495 644 614 637 645 730 700 787 713 759 755 811 823 813 832 854 839 880 893 850 953 922 942 928 913 899 935 952 971 972 933 961 972 958 957 965 965 969 967 980 978 963 977 981 968 978 970 971 968 961 970 975 971 977 968 961 948 946 952 913 939 930 924 894 851 840 831 664 604 646 528 504 451 508 283 339 374 333 314 328 201 160 106 122 87 109 68 90 53 66 69 27 28 29
397 427 435 564 487 620 612 610 533 734 538 658 687 748 692 710 681 739 834 796 867 779 842 851 854 901 888 926 915 915 919 932 951 952 944 973 932 962 962 979 973 975 973 975 971 979 977 979 970 977 962 973 970 975 976 976 976 976 975 982 950 940 963 962 899 886 942 948 897 842 865 754 728 755 681 567 624 559 539 595 395 503 278 317 361 232 145 262 204 167 89 160 46 70 47 68 33 28 28 30
485 472 471 510 538 544 605 655 571 603 629 650 717 711 716 783 718 752 746 831 868 838 821 903 822 905 911 901 917 939 921 903 900 930 909 979 951 948 972 959 965 978 972 969 978 974 958 975 970 966 972 967 975 969 975 972 980 970 957 978 957 928 980 936 945 934 928 933 867 848 770 776 651 545 668 608 666 444 572 406 413 336 341 372 233 258 179 139 278 165 148 47 87 129 85 27 44 46 48 37
422 483 493 484 501 463 518 649 587 598 673 694 653 728 722 719 707 768 763 805 824 757 753 858 871 819 932 914 890 907 903 941 904 926 960 955 971 942 959 930 973 956 974 970 972 971 971 976 966 968 960 973 973 979 980 974 972 956 975 971 962 941 980 957 900 897 887 910 902 914 791 714 749 692 676 681 555 514 541 468 504 254 270 323 370 205 178 277 111 127 150 84 145 52 71 50 28 29 67 66
399 427 479 450 478 488 665 537 608 592 627 703 684 678 692 776 742 761 785 828 821 797 847 895 821 888 892 872 888 908 915 918 953 948 920 930 958 945 963 977 966 964 970 976 975 966 963 966 962 970 965 972 965 966 978 971 967 975 973 960 966 929 954 950 920 959 925 958 907 786 774 761 700 705 777 537 670 564 595 431 446 373 301 306 406 333 260 162 170 120 183 143 135 183 73 68 91 48 53 35
449 497 488 445 562 496 573 500 626 642 638 653 675 638 722 684 787 725 714 828 772 838 880 791 863 859 880 869 872 936 907 920 912 951 945 957 973 953 940 966 963 978 968 970 967 973 973 960 963 967 980 961 972 961 982 969 972 975 969 955 975 958 964 920 939 950 871 936 838 838 758 763 773 749 686 527 464 509 451 453 347 324 335 329 296 291 103 150 227 143 200 88 68 96 145 55 50 73 30 39
447 434 441 493 468 580 545 573 568 599 576 639 695 632 706 718 667 833 735 725 802 824 740 803 829 802 885 916 904 933 902 892 880 931 956 934 947 968 962 963 974 972 968 970 964 976 975 980 961 979 975 975 967 974 957 973 972 975 958 958 964 967 980 936 936 897 880 901 852 892 821 777 673 687 591 730 596 378 393 496 429 301 485 233 182 187 294 259 115 142 122 143 108 46 49 54 89 33 30 31
418 428 417 434 525 485 462 496 553 578 641 587 626 689 672 787 703 756 796 806 824 805 838 863 807 870 882 884 857 892 937 910 954 934 928 939 957 970 964 933 965 979 984 969 963 971 972 977 973 971 969 973 973 972 971 966 978 961 974 936 928 968 965 967 950 933 942 909 861 847 734 748 722 690 678 633 565 460 526 457 518 240 368 255 304 261 236 222 168 140 88 122 94 48 104 68 32 47 30 26
420 424 464 395 481 538 527 533 588 454 586 566 583 656 747 749 731 681 746 827 750 798 776 836 799 887 914 927 890 914 930 896 907 965 961 936 938 974 957 932 968 967 973 968 966 973 965 972 969 964 968 967 974 966 967 972 974 984 975 968 961 916 960 946 927 959 952 918 937 876 795 791 714 742 688 709 487 504 463 599 368 320 409 320 319 253 234 84 145 111 89 152 71 84 33 44 33 32 46 51
341 424 400 450 423 418 527 472 539 637 530 652 579 681 653 707 778 745 757 712 761 741 820 863 792 836 855 917 903 884 893 937 909 953 965 952 968 936 938 954 955 954 961 949 980 962 955 974 972 961 949 970 976 962 967 974 975 974 953 973 933 969 978 968 949 905 894 894 853 798 831 694 715 667 510 700 648 548 500 581 501 441 318 361 242 284 216 190 146 145 132 77 84 50 65 57 48 26 29 30
393 379 431 392 456 484 488 577 579 560 608 550 681 579 657 689 772 803 721 779 807 732 800 799 866 799 833 830 850 901 909 884 908 923 943 956 910 954 932 949 961 970 965 964 971 969 969 961 962 967 968 958 957 974 973 963 974 979 964 965 956 979 955 977 917 927 899 886 862 818 760 832 757 602 694 502 484 560 451 477 415 335 320 265 230 278 229 187 147 109 107 143 102 86 89 70 26 48 66 46
361 465 375 414 457 434 473 541 492 513 581 529 588 604 656 691 679 793 820 743 716 770 779 822 818 774 877 834 906 855 919 901 931 924 933 928 952 942 932 976 967 961 968 972 978 966 974 970 972 956 980 968 965 970 967 974 977 977 966 976 935 973 891 939 906 908 824 963 823 789 785 811 635 759 692 601 575 467 378 376 415 312 466 224 204 299 244 192 149 219 93 67 85 53 54 49 32 32 49 47
364 373 408 403 426 551 480 486 459 591 551 589 566 681 716 663 747 823 767 796 762 813 873 861 850 876 809 841 888 892 849 856 910 898 935 954 954 935 956 975 966 963 969 966 957 980 952 960 968 958 960 970 967 969 960 976 975 978 981 965 973 969 950 930 930 903 938 826 958 797 806 780 693 656 492 484 576 478 445 485 302 292 405 271 229 219 219 233 147 107 68 73 69 31 105 34 34 38 30 37
347 439 423 429 423 430 472 490 465 530 626 626 599 621 643 690 615 716 756 683 735 749 836 790 776 736 850 906 864 882 917 849 906 917 939 952 878 942 955 939 949 948 958 966 962 960 976 966 972 966 971 978 975 961 979 974 976 960 973 967 942 954 931 892 960 897 901 884 858 798 672 695 608 607 560 585 555 568 372 585 479 299 397 273 221 155 174 67 167 155 95 93 85 32 70 107 68 67 50 30
360 374 406 366 477 482 436 553 521 462 508 571 535 625 607 657 662 605 641 737 734 712 830 822 827 780 756 796 807 835 929 927 921 951 950 910 939 974 934 935 924 960 969 967 967 962 977 971 974 967 969 950 970 965 958 975 969 958 974 972 928 968 943 945 879 849 952 912 846 842 806 652 610 561 659 499 460 509 577 371 288 268 288 250 229 220 264 133 84 125 88 75 73 27 41 55 34 48 51 28
304 404 436 429 397 414 475 475 495 536 481 538 605 609 600 666 663 660 656 667 740 773 769 761 771 825 804 875 791 883 902 925 870 934 920 922 925 971 924 971 956 932 958 963 952 949 972 972 959 956 967 964 963 964 974 973 962 943 976 959 928 949 913 908 939 891 808 834 886 778 804 763 648 694 617 517 560 542 408 374 375 335 172 266 253 172 166 169 107 115 107 97 66 56 47 90 31 55 49 31
350 365 385 396 476 439 386 546 529 461 527 579 504 590 650 612 651 705 702 705 765 692 762 786 842 770 802 847 858 868 861 863 888 927 910 949 927 947 923 963 937 932 940 969 958 956 941 970 942 973 963 953 970 969 968 970 971 969 944 965 971 891 913 940 888 920 870 870 882 788 837 739 640 703 625 548 566 645 500 395 429 242 415 310 305 134 236 176 160 139 73 169 114 50 68 77 27 46 47 32
395 359 352 406 394 364 459 420 438 540 468 568 542 616 603 611 636 600 701 832 747 828 785 820 755 788 877 774 890 833 888 851 805 907 926 941 918 957 932 947 930 973 969 958 948 966 964 971 969 972 960 970 967 952 963 972 944 955 971 919 949 959 894 940 935 846 841 861 880 831 706 692 595 658 596 568 609 453 394 449 260 228 268 212 192 295 187 152 167 117 91 85 65 111 71 29 37 53 33 37
350 399 306 352 426 417 456 428 455 401 528 581 545 575 600 601 711 692 576 623 683 748 736 755 833 784 759 867 825 772 868 909 878 888 894 941 944 910 956 941 919 941 949 961 970 956 961 968 952 943 964 957 969 976 966 977 978 979 949 951 910 959 910 891 863 872 883 843 823 848 823 738 737 529 498 529 558 557 392 441 313 330 231 187 152 150 166 166 113 84 69 146 70 35 31 64 34 38 32 29
356 313 384 329 422 403 409 470 445 475 454 517 520 535 624 595 541 677 682 707 699 768 736 727 733 892 819 786 811 827 877 847 845 908 876 887 896 912 947 937 956 950 937 955 965 965 960 925 961 965 961 955 970 966 965 950 958 963 966 936 920 934 911 963 875 856 894 839 909 815 770 703 619 647 663 632 563 512 374 287 229 283 236 256 203 206 103 170 84 75 87 35 58 67 51 42 33 32 32 30
304 412 324 362 403 395 398 395 430 509 560 626 600 596 571 627 578 683 618 645 599 687 785 685 741 793 819 780 801 833 881 883 830 895 869 884 878 916 935 938 921 943 905 965 960 950 946 957 952 961 971 945 957 950 971 967 969 948 947 919 925 928 886 885 882 880 791 840 878 729 670 592 635 587 602 497 528 416 342 505 330 127 264 304 211 173 151 93 96 53 94 75 51 38 69 60 50 27 32 30
305 359 357 366 390 365 377 477 376 465 486 485 454 582 598 533 591 622 695 711 681 729 757 717 742 857 818 830 792 829 840 846 848 869 866 873 905 965 914 911 904 945 957 960 940 944 930 964 944 946 951 956 953 937 955 937 957 951 960 954 945 893 923 894 890 839 807 831 739 701 595 676 731 633 665 502 364 416 353 379 509 242 255 282 204 247 69 68 92 73 74 67 41 90 55 52 50 31 32 28
