275 266 268 260 253 201 248 246 212 210 189 182 173 154 176 159 169 151 152 119 129 122 76 104 72 85 67 74 44 34 56 20 47 28 41 38 28 26 16 15 32 11 12 11 18 11 12 11 17 8 11 10 17 13 12 10 14 13 9 13 18 20 25 21 24 74 71 42 22 35 91 134 113 141 221 175 224 219 262 225 323 298 302 310 327 348 365 357 357 372 416 401 427 414 430 426 422 439 442 441
286 249 274 257 279 270 234 238 234 197 155 192 208 158 145 178 138 126 91 99 77 118 62 81 104 79 52 48 42 68 63 49 24 18 16 18 31 23 23 24 13 19 19 15 12 13 26 15 13 11 13 8 14 17 11 16 15 14 16 19 23 16 39 11 18 39 11 63 51 84 79 182 131 159 150 168 201 171 245 284 264 322 327 301 306 343 371 386 389 387 420 414 412 405 432 410 422 438 439 440
271 249 273 249 229 250 219 236 224 189 201 199 213 169 167 146 122 148 131 106 80 100 90 69 91 57 58 72 41 55 49 25 39 28 37 13 19 17 19 15 18 11 13 14 23 11 11 24 13 17 17 10 16 13 12 14 11 7 21 27 20 12 18 25 33 32 60 60 72 77 89 103 158 177 133 247 150 209 282 247 269 312 319 335 353 365 379 293 387 412 385 430 403 405 427 401 431 432 429 441
248 296 273 267 266 213 232 210 227 179 161 178 175 172 166 102 130 104 114 82 136 68 72 77 74 78 74 64 35 68 32 49 33 26 33 21 20 33 13 26 17 26 12 21 12 14 9 16 12 9 12 11 10 21 10 10 8 18 10 13 19 11 33 26 36 56 38 57 74 69 79 69 77 207 191 166 235 236 305 291 239 282 340 328 303 350 367 378 376 415 395 395 440 439 421 413 423 431 422 440
256 256 275 233 243 250 251 239 190 199 189 215 187 155 151 136 142 152 127 120 147 120 94 75 55 67 55 46 63 59 47 60 18 38 39 35 19 17 18 13 15 16 14 12 13 8 13 12 14 11 12 18 17 13 12 14 14 18 17 21 10 12 16 50 17 49 66 59 90 127 79 74 181 156 155 266 150 189 248 259 265 256 269 287 363 327 367 381 368 396 395 423 432 433 428 439 421 429 433 440
257 287 234 274 230 257 214 211 197 211 226 215 172 195 155 145 135 153 90 105 100 102 98 86 82 58 56 34 41 36 53 51 52 32 35 25 26 30 34 10 17 12 14 13 11 16 28 17 11 17 12 18 15 11 17 19 12 12 20 26 18 28 22 22 20 45 56 56 90 109 116 79 194 133 159 189 237 217 256 311 276 311 323 357 345 323 362 380 398 362 409 415 396 413 421 419 440 441 440 439
292 256 291 279 257 256 236 210 260 210 210 187 125 156 144 146 105 117 117 121 101 79 90 65 78 83 61 59 47 56 45 40 27 28 30 18 34 19 26 12 13 12 19 13 14 11 19 13 16 13 10 14 14 11 10 13 18 13 9 10 18 35 14 43 44 36 55 53 74 66 38 147 150 212 218 209 175 215 233 251 257 269 345 319 336 346 361 370 404 400 410 406 435 398 423 440 441 433 436 438
306 289 293 262 250 266 238 206 200 134 167 182 126 173 119 140 127 121 98 174 137 105 117 70 100 64 86 85 73 58 52 48 31 41 22 31 23 41 23 12 17 12 14 15 12 9 11 9 11 10 15 11 14 16 9 11 19 12 17 15 17 13 35 18 27 71 40 42 72 51 109 122 163 150 161 219 209 216 220 249 285 311 290 369 333 327 357 365 370 385 424 414 429 425 443 425 429 432 442 430
274 304 258 258 276 249 256 259 241 187 181 185 168 187 141 154 157 118 120 105 105 118 97 99 100 93 73 92 56 66 63 44 22 31 22 15 25 30 21 26 20 15 12 19 22 25 12 15 11 16 9 12 14 13 14 14 11 11 16 16 14 12 13 24 23 23 41 55 62 70 56 113 168 199 188 205 225 280 229 219 274 334 256 371 318 355 368 355 385 399 413 416 401 388 431 411 424 443 436 437
290 274 255 274 274 254 249 262 205 219 196 169 213 217 127 112 171 128 140 132 135 122 65 97 74 73 69 72 44 35 28 58 22 54 22 25 18 20 21 22 24 13 17 16 7 15 16 9 10 14 13 14 13 7 11 19 12 13 10 9 17 11 13 19 30 38 35 72 80 79 80 125 176 124 173 203 177 244 235 272 331 275 261 332 343 299 376 404 402 412 372 388 423 425 429 434 435 444 439 441
298 268 274 256 232 254 218 212 236 180 190 193 187 153 104 123 153 146 122 134 124 114 54 83 48 93 65 63 47 60 74 35 53 31 19 27 22 28 22 24 12 13 13 20 20 15 12 13 12 16 18 13 15 11 11 16 10 14 13 13 19 24 20 31 43 60 55 39 32 98 131 128 118 150 166 162 204 197 217 278 245 289 320 320 355 382 377 385 395 405 396 378 432 431 413 428 422 431 443 430
279 279 262 223 246 246 269 232 222 191 188 146 156 221 143 142 130 146 121 112 108 100 88 84 63 57 90 79 53 39 48 62 35 60 30 35 18 25 24 12 18 16 25 18 18 11 18 13 12 12 13 9 12 23 12 17 11 10 14 25 19 11 42 52 23 46 52 48 56 69 125 117 155 159 159 195 225 287 261 231 260 287 294 321 284 334 334 396 362 379 417 392 433 414 433 422 437 429 440 431
278 273 244 254 237 274 244 236 179 205 231 185 179 175 167 160 179 147 121 134 107 83 93 95 97 89 80 58 42 51 46 42 32 26 48 18 36 42 20 12 14 12 17 18 11 13 14 14 13 16 10 15 13 13 8 14 15 36 14 16 39 33 27 36 50 51 51 70 34 106 125 135 131 153 167 200 204 218 197 258 285 330 318 330 377 353 378 386 395 388 425 429 419 407 422 429 430 438 431 440
257 260 253 256 257 271 251 200 231 201 204 149 162 184 171 199 127 139 129 131 97 95 97 92 85 67 56 48 81 34 39 51 38 31 47 20 22 38 18 19 28 20 15 17 23 10 15 10 15 15 18 11 17 14 13 17 12 20 14 15 33 21 36 31 40 46 38 55 51 81 125 137 174 161 198 212 237 224 277 252 258 345 296 291 330 333 355 378 377 393 395 429 431 419 423 424 437 422 429 441
309 290 274 260 202 254 239 233 196 177 204 185 205 152 138 149 153 97 124 100 115 93 97 103 67 77 56 44 64 33 75 44 44 30 37 30 44 33 22 30 13 18 22 19 10 12 23 16 9 19 21 14 13 14 11 13 16 19 24 17 20 26 59 16 44 67 39 45 17 90 90 86 174 98 233 188 174 240 201 311 314 289 293 331 326 379 377 384 396 409 397 422 395 423 426 424 440 440 436 443
280 282 262 257 259 258 257 245 202 188 229 184 214 181 191 174 165 106 127 126 149 90 125 88 33 88 69 68 34 43 50 34 33 41 22 14 18 32 19 14 12 31 22 12 14 13 10 11 17 13 11 16 12 16 14 9 14 11 19 20 10 30 27 18 36 49 38 41 61 98 89 77 131 157 151 212 236 204 225 238 226 305 337 318 370 347 336 377 346 385 415 396 429 428 440 422 440 440 430 430
297 278 249 297 261 220 247 206 203 213 200 168 218 159 168 153 123 138 142 137 98 113 78 75 72 71 88 68 72 61 68 55 64 36 28 22 32 37 17 14 17 19 28 29 17 13 12 15 12 10 16 12 11 14 15 11 12 13 13 14 22 23 17 44 30 36 70 44 73 84 106 97 146 172 190 193 267 274 236 263 227 257 293 361 362 363 354 389 380 409 398 425 405 398 421 438 440 442 433 439
294 270 244 274 249 227 212 222 180 190 175 183 146 149 146 166 123 137 108 136 134 72 109 95 96 104 59 73 67 63 39 59 44 31 32 29 30 16 11 11 22 13 21 16 12 13 15 15 12 22 15 13 10 12 21 10 19 17 16 19 23 13 32 29 56 39 38 43 48 115 122 140 121 142 169 199 196 260 244 250 304 345 330 386 289 403 378 336 356 413 436 423 409 423 437 431 443 440 431 440
280 258 265 250 249 217 266 202 215 240 158 176 153 153 167 156 120 125 145 146 138 111 142 56 82 66 80 62 77 62 49 66 31 40 30 42 20 23 25 22 41 19 19 19 13 16 18 15 14 14 17 15 14 17 9 12 12 8 25 12 17 17 37 49 30 43 10 81 48 68 112 82 194 182 159 180 221 250 225 214 316 279 297 295 385 386 378 368 380 428 406 420 422 423 419 441 435 428 439 442
288 272 248 237 250 227 248 225 188 226 223 172 189 177 173 144 121 103 115 102 107 112 69 75 30 83 84 48 44 38 35 37 55 27 33 33 27 41 14 23 14 14 13 21 15 15 12 15 11 10 11 15 13 16 13 13 13 17 14 10 31 21 20 40 10 43 40 57 37 51 109 86 132 204 180 156 198 237 254 266 290 320 321 341 310 375 354 395 386 389 411 399 423 416 441 431 433 423 439 441
264 285 266 263 239 259 247 248 211 206 176 186 195 154 154 165 132 133 109 127 126 75 79 86 53 71 58 72 71 69 43 50 33 24 37 25 34 30 28 10 22 11 11 29 9 13 11 20 15 18 14 11 15 19 12 15 13 18 17 11 12 22 40 28 52 35 42 45 56 69 129 131 123 223 199 200 197 229 255 283 327 332 323 363 356 381 385 352 386 404 415 395 422 432 439 413 429 431 438 431
310 270 252 277 264 272 249 231 241 210 213 222 211 166 135 154 158 134 156 137 148 94 64 49 95 79 73 51 46 57 52 60 55 49 30 42 19 23 23 29 15 29 21 13 18 12 17 18 18 13 13 17 13 18 15 11 12 17 18 15 33 24 20 44 31 75 64 38 100 110 83 93 130 161 215 154 232 273 232 269 252 318 325 318 326 322 351 368 416 397 419 400 422 432 420 431 429 432 436 439
275 300 263 249 269 247 232 247 228 201 186 177 166 136 126 178 142 114 135 104 99 100 95 91 62 78 68 43 69 40 49 48 50 35 20 20 34 31 25 23 16 20 13 29 10 15 14 15 17 16 11 25 8 13 15 12 23 27 11 23 13 15 18 25 62 29 61 70 96 102 78 78 136 141 198 208 239 210 249 314 227 275 296 337 323 361 378 378 408 421 350 417 405 422 410 435 430 415 440 438
296 286 267 264 258 233 251 242 204 204 167 213 204 170 187 170 156 108 139 137 121 147 61 75 84 106 75 83 45 66 43 30 44 45 42 33 21 42 29 11 17 26 14 14 23 14 19 14 17 10 7 13 15 10 19 13 9 9 22 16 14 12 30 33 41 49 60 101 81 76 98 126 148 156 152 209 278 267 271 233 282 305 292 338 319 366 370 411 380 404 393 415 414 434 432 414 440 432 440 439
296 285 295 283 243 216 231 215 247 226 218 196 166 171 162 152 158 88 165 137 153 123 129 104 78 91 84 69 64 48 68 43 30 25 17 28 35 22 13 13 27 17 17 24 16 16 12 12 20 25 12 14 16 13 10 13 16 11 11 22 15 21 33 40 40 22 54 53 31 76 97 103 123 137 167 206 196 289 245 200 314 330 267 306 367 350 334 399 370 414 388 391 423 441 433 433 439 440 439 439
268 285 243 224 263 259 215 225 208 224 218 183 177 162 189 133 122 138 129 147 104 95 108 129 109 84 81 67 51 46 54 61 34 42 48 39 32 44 21 12 22 21 13 18 14 21 18 10 11 10 20 19 10 6 13 13 11 12 14 25 20 34 19 46 40 44 28 59 50 85 119 77 121 146 181 141 231 250 239 285 285 302 308 318 283 337 386 396 390 415 405 407 424 426 397 421 434 428 438 438
293 252 290 272 250 236 233 240 195 227 201 205 146 189 159 187 153 119 144 154 103 81 119 98 72 111 54 78 58 38 54 37 43 15 47 14 32 25 31 14 18 13 33 19 15 13 15 13 11 13 11 10 11 8 15 10 14 15 11 12 14 15 23 24 15 31 38 56 55 110 84 113 133 163 146 222 207 218 234 250 303 263 281 357 381 379 336 404 388 370 400 422 426 428 424 438 441 439 441 440
306 281 266 271 252 283 237 212 219 228 208 157 200 157 217 138 145 136 121 105 102 103 106 83 77 66 56 69 71 71 67 38 36 41 39 38 27 34 24 14 20 21 14 12 14 18 13 14 11 15 13 19 20 14 14 21 13 23 9 14 22 20 35 39 32 34 32 39 97 85 58 101 122 179 207 197 156 281 227 280 250 311 249 326 320 373 373 371 373 394 414 402 406 431 413 431 431 439 440 440
287 282 260 271 289 237 254 247 255 205 190 166 191 175 166 169 134 125 180 125 85 93 112 97 74 73 56 54 54 52 60 26 42 35 50 18 23 27 13 20 24 18 22 18 20 15 9 11 17 11 9 10 8 13 29 15 20 19 8 28 23 28 21 30 29 30 60 91 58 62 170 96 109 129 156 217 183 246 260 266 286 242 358 354 361 359 355 372 384 345 388 422 419 422 436 421 419 441 441 438
329 272 260 272 249 239 204 228 201 228 205 203 170 152 166 186 150 101 129 121 110 97 89 109 87 63 69 78 45 50 41 45 32 30 50 35 26 26 38 21 15 27 13 20 9 20 14 16 16 16 13 13 13 14 15 16 16 15 12 21 11 24 50 46 35 27 68 42 77 125 101 86 167 180 183 211 261 158 282 264 236 312 329 300 364 414 369 384 388 387 387 414 430 430 441 420 433 439 441 441
277 254 306 262 287 227 197 226 244 231 228 224 201 166 169 133 169 134 116 181 100 117 81 104 53 56 71 50 38 39 47 60 52 45 34 27 22 15 19 21 12 15 15 12 13 10 21 15 15 15 10 12 11 15 12 15 12 20 12 27 22 18 20 42 37 37 30 97 66 81 129 135 149 167 191 193 189 220 224 260 264 262 290 324 338 338 367 402 394 403 418 387 415 393 441 441 424 439 436 440
287 282 265 246 293 263 242 279 196 226 206 206 146 186 164 167 130 159 128 123 127 82 120 69 92 83 67 77 95 44 76 26 23 29 26 24 30 22 29 20 13 12 25 28 12 16 21 20 14 12 11 13 15 16 15 24 24 21 18 17 12 14 19 28 45 29 58 52 79 55 66 146 131 158 203 159 276 250 261 292 318 339 361 337 369 343 337 364 405 427 415 417 411 438 425 434 432 436 440 441
285 279 278 279 262 227 234 232 233 214 208 183 166 176 144 156 148 144 141 107 100 97 132 129 106 77 38 88 75 65 74 90 45 40 47 27 29 26 17 19 32 20 19 21 12 22 13 20 15 17 13 10 15 12 13 8 17 15 13 24 11 23 30 24 27 59 36 46 58 107 63 136 113 140 183 175 198 183 251 303 313 319 325 360 342 371 343 395 406 345 409 395 394 433 431 440 436 440 437 441
292 267 273 252 263 230 224 243 244 194 206 198 184 175 165 178 150 117 173 129 101 81 97 76 80 97 58 63 72 44 67 60 57 41 27 66 18 17 23 18 20 24 21 25 18 14 13 15 20 13 17 14 19 14 17 13 17 9 18 13 31 16 26 31 38 87 59 38 53 109 109 95 129 200 199 213 236 253 227 258 291 308 336 360 340 345 385 378 402 404 409 421 387 419 414 421 441 436 422 440
297 273 270 272 234 227 225 223 228 230 214 171 182 159 129 186 187 125 116 95 145 97 69 85 70 59 103 89 59 70 47 53 51 44 38 21 26 21 20 10 24 11 29 20 16 15 15 11 16 10 11 23 12 15 15 11 17 32 16 25 29 19 34 17 34 33 53 42 42 90 103 115 156 167 223 229 198 253 230 267 290 366 327 346 377 400 344 350 393 415 405 414 412 431 441 424 438 438 440 428
299 278 294 253 256 235 255 216 212 230 202 182 155 199 198 132 132 128 111 170 127 109 117 93 83 51 68 68 43 45 53 65 32 30 24 25 23 29 17 29 25 17 16 26 15 11 10 13 17 16 11 10 10 15 13 13 17 13 11 13 25 13 28 36 31 49 47 82 62 87 108 173 194 185 204 197 182 203 240 290 306 313 325 323 318 353 347 325 370 390 416 399 404 421 423 412 438 432 444 432
297 269 245 249 260 234 220 225 236 192 197 186 182 194 188 137 168 133 120 120 129 63 61 85 81 71 88 93 65 77 44 56 33 37 43 30 22 34 25 33 16 20 16 14 16 13 14 11 10 17 14 17 16 13 14 13 12 19 25 24 40 19 29 16 30 45 75 52 84 111 115 155 154 180 174 209 197 233 244 290 264 319 327 337 360 318 412 413 383 395 403 430 395 430 425 436 439 427 441 437
277 283 284 297 273 258 206 242 247 237 186 193 184 163 129 131 134 124 135 136 156 133 116 80 87 65 94 77 81 43 42 71 54 27 34 28 28 24 32 21 21 14 13 15 14 14 18 16 13 16 9 15 12 18 12 15 14 12 38 26 20 30 35 18 57 63 64 72 49 60 59 93 183 176 179 241 151 235 225 268 228 302 336 312 320 326 362 375 403 405 390 413 412 397 437 424 439 431 441 438
270 296 277 284 275 248 223 226 232 220 219 202 146 187 165 139 148 166 109 135 104 89 106 123 67 119 74 67 68 80 44 55 33 68 26 29 16 20 13 15 21 15 25 14 11 20 9 16 15 17 8 16 10 15 16 14 13 10 10 13 11 44 29 50 43 45 40 71 74 49 99 126 155 185 179 185 168 205 240 262 279 295 332 327 342 379 395 360 393 407 408 403 400 432 424 431 431 440 442 431
298 290 275 280 293 242 254 203 232 226 218 193 235 194 164 211 141 156 151 117 141 137 121 87 83 54 61 37 76 51 60 46 50 47 28 26 34 40 24 14 31 22 11 18 13 13 19 21 17 15 13 20 9 16 14 10 15 16 15 24 20 53 17 39 24 62 53 43 74 122 108 120 124 128 219 250 206 226 193 264 282 295 290 350 338 371 423 408 398 431 400 406 428 423 423 424 429 440 440 438
287 260 301 272 266 261 239 243 203 232 213 208 182 212 183 164 197 140 142 138 145 96 162 76 78 115 59 88 65 73 49 65 34 22 37 24 18 26 16 18 19 16 22 17 14 11 16 9 14 11 9 9 18 18 17 14 15 13 23 11 19 38 34 61 32 76 34 66 75 94 141 90 105 93 215 225 243 205 202 302 191 322 280 387 359 369 351 341 385 413 403 389 422 414 430 434 431 437 433 439
284 287 273 272 242 274 215 234 247 220 214 180 193 170 169 207 145 149 183 148 180 114 96 91 111 96 77 75 40 52 58 49 33 28 41 32 35 16 23 19 17 29 11 27 21 18 15 12 11 12 13 11 14 9 11 14 16 22 12 20 13 22 29 12 31 44 46 77 82 81 105 98 134 131 177 192 213 267 222 262 298 325 283 334 374 370 370 406 397 372 416 355 440 407 440 431 433 441 439 441
292 258 284 238 283 266 283 255 236 217 227 194 195 186 155 173 149 138 119 92 113 97 147 97 77 107 109 43 61 75 47 52 36 38 29 57 29 36 20 27 15 22 18 21 14 16 24 13 16 10 18 12 16 15 15 16 14 14 13 14 19 16 34 28 53 58 26 61 72 81 109 130 125 212 146 157 241 255 228 275 268 302 294 317 305 319 360 380 407 435 398 414 421 418 438 428 437 442 431 440
276 277 275 292 254 228 248 226 209 219 182 216 208 187 198 182 137 154 191 113 136 128 109 75 101 80 80 81 44 58 71 46 42 45 36 20 23 34 28 25 15 18 20 14 32 14 9 17 15 15 10 12 13 10 12 17 21 26 12 27 19 35 33 15 20 32 62 63 64 93 129 128 213 165 169 191 226 243 195 237 255 292 281 335 369 401 403 379 403 376 400 437 407 431 413 443 410 442 440 441
305 273 298 288 255 257 252 238 188 181 208 189 189 161 124 149 144 145 152 126 113 105 82 77 101 64 68 85 95 42 49 43 40 34 23 23 36 33 33 23 30 17 15 20 15 21 17 20 11 13 14 18 11 14 10 14 10 15 20 26 27 42 69 51 40 55 60 46 45 108 90 126 130 132 156 193 174 233 271 250 321 323 370 368 343 332 359 363 402 432 410 410 430 429 423 430 442 439 439 440
291 273 270 256 245 262 202 236 247 190 212 198 174 155 167 165 180 164 110 122 142 107 110 77 87 70 68 45 58 67 61 57 27 41 52 45 23 28 26 28 20 17 18 11 16 13 15 11 14 12 14 16 14 14 14 9 16 19 8 10 16 13 38 19 56 58 38 66 45 103 145 134 137 189 157 219 210 224 176 264 249 315 363 331 382 359 371 394 387 390 431 444 413 413 405 432 438 431 438 430
285 294 252 241 277 256 259 256 243 195 212 218 155 148 146 164 181 132 128 135 123 117 91 107 84 76 59 75 82 70 48 47 39 23 49 39 34 24 38 19 32 15 19 30 16 11 14 11 20 17 12 9 17 16 12 17 19 17 9 18 13 16 46 49 55 63 80 67 77 128 129 117 148 148 218 206 199 225 222 310 251 328 291 344 324 331 387 347 438 370 389 396 416 436 429 427 433 437 443 442
289 279 269 279 270 278 252 227 243 206 178 182 169 181 166 177 169 143 138 130 126 147 109 70 108 87 74 48 66 62 60 56 51 64 34 27 34 50 18 23 17 15 16 12 19 22 15 14 16 9 15 10 18 19 14 13 16 18 17 28 20 45 15 28 33 76 62 30 67 77 82 132 110 176 173 218 198 240 284 242 276 285 310 302 354 384 390 403 427 404 416 413 402 414 415 430 440 438 440 439
286 278 262 256 245 261 263 227 222 208 229 198 192 158 135 159 154 132 155 142 150 78 71 121 90 45 87 64 74 70 75 44 30 35 29 43 27 24 21 17 25 22 12 12 11 13 26 14 16 15 13 11 13 17 13 18 12 13 29 39 12 26 32 37 19 38 73 53 64 59 111 86 158 150 205 204 228 214 237 272 270 321 289 338 292 352 356 368 386 412 423 428 421 430 440 440 441 437 439 443
275 289 280 270 247 241 246 277 249 192 218 228 182 187 206 178 140 139 148 162 148 132 86 97 90 110 82 71 75 69 49 59 51 33 44 28 32 42 32 17 24 23 16 15 17 12 14 15 13 21 9 11 14 13 15 14 10 20 10 11 31 19 13 10 55 46 81 118 70 60 124 145 121 162 198 282 201 216 241 258 262 305 365 267 343 370 374 418 412 404 405 422 415 423 436 439 439 439 438 440
287 271 253 237 267 238 257 244 223 240 200 189 193 193 181 180 158 155 155 135 149 126 91 83 97 81 88 89 75 58 40 52 35 47 25 27 25 31 32 23 18 16 14 15 17 21 10 13 22 12 7 14 19 13 18 14 14 13 10 28 17 35 19 17 37 58 61 53 64 97 68 148 190 193 192 202 257 265 258 293 232 326 319 276 340 381 378 354 400 413 403 389 425 415 429 422 440 442 440 441
298 279 283 268 303 256 283 252 207 203 201 221 202 191 182 157 179 162 146 101 121 95 153 109 75 117 82 61 46 57 82 37 60 64 33 37 25 51 21 22 24 29 41 18 25 24 14 24 12 19 11 12 11 12 11 8 14 13 10 13 16 24 15 33 27 72 49 49 80 39 130 129 130 193 247 202 179 203 239 325 277 343 297 362 345 368 371 379 380 393 431 421 434 434 428 429 432 425 440 441
286 296 289 298 290 262 235 232 208 201 211 197 193 164 197 175 132 142 134 119 100 126 89 121 87 85 90 58 46 40 68 60 55 22 29 27 37 22 30 19 19 19 23 17 16 17 13 17 13 15 19 13 15 13 12 11 10 23 19 16 14 28 12 48 44 58 48 59 85 104 116 136 123 214 242 280 255 230 287 277 252 301 337 345 345 392 379 404 389 407 430 420 431 404 413 433 437 438 444 440
293 294 278 254 263 271 253 248 224 213 209 188 197 154 171 151 115 181 104 150 111 120 97 109 96 64 62 110 81 63 96 34 69 48 41 32 41 26 34 28 19 31 29 24 25 18 27 22 14 21 12 16 6 11 8 15 10 22 11 16 17 20 48 49 23 37 50 46 57 58 121 80 111 144 170 219 222 221 241 255 286 284 335 317 363 369 368 363 410 371 419 396 405 442 411 434 428 432 432 441
292 279 284 284 268 245 281 214 245 230 203 226 225 181 124 193 175 165 142 131 103 104 100 101 126 85 101 101 62 58 61 43 52 34 49 38 37 24 25 17 16 13 14 13 16 19 16 16 13 19 13 17 15 15 14 13 11 14 30 15 23 19 36 34 43 20 50 68 65 117 67 128 157 188 204 208 207 175 235 234 273 335 300 285 379 368 354 352 408 424 412 408 440 422 442 423 435 429 432 441
288 271 285 259 262 271 247 253 208 197 231 255 189 168 180 166 146 156 108 130 81 98 102 90 106 92 84 74 46 66 63 58 42 40 54 36 29 30 29 21 27 27 32 29 15 19 16 10 19 22 17 17 23 18 12 12 10 19 17 12 20 29 38 32 71 19 34 34 63 82 180 152 141 145 168 164 207 249 241 262 263 322 294 362 307 370 371 397 371 440 412 403 413 427 438 430 438 443 429 439
309 303 293 282 287 241 281 217 255 243 206 190 208 185 168 152 139 153 133 117 131 102 129 91 99 110 89 78 57 60 45 31 56 45 33 30 36 30 27 23 23 28 15 21 21 15 14 17 18 12 10 11 14 12 14 13 12 21 15 18 31 17 51 29 59 49 30 74 54 80 80 94 130 178 201 186 208 229 304 281 239 318 327 364 386 371 344 366 386 402 430 421 420 439 430 432 442 440 438 433
285 271 275 267 249 214 268 236 239 235 234 202 177 237 159 184 170 164 129 133 93 124 147 76 97 85 75 78 65 55 93 62 66 41 44 40 52 43 21 20 24 26 14 19 25 23 14 18 11 13 15 17 14 20 17 15 15 13 11 18 14 20 23 33 41 30 49 78 64 73 110 217 203 168 179 195 224 183 292 237 284 263 293 331 320 317 346 360 385 422 429 405 397 442 420 423 439 441 440 438
301 295 287 290 265 255 242 219 247 228 213 217 169 180 158 176 125 139 185 140 111 134 63 100 119 70 49 68 59 61 65 61 40 37 67 31 25 14 30 23 24 25 16 19 18 20 13 12 18 7 17 15 11 21 11 20 11 11 11 39 21 34 12 27 43 60 69 59 71 64 152 93 172 197 167 242 241 196 236 250 294 342 301 343 339 343 352 371 383 406 398 424 407 425 429 430 436 418 432 437
309 269 285 298 264 224 262 232 248 231 230 249 212 196 197 193 138 172 141 159 106 121 76 95 75 129 61 83 59 55 75 45 49 53 64 38 22 42 42 17 15 19 22 19 19 21 14 19 17 16 14 11 15 14 12 11 10 12 21 23 23 16 26 30 47 38 87 113 87 80 177 140 162 167 223 166 201 225 258 267 249 270 396 349 360 380 376 384 376 403 422 437 429 430 415 433 442 432 439 431
311 292 274 256 270 262 274 246 246 251 261 211 250 193 136 140 151 141 129 140 109 131 95 112 92 105 69 67 67 79 64 82 46 41 32 30 23 36 30 28 15 14 32 28 10 16 18 13 22 15 13 12 13 15 15 14 24 16 9 16 35 24 21 34 50 64 71 27 95 112 86 195 164 114 217 226 195 247 300 264 328 286 324 302 373 330 382 395 394 399 416 411 440 424 432 430 437 438 421 439
295 298 261 283 240 245 234 264 217 215 207 209 203 203 196 162 144 181 157 113 91 111 91 69 123 98 101 81 88 82 55 48 50 46 48 30 29 27 18 18 22 25 15 22 23 17 18 11 14 21 21 15 15 11 15 19 12 19 14 14 34 11 54 36 57 57 58 61 53 87 118 124 117 109 213 237 200 264 267 277 299 291 283 335 373 377 408 327 401 413 414 406 414 430 439 419 430 431 441 440
322 280 277 257 291 282 258 264 231 216 212 221 168 187 161 202 182 137 134 142 133 84 137 96 96 93 89 78 64 55 68 40 37 26 28 43 24 41 40 21 21 21 16 27 12 29 16 22 13 15 19 12 11 16 16 18 19 15 20 23 39 42 33 29 50 29 33 48 34 55 85 86 112 203 205 202 216 184 253 299 343 345 351 337 328 338 371 421 392 399 406 423 436 430 424 438 441 424 431 439
303 298 287 289 229 250 266 263 233 234 227 216 173 169 198 178 163 147 145 112 105 138 127 115 100 74 78 80 69 54 60 48 56 59 48 33 37 29 29 22 36 16 16 20 14 19 13 15 12 17 21 10 18 17 19 12 16 8 17 32 16 20 35 23 44 68 57 55 73 79 86 146 176 166 206 233 187 242 248 286 310 304 326 291 327 379 357 397 404 414 407 420 440 423 433 428 434 436 430 440
291 302 297 275 293 273 253 247 263 224 176 228 199 196 164 153 144 139 136 152 123 137 120 87 95 92 87 90 81 73 37 47 49 50 34 21 28 27 34 28 27 28 35 20 25 18 15 22 12 17 16 17 12 15 16 15 15 17 18 16 27 19 21 40 36 29 59 83 102 91 134 186 144 134 150 190 238 228 262 254 306 334 350 306 377 349 352 381 398 429 424 430 413 429 439 440 436 440 440 439
299 303 278 277 270 255 267 234 206 208 233 220 205 186 165 153 183 154 133 97 174 119 110 106 81 90 92 84 78 68 41 71 35 52 44 29 35 27 36 23 19 28 13 13 16 23 23 12 15 21 14 17 10 18 19 15 13 12 13 24 12 21 20 32 34 34 44 87 63 118 123 142 129 154 177 172 264 201 233 279 277 305 356 376 331 374 365 378 404 419 421 427 428 440 434 435 440 433 442 438
265 279 261 279 263 278 249 273 260 237 220 259 210 194 186 165 140 134 138 127 112 174 97 118 101 94 87 72 60 46 81 70 40 64 48 36 33 20 25 27 20 27 20 10 29 12 23 15 13 14 12 14 10 11 11 19 22 14 11 15 20 25 66 40 61 69 48 69 74 92 100 136 174 146 196 197 240 278 250 283 302 345 336 327 383 325 358 380 392 335 408 429 432 437 438 439 435 441 437 441
337 304 297 258 248 251 254 277 209 234 226 184 186 175 195 198 188 172 119 123 157 154 96 97 92 112 78 89 64 66 85 56 68 46 21 37 27 19 23 18 29 27 14 21 14 15 17 13 16 10 21 11 17 10 13 14 15 13 21 15 33 30 17 50 52 76 30 72 55 99 149 145 120 218 205 202 232 286 256 301 316 282 321 317 333 340 370 396 383 376 429 407 409 440 420 440 439 443 440 441
319 283 313 264 267 259 257 280 234 259 244 189 199 194 194 176 165 178 149 170 149 124 120 103 102 68 91 59 78 61 54 43 31 35 50 40 21 14 14 28 17 27 30 27 13 23 20 11 16 15 19 12 15 13 13 13 12 13 14 26 11 42 25 27 39 46 69 52 68 83 111 122 158 202 249 230 201 289 232 298 302 304 337 342 373 374 409 389 424 422 396 400 396 431 414 440 437 441 437 421
313 290 283 294 257 258 248 257 222 243 196 225 230 168 162 147 172 162 171 122 141 140 101 165 97 94 81 78 70 72 54 52 60 60 32 48 29 37 20 39 19 30 21 15 20 13 17 11 22 14 20 13 17 14 12 20 16 10 18 20 16 38 23 40 78 45 27 65 80 98 83 136 98 161 204 246 240 231 249 288 296 321 328 311 298 370 368 365 420 412 404 421 423 409 430 437 433 441 437 437
298 301 289 294 236 250 280 266 251 201 225 194 210 187 177 148 201 153 154 95 175 118 110 99 103 79 84 85 77 50 54 77 51 37 64 53 30 31 26 37 20 26 11 16 20 18 13 14 15 14 12 20 12 27 15 13 13 27 38 20 17 18 22 18 66 59 51 57 73 143 111 172 177 189 170 245 232 262 202 228 313 309 326 369 339 402 378 412 397 413 423 412 439 439 439 429 437 439 442 439
284 322 304 273 258 285 268 234 251 254 190 189 201 176 198 188 184 151 134 131 142 132 110 95 97 81 103 73 97 60 70 37 59 55 31 28 42 21 19 25 30 27 11 19 17 9 14 19 21 12 12 19 22 12 12 14 14 11 20 17 9 26 29 55 45 57 43 66 41 116 141 117 182 219 219 203 205 289 245 307 338 316 342 336 340 334 375 401 385 430 420 415 425 430 424 433 437 439 439 440
307 284 293 251 271 250 269 269 232 258 236 242 216 213 183 144 162 165 140 158 97 133 87 114 126 91 99 63 76 58 68 78 72 51 37 26 26 30 24 21 31 17 12 30 11 22 22 13 26 17 18 12 13 12 10 13 24 18 15 17 21 23 22 32 63 30 73 119 89 45 82 146 167 198 187 183 245 260 251 266 279 376 363 361 359 387 382 394 414 406 430 422 430 437 441 428 426 439 438 437
288 321 278 275 235 275 281 274 185 215 186 231 227 176 216 132 124 176 152 137 113 171 124 82 121 83 62 63 55 58 105 48 40 37 39 43 54 28 16 18 33 33 15 17 21 14 24 11 19 12 21 11 15 13 11 11 12 16 17 23 45 29 25 20 63 42 73 115 60 81 94 178 207 209 199 195 248 248 248 264 272 304 304 342 315 359 402 421 389 413 421 422 428 433 435 428 437 441 439 438
300 279 277 283 273 255 254 262 248 226 237 228 178 218 209 172 172 148 140 119 146 106 121 100 109 92 90 99 55 78 53 68 38 53 35 42 24 46 34 20 21 13 15 24 13 13 12 13 18 18 14 17 16 12 11 10 15 13 30 25 18 19 29 34 21 56 48 59 76 86 143 163 157 150 226 170 201 276 288 258 287 360 296 336 318 377 370 389 392 403 429 419 428 432 438 429 440 428 439 439
285 287 286 270 263 268 239 294 204 235 271 252 233 184 126 167 159 162 159 126 171 118 163 129 111 78 64 84 57 50 55 48 68 44 38 34 47 28 22 27 20 14 20 25 18 20 24 15 12 19 18 18 12 11 12 18 20 10 11 22 27 23 21 46 58 77 86 72 53 153 109 170 149 148 202 210 254 248 276 307 326 336 324 373 381 366 403 395 422 415 415 423 417 422 421 422 439 440 438 441
306 266 281 258 261 269 251 210 265 213 197 230 190 162 185 193 133 127 142 164 133 109 110 154 117 116 89 85 64 82 70 51 53 54 31 32 24 21 34 38 13 20 24 26 13 13 20 16 16 14 16 11 15 18 22 14 24 11 14 17 20 38 26 34 22 42 54 110 60 134 124 145 188 199 155 219 213 204 253 251 327 338 313 370 367 359 380 394 412 393 391 434 406 436 427 422 439 438 439 442
292 298 294 276 261 257 253 268 212 228 246 222 218 203 198 205 164 139 145 128 100 110 126 126 101 64 121 54 90 68 66 48 47 62 44 49 45 34 23 32 30 24 37 26 26 11 23 22 17 16 16 15 9 13 12 13 14 17 13 28 28 33 25 28 53 48 62 79 120 65 97 138 191 150 257 154 219 248 244 275 306 296 332 340 318 387 373 379 386 404 430 406 420 445 439 431 439 415 441 441
310 279 265 276 273 291 243 251 234 247 237 201 228 167 179 153 171 154 145 114 143 152 91 87 90 84 108 84 43 48 73 50 48 31 42 29 30 22 24 34 34 17 36 15 19 18 13 17 16 11 14 19 18 16 15 10 17 21 14 13 37 34 49 44 67 50 70 52 102 90 113 105 153 172 192 176 202 244 255 283 315 292 317 368 353 381 384 397 405 405 412 433 417 431 417 430 432 430 440 438
286 273 307 282 270 266 291 271 258 235 184 202 212 196 200 168 173 165 165 173 114 100 148 132 113 79 92 79 90 56 61 48 40 42 65 30 26 37 25 44 21 20 31 24 17 19 18 14 16 18 12 17 17 15 17 15 12 13 14 15 16 47 14 34 43 83 64 59 47 122 100 139 163 217 196 218 212 244 333 282 310 316 304 353 391 377 372 396 416 392 423 436 415 421 419 430 437 425 443 442
303 285 303 272 259 269 272 242 242 205 228 211 191 169 203 182 157 156 209 118 150 124 113 100 130 83 87 63 66 83 51 74 59 31 40 42 39 25 33 18 52 14 11 9 22 16 19 17 13 16 16 19 15 12 14 24 18 14 21 10 13 10 18 66 34 34 40 68 65 70 137 105 193 192 179 158 209 242 303 294 293 341 304 337 325 360 327 379 418 387 411 433 422 412 440 433 442 441 441 431
303 284 281 288 265 268 224 271 244 218 221 211 206 208 175 173 119 150 168 129 120 126 70 64 80 81 78 69 97 57 58 47 66 38 75 29 69 27 34 33 28 25 14 22 20 18 13 14 24 19 22 15 12 19 17 11 20 19 21 18 20 28 63 62 64 54 63 39 54 127 150 192 177 150 192 236 229 231 249 274 349 319 334 322 314 383 400 390 423 400 426 409 425 441 412 430 431 436 435 438
291 300 287 280 281 293 290 242 242 233 241 225 163 234 145 154 181 145 146 180 141 123 127 90 96 94 108 88 78 94 81 42 84 41 31 40 23 23 34 21 15 24 24 17 15 17 18 13 15 22 8 25 12 11 16 12 12 11 15 24 12 25 36 32 52 54 65 48 76 172 119 106 178 189 221 211 205 207 244 273 348 363 362 354 349 310 411 395 381 424 437 431 417 428 441 424 442 437 438 432
261 285 279 293 250 271 278 228 257 265 229 215 209 164 150 149 156 178 120 144 132 123 122 108 129 93 81 51 79 67 38 64 68 31 54 38 37 21 30 31 15 31 19 27 17 19 30 15 18 21 16 15 12 18 17 14 18 18 18 40 24 30 24 52 26 42 23 95 74 86 139 156 167 208 267 225 220 268 275 323 363 323 314 365 374 358 395 372 404 401 405 422 428 430 432 431 440 429 432 437
291 306 276 296 247 280 255 256 230 222 240 208 209 213 188 164 158 179 165 162 139 78 132 118 112 94 70 76 82 72 44 85 32 60 38 47 43 38 29 40 21 31 25 14 13 16 16 12 11 13 14 19 14 13 16 29 13 14 12 17 23 13 42 57 27 50 24 61 69 90 155 128 166 151 196 164 272 244 247 303 304 331 297 336 361 338 396 386 408 414 422 429 402 422 427 440 426 441 438 439
269 303 294 283 267 274 256 243 259 218 237 229 196 244 171 170 202 147 155 119 157 142 106 132 97 99 87 98 72 62 76 28 57 43 33 41 21 37 25 30 22 35 30 34 17 22 12 17 13 16 12 19 16 17 15 17 15 21 27 22 24 28 26 28 23 82 67 82 85 80 153 78 156 171 192 214 191 237 255 268 335 337 366 382 346 381 396 366 417 397 408 419 423 424 432 440 430 439 440 439
271 296 259 282 287 286 258 268 280 255 221 222 234 224 176 206 196 204 159 155 145 144 112 125 109 78 71 77 72 47 56 69 67 26 50 26 33 32 39 40 23 28 36 20 16 23 18 15 25 11 9 15 10 17 23 18 9 11 19 23 13 15 49 34 20 51 102 49 77 97 106 98 160 181 152 234 196 291 272 298 321 293 283 309 379 396 389 396 386 396 403 435 436 431 442 422 440 435 423 441
304 266 263 276 275 261 257 255 239 187 222 190 223 161 200 199 137 197 129 188 128 123 84 129 117 124 60 60 82 36 60 69 51 50 46 38 53 14 48 28 14 21 17 20 26 17 21 19 23 16 8 18 12 16 13 15 21 22 20 21 13 22 13 60 75 67 50 79 79 137 120 185 113 250 158 213 245 292 275 282 315 339 312 372 369 358 413 413 383 376 430 397 412 430 405 435 440 442 433 440
303 296 301 277 293 254 276 254 251 234 219 218 182 186 207 180 146 171 172 116 136 141 132 114 144 98 111 77 86 68 69 67 48 66 33 29 34 20 38 39 29 20 25 22 18 15 18 17 16 11 14 14 20 15 12 17 9 20 19 30 27 21 22 33 45 59 56 78 105 111 105 155 136 204 218 251 248 291 293 299 301 322 335 351 348 369 362 415 418 410 430 438 421 441 432 441 438 436 441 443
288 303 289 266 274 258 241 227 224 246 199 210 194 177 203 207 147 148 176 139 146 147 108 128 80 95 65 87 62 63 69 43 51 49 46 36 38 25 33 41 31 26 33 28 16 12 15 27 17 21 15 17 10 14 24 13 14 10 23 21 20 20 49 15 38 48 75 88 57 111 117 217 160 190 178 204 224 211 303 331 296 368 351 346 371 387 397 395 360 404 425 421 426 430 434 440 430 435 429 441
295 292 279 289 273 312 250 233 212 236 214 217 208 170 167 147 198 145 145 176 155 122 128 102 138 131 90 99 82 69 75 63 71 45 57 48 34 21 32 27 24 29 27 15 14 13 16 20 10 8 14 12 21 20 13 19 21 22 26 22 22 38 45 32 42 30 40 74 96 120 140 161 163 164 271 217 232 291 248 255 274 309 314 379 353 365 385 404 377 402 403 438 408 411 433 423 440 439 440 440
319 301 269 256 260 304 295 247 236 233 204 241 161 170 192 194 158 127 147 150 138 151 119 97 109 83 113 112 50 69 44 61 39 52 51 39 24 53 34 19 35 21 33 21 18 17 19 12 15 10 14 21 18 14 14 15 15 11 14 13 13 40 40 66 47 71 88 71 76 134 123 83 195 175 195 240 211 224 246 288 332 326 351 363 352 393 379 389 402 420 408 398 431 432 429 441 440 440 440 440
314 284 288 280 289 273 261 223 247 227 221 193 177 199 173 200 190 179 178 154 97 141 134 125 117 99 72 65 83 66 79 65 73 55 53 36 16 34 31 32 39 19 13 16 27 26 23 19 16 10 19 17 18 15 14 17 16 15 11 23 29 50 38 58 46 20 58 46 100 74 198 137 175 165 240 198 280 236 250 313 349 349 382 294 333 337 389 394 420 409 425 414 430 412 431 429 443 430 437 438
320 304 271 286 271 267 282 243 238 260 231 221 220 190 169 143 186 201 125 155 148 92 133 106 88 107 81 74 71 65 53 69 53 32 44 58 41 22 10 30 33 14 24 30 14 18 12 18 27 13 10 17 22 15 11 15 24 9 19 29 33 35 51 71 41 55 103 73 119 102 107 191 111 198 220 199 219 287 278 284 322 337 325 387 322 390 401 316 402 408 408 430 438 412 439 436 440 437 439 436
292 273 294 286 263 265 233 247 244 233 255 217 209 220 203 189 186 128 192 86 130 132 134 123 118 81 119 94 70 50 94 61 48 31 45 30 35 25 34 39 26 18 22 15 32 20 16 18 11 14 18 16 11 17 24 22 19 11 21 16 33 39 17 43 41 72 23 52 86 89 142 162 171 180 201 251 247 247 262 226 293 322 333 354 371 382 411 392 430 393 401 438 407 430 426 438 433 438 437 437
304 268 275 270 289 281 251 220 250 214 236 204 222 189 200 179 161 202 146 153 133 149 110 119 121 61 102 81 57 36 65 48 65 32 54 49 48 45 26 37 19 48 15 23 22 22 21 14 19 15 15 12 12 15 15 11 21 32 16 32 30 31 39 41 25 72 61 87 82 123 178 127 176 199 221 191 193 260 288 285 303 288 352 351 371 367 394 396 408 438 425 414 423 441 440 441 422 439 441 442
304 314 297 304 266 262 287 237 257 244 234 203 195 186 213 187 174 183 152 161 119 127 94 90 97 113 88 105 96 96 54 51 55 38 57 54 34 40 15 26 18 29 17 29 19 19 12 19 18 11 10 13 14 17 10 28 14 11 17 28 25 17 40 69 40 108 64 58 99 113 111 163 165 178 170 171 302 302 257 232 268 344 307 350 376 404 406 406 411 418 427 421 428 427 435 438 441 438 437 431
293 291 293 301 285 287 252 227 240 195 241 246 222 167 173 165 193 208 146 125 146 165 150 69 109 87 91 82 83 76 44 35 48 48 47 22 36 21 27 23 33 28 20 17 22 20 14 12 13 13 23 18 17 26 14 15 17 14 15 24 42 38 25 59 62 68 49 110 55 100 116 110 160 231 204 223 210 238 272 271 294 305 290 349 358 388 409 345 380 438 432 441 427 441 440 436 439 438 438 433
315 267 306 290 269 276 269 275 258 223 196 175 182 181 191 178 192 141 171 158 179 139 96 139 116 93 78 88 90 84 53 49 73 45 55 48 56 35 25 22 35 22 35 13 15 19 21 17 19 14 10 22 17 24 16 8 13 20 20 18 11 20 43 27 58 53 67 71 56 107 117 126 213 210 222 231 208 253 272 296 310 317 343 361 402 334 409 402 409 421 427 422 434 430 422 428 438 433 430 443
312 289 289 286 274 285 280 235 281 240 230 230 246 187 177 208 182 166 134 127 140 117 106 124 112 60 78 72 89 71 69 65 62 54 56 52 37 12 34 34 38 20 15 13 23 20 28 12 20 20 17 16 17 24 16 24 15 17 14 18 22 44 31 45 46 69 84 73 115 133 182 143 119 163 150 225 287 264 293 282 222 344 338 324 361 341 425 422 411 419 421 425 437 413 430 430 433 440 441 442
