391 414 408 424 441 555 450 455 530 531 578 594 612 656 606 644 625 663 660 730 708 728 830 767 837 807 849 833 900 922 873 954 889 935 906 912 935 939 961 964 926 974 972 975 956 973 973 973 960 980 973 976 960 968 971 975 966 969 980 969 957 954 943 952 944 836 843 907 948 920 798 703 748 688 513 616 503 518 424 501 286 340 337 319 281 230 199 213 215 177 87 115 63 85 54 53 67 28 28 28
369 449 392 435 386 403 481 470 480 562 654 573 538 648 680 603 692 719 795 777 828 736 860 817 765 821 883 891 903 844 857 888 943 960 963 957 929 945 945 946 968 958 954 964 970 970 939 964 970 974 969 981 966 959 973 961 965 967 962 957 947 963 911 975 958 912 973 860 886 813 825 595 709 649 669 628 556 622 462 377 418 289 277 337 326 243 185 150 141 144 74 89 90 106 47 101 68 36 32 30
401 449 395 450 491 448 513 474 501 580 553 558 528 622 627 673 727 670 707 761 820 778 797 845 793 870 867 837 905 874 888 943 909 935 916 969 955 960 956 966 958 975 969 967 942 974 973 943 970 959 960 976 962 969 970 966 974 983 952 937 955 972 957 945 926 927 866 867 842 829 802 772 650 609 708 455 669 540 382 455 408 313 296 264 221 199 169 355 148 91 151 52 113 106 61 115 52 49 55 30
451 343 395 410 411 530 488 534 497 604 643 602 609 616 628 771 708 768 743 815 697 846 837 825 832 822 832 854 919 844 926 890 924 940 922 949 954 923 969 940 959 940 972 951 971 968 978 962 971 978 972 972 977 950 977 974 980 959 976 969 954 973 925 941 918 873 914 873 835 846 825 847 828 543 577 633 481 479 328 357 474 376 252 278 328 231 192 170 173 85 127 125 30 32 71 90 68 49 69 33
432 437 388 484 459 446 443 474 577 557 580 520 584 653 666 696 682 663 715 730 672 731 786 831 877 845 875 895 858 867 891 861 957 913 908 917 956 960 958 970 964 961 966 971 969 980 968 971 966 973 970 956 958 970 970 966 966 956 961 951 977 971 961 886 960 887 853 869 801 719 827 837 603 656 656 415 670 581 452 430 415 435 409 368 204 278 191 162 189 127 130 69 48 52 53 35 72 51 44 34
433 364 478 396 492 430 526 533 560 527 497 524 617 568 652 676 700 658 800 765 774 769 777 806 815 868 874 922 905 916 880 883 881 925 919 942 940 931 921 977 960 970 967 969 973 963 935 959 974 961 971 957 963 972 959 957 972 972 955 941 958 937 948 948 953 897 875 875 799 756 742 823 571 706 652 583 477 522 436 314 393 317 288 214 241 292 199 161 122 202 93 85 125 91 70 72 31 29 25 29
353 433 359 384 428 437 477 537 421 532 532 583 719 651 675 674 767 739 737 728 771 823 799 852 824 810 861 864 894 872 896 907 938 934 929 957 923 955 939 972 967 973 956 969 967 973 955 969 959 970 976 967 966 974 977 968 959 968 978 976 958 920 967 903 900 919 878 882 836 852 914 675 666 531 518 542 613 526 487 449 433 408 240 299 262 242 203 189 110 120 96 108 48 126 69 30 27 46 34 32
322 359 348 421 446 408 472 541 556 702 627 594 716 614 733 686 714 729 779 611 693 763 735 841 776 855 806 807 836 870 880 889 928 908 950 929 946 906 946 973 958 973 968 965 971 978 972 979 974 976 964 973 968 962 977 974 956 970 961 964 962 969 920 959 937 841 909 906 839 885 760 728 642 666 645 514 541 524 516 453 371 316 359 187 260 280 212 197 186 150 66 85 56 61 27 69 52 48 28 51
393 328 432 431 390 447 432 422 465 586 596 587 628 579 685 658 648 734 731 765 762 734 780 775 775 788 835 791 872 851 853 901 947 928 949 965 943 930 950 939 952 964 970 955 950 941 970 963 974 961 977 971 966 969 966 965 973 974 963 962 966 972 969 945 947 946 908 876 860 845 874 750 626 561 584 548 504 383 493 518 397 266 433 183 301 219 183 217 151 127 86 87 116 147 53 97 68 26 37 39
360 397 437 390 393 438 445 420 543 513 562 623 526 518 716 750 621 712 689 704 694 727 854 781 833 835 846 836 898 916 935 865 947 878 947 943 958 952 952 948 944 970 957 960 984 965 962 977 976 967 968 965 968 982 974 955 971 967 976 979 960 974 969 956 932 914 919 839 822 824 823 724 610 726 618 552 608 462 482 401 271 394 424 270 243 339 169 112 111 94 182 139 72 65 54 46 44 24 33 27
343 407 392 433 489 437 515 527 479 600 578 570 583 659 768 725 656 672 725 698 722 743 879 814 889 790 853 855 892 866 833 920 881 928 957 938 949 935 947 944 971 969 969 953 952 962 969 970 970 962 958 967 965 973 973 961 974 967 968 968 956 944 954 930 901 867 876 911 928 781 709 716 736 668 632 643 549 564 522 385 458 361 293 295 218 159 171 155 135 111 126 165 49 50 90 56 70 48 28 51
381 381 423 503 455 455 405 484 506 575 581 674 648 505 681 682 707 672 729 747 758 773 803 811 858 871 799 819 878 910 890 858 921 862 931 919 958 941 944 971 958 961 941 958 955 974 957 968 971 970 970 979 972 944 970 959 973 976 967 941 955 973 905 883 947 896 882 893 873 845 726 740 656 650 650 567 501 365 429 490 428 369 348 292 370 264 262 129 203 161 84 138 47 91 46 69 36 52 32 52
388 396 460 439 475 393 455 473 602 545 487 589 600 611 627 644 602 670 730 699 760 814 790 787 783 800 816 867 903 884 893 904 925 939 890 958 917 903 953 973 967 973 959 957 973 968 968 966 969 960 975 963 969 969 980 968 964 920 967 962 912 926 937 917 889 885 883 844 924 762 723 701 708 660 631 562 551 519 568 432 368 271 299 272 170 221 168 145 131 144 67 57 76 105 70 53 51 32 52 31
427 424 442 435 431 404 444 555 484 553 546 668 641 588 617 558 715 687 713 702 781 786 782 794 807 848 871 890 814 924 908 884 911 928 891 952 949 911 958 955 935 953 963 960 946 976 963 977 964 965 957 973 959 965 967 959 970 953 966 964 925 949 918 928 910 893 915 876 886 820 721 701 616 642 562 534 474 505 391 444 432 241 349 357 273 266 221 166 174 130 129 57 50 76 66 66 35 68 54 28
312 358 392 422 553 436 471 483 564 605 545 588 541 660 692 667 655 782 720 774 741 791 782 768 845 826 871 898 854 924 830 899 898 930 914 930 898 921 947 929 969 955 950 955 976 970 945 962 977 955 949 967 970 966 974 970 962 955 942 959 953 938 868 962 900 850 911 900 962 799 799 808 613 784 487 584 615 469 557 318 306 364 356 268 282 161 169 154 131 93 126 74 130 68 61 62 32 31 37 26
379 376 420 432 428 427 432 457 548 582 489 588 520 598 574 611 631 761 715 715 667 795 719 800 923 801 842 846 922 901 889 921 924 908 948 966 957 925 954 966 972 928 949 972 967 968 975 974 957 970 972 962 970 961 966 977 966 972 955 953 976 932 938 958 917 889 912 906 863 783 803 827 708 653 666 532 476 550 506 476 502 329 256 303 184 236 260 169 241 149 88 129 56 54 29 71 29 31 50 51
341 384 448 343 421 515 453 545 549 526 555 627 516 646 625 660 724 690 682 691 777 747 825 829 838 840 798 845 838 861 846 872 853 914 934 949 927 915 959 966 960 954 935 932 959 969 970 965 971 975 961 970 974 966 964 974 971 969 969 966 949 946 961 901 931 917 844 899 837 811 764 784 675 618 582 576 413 393 475 419 502 436 356 204 205 198 224 139 165 103 126 68 109 118 73 34 31 27 49 31
348 405 460 393 447 499 531 509 598 577 611 593 678 666 673 628 725 693 757 695 699 839 754 783 783 765 865 836 850 855 912 867 899 928 924 931 931 961 973 974 948 969 949 962 972 968 963 964 973 948 963 968 975 971 950 977 954 959 961 954 947 967 929 934 873 913 914 903 892 745 730 689 730 687 624 557 566 425 458 447 327 238 268 150 362 113 163 261 212 89 37 71 92 69 37 50 26 29 51 30
381 424 412 445 447 520 410 553 521 468 648 611 657 657 626 651 732 718 674 673 689 751 682 873 815 850 819 858 826 859 888 847 931 907 930 903 952 944 940 949 904 954 953 954 968 961 955 965 966 966 959 964 966 960 976 972 970 981 941 970 961 962 916 888 930 903 975 822 891 849 750 819 570 601 648 604 512 447 502 529 302 389 347 351 149 148 168 191 163 57 101 76 70 70 74 27 40 56 34 31
362 398 453 475 447 495 452 501 580 499 504 618 578 604 614 678 729 770 739 769 759 749 843 831 931 811 810 892 898 912 918 916 875 937 924 925 939 905 967 945 966 966 967 949 964 963 970 965 972 976 972 962 968 962 967 967 969 960 967 975 929 952 954 908 975 903 909 872 916 886 759 808 707 548 606 655 564 480 440 413 364 296 291 247 315 176 222 131 148 144 97 126 71 84 30 50 43 69 32 28
416 370 410 418 469 427 449 449 533 539 607 584 567 656 656 634 706 702 756 713 719 830 822 806 879 837 866 835 836 845 902 885 924 943 915 942 920 929 936 977 947 973 973 932 979 968 972 952 965 957 965 973 964 954 971 964 967 956 958 972 971 950 910 934 882 921 906 896 874 843 716 713 727 509 557 558 567 495 439 378 281 269 292 204 217 165 152 219 144 113 88 129 72 50 32 90 55 51 30 52
313 405 443 388 417 395 448 486 459 532 527 505 530 629 699 655 647 701 649 692 665 788 856 890 788 820 834 882 894 871 881 864 873 888 928 903 955 947 945 931 963 932 949 969 957 972 958 957 957 971 969 959 968 956 965 973 971 960 957 966 922 944 953 899 928 831 856 915 777 755 816 794 711 644 523 659 486 400 490 408 441 299 280 297 282 292 227 188 88 124 78 122 73 50 74 47 50 48 33 33
393 337 417 449 403 450 486 451 492 550 584 606 629 696 721 602 679 741 698 766 773 773 785 793 859 825 845 902 841 908 886 890 883 919 953 953 921 928 942 946 962 952 969 931 977 966 966 964 961 961 972 942 981 969 964 971 946 937 974 946 967 963 958 940 860 934 863 844 786 775 829 826 700 685 560 539 475 539 451 307 500 394 351 258 290 205 174 170 104 75 227 82 106 69 93 36 55 83 27 33
345 367 407 412 427 484 447 461 548 546 629 523 547 619 582 621 651 757 688 694 729 668 862 829 808 758 830 812 897 849 901 930 897 896 903 924 951 900 932 973 961 939 965 965 945 966 955 965 960 976 984 969 963 976 952 967 978 977 947 961 966 971 932 924 907 890 865 774 818 828 782 720 672 656 663 540 386 412 404 489 381 330 354 257 299 194 186 92 164 112 135 87 88 46 45 90 35 50 33 30
348 368 344 372 460 518 484 521 450 495 517 563 628 618 636 658 646 802 631 691 657 721 710 766 822 794 808 842 855 892 846 901 930 942 959 933 918 947 968 969 936 959 960 945 962 962 971 970 951 941 972 964 963 969 975 969 960 974 973 949 963 951 925 909 909 949 879 883 929 831 785 773 728 697 631 544 566 362 456 559 308 272 414 329 190 227 260 125 187 90 144 138 68 30 48 48 29 29 31 34
408 370 464 504 417 424 522 500 538 500 513 590 605 635 577 702 727 692 709 670 766 785 754 711 752 810 816 847 884 892 876 862 920 902 890 910 925 897 950 973 948 951 968 956 967 949 957 974 974 975 952 955 976 986 969 969 972 970 967 944 952 921 957 895 910 902 934 868 886 811 736 831 733 678 601 687 490 448 473 372 372 337 321 300 378 256 152 131 140 88 109 101 65 66 125 70 43 54 33 34
352 442 359 399 443 475 481 468 567 495 552 543 677 579 645 579 656 733 675 653 767 814 734 779 835 752 876 822 868 911 875 915 900 963 891 966 925 939 928 965 956 969 925 955 963 967 962 970 973 969 973 975 974 981 963 976 966 963 972 971 968 963 946 946 963 929 914 876 878 753 815 747 705 636 676 511 543 521 484 446 330 420 378 213 163 170 261 111 144 186 115 74 63 55 61 31 31 36 30 28
327 379 410 401 442 370 472 531 516 490 535 648 556 649 516 691 673 695 729 766 769 767 760 811 826 849 871 844 838 840 847 911 917 906 909 913 936 920 944 966 952 951 967 970 964 958 970 966 972 964 968 953 951 966 965 949 967 946 978 964 949 953 919 911 926 922 926 910 785 810 870 774 729 605 543 565 653 380 501 380 450 314 450 278 293 176 181 184 182 133 87 112 104 55 88 50 52 33 33 30
365 375 426 400 360 477 436 453 432 541 577 629 575 611 629 623 701 719 597 718 805 790 747 778 830 832 871 876 877 881 862 941 903 920 884 958 948 935 969 952 944 957 948 956 954 964 978 974 959 973 978 974 979 970 931 963 951 955 981 934 945 935 951 932 933 931 863 796 871 860 625 785 757 713 658 523 598 459 426 415 372 464 210 222 207 208 216 179 151 238 143 69 75 69 44 72 73 28 28 35
274 395 425 396 448 469 550 494 551 491 544 551 618 658 629 584 662 772 709 728 753 781 800 755 802 858 841 821 897 886 904 895 925 929 885 918 939 937 912 951 963 937 969 950 978 952 966 962 961 962 968 969 968 966 963 961 960 965 971 952 973 944 887 896 920 939 849 903 826 722 775 806 629 602 596 535 427 650 381 417 478 314 276 338 199 89 188 152 146 147 147 83 51 55 31 70 47 33 27 33
386 438 318 421 363 499 561 497 457 480 492 499 552 628 624 702 622 699 741 598 772 737 817 765 879 871 839 884 913 909 891 863 880 897 922 937 948 964 955 950 972 963 964 970 968 976 948 963 963 963 976 970 972 965 971 963 971 951 971 937 948 958 952 904 915 915 931 784 854 821 713 703 671 632 581 572 580 514 506 428 421 419 363 283 253 255 189 116 135 111 79 149 85 134 29 32 67 30 35 32
361 378 412 456 350 417 463 379 564 498 545 543 672 584 633 626 710 643 712 724 714 813 732 845 792 811 847 825 787 899 826 940 946 934 940 943 930 947 934 953 968 972 942 932 970 961 949 950 967 970 974 967 963 962 964 943 944 950 956 961 970 965 958 936 899 934 869 883 824 877 853 676 707 652 550 649 393 450 425 360 297 255 203 254 189 244 256 200 106 63 86 86 93 31 65 43 51 39 32 30
370 383 385 380 417 495 479 483 482 523 536 591 627 610 678 652 668 675 681 757 774 781 701 709 760 824 912 799 828 849 830 797 896 906 892 935 932 940 959 954 924 953 952 951 970 945 967 952 963 958 969 976 964 970 968 980 959 965 968 942 973 946 930 944 938 869 918 897 869 762 859 699 747 691 596 611 566 596 448 336 307 298 284 205 244 185 246 127 105 240 97 133 130 49 55 30 40 33 39 29
353 408 392 444 417 488 502 463 458 566 543 558 588 608 631 600 663 735 611 706 772 816 780 828 819 779 866 856 835 899 845 861 868 905 936 848 956 961 947 956 953 942 948 940 958 967 969 963 954 968 959 966 951 964 958 968 958 978 958 967 928 961 940 928 913 804 869 913 881 756 757 789 714 557 561 529 479 439 499 432 356 322 265 207 250 239 155 162 111 107 98 76 148 78 88 73 26 36 66 31
340 395 400 396 483 496 499 504 493 488 524 617 593 646 708 586 580 720 737 787 676 781 842 808 839 866 766 798 864 838 893 878 882 898 911 951 939 950 951 976 945 974 933 950 961 963 964 972 960 975 972 944 970 962 963 974 959 926 962 941 933 955 922 958 921 926 879 904 905 799 770 746 654 632 505 493 562 444 495 411 360 197 281 240 169 119 244 227 134 83 109 91 92 53 29 66 35 37 31 55
336 384 347 440 433 477 433 520 527 490 552 596 655 556 555 704 704 712 748 616 713 755 736 790 812 883 844 846 901 895 879 852 924 931 944 942 946 930 960 932 941 959 962 938 965 973 977 968 958 961 971 975 975 962 967 968 958 969 973 968 942 969 933 918 928 888 893 816 861 806 758 617 572 591 548 565 599 552 469 361 325 309 289 287 299 224 236 283 188 141 83 125 111 72 68 91 30 47 26 47
345 406 458 447 427 480 512 499 479 573 564 588 592 568 581 693 623 699 729 729 711 856 863 809 814 836 798 788 850 822 896 871 922 915 899 929 946 919 942 921 962 952 959 964 963 968 967 972 976 960 967 959 961 967 966 969 970 955 940 943 908 956 933 961 932 899 830 882 812 751 745 654 657 604 614 539 563 485 462 362 419 297 278 260 210 298 90 94 158 131 108 48 129 52 67 34 33 54 28 34
386 372 373 342 393 432 542 461 449 470 587 571 588 636 710 706 697 720 697 691 650 699 739 817 802 851 786 823 815 899 904 839 875 935 920 932 933 942 924 952 949 967 969 962 965 965 957 961 967 961 978 964 970 955 970 962 964 971 914 939 953 929 920 957 871 855 856 838 889 863 868 793 596 612 604 467 665 480 504 410 497 336 258 314 294 280 204 172 111 107 141 88 91 125 41 67 32 51 32 32
400 341 388 372 391 450 505 497 484 511 511 549 672 582 628 689 666 628 754 697 764 798 761 723 847 732 831 847 843 816 897 873 923 843 940 932 961 955 968 963 950 964 941 966 972 951 977 961 963 958 978 961 974 962 962 964 968 975 975 968 973 899 934 889 901 899 911 840 835 889 780 718 656 590 605 591 631 546 469 424 386 347 274 280 248 163 127 209 133 105 100 113 119 51 66 50 47 30 28 48
342 357 391 378 348 461 437 549 485 496 513 572 475 566 634 530 685 650 657 738 682 691 725 803 810 877 860 914 824 883 863 892 883 889 933 938 920 905 942 966 928 947 972 956 968 969 956 951 959 963 968 951 977 962 965 974 963 960 963 941 952 880 959 909 945 861 881 902 832 728 758 733 723 715 514 448 543 503 575 416 380 348 360 227 255 186 67 101 126 51 119 106 58 69 68 70 50 29 31 33
361 425 333 397 410 423 469 464 549 482 525 535 592 526 592 634 559 684 681 689 672 780 633 826 822 738 862 801 850 834 887 852 921 946 914 943 955 939 963 956 953 962 947 959 966 972 962 976 965 973 979 977 955 955 958 966 964 969 944 972 955 911 923 863 924 826 921 854 829 791 688 797 766 794 525 503 466 545 554 331 579 292 382 147 209 186 228 251 152 91 115 142 72 87 54 46 50 34 45 32
370 360 397 392 461 391 525 483 450 509 526 601 569 621 619 538 675 664 591 666 597 740 780 791 748 783 827 831 909 880 869 887 920 935 906 925 919 960 944 953 958 932 974 937 950 956 963 971 972 971 967 973 964 978 972 966 961 948 971 952 969 948 931 970 929 899 897 826 818 820 764 782 699 710 606 574 529 413 508 421 344 282 377 264 177 185 181 105 122 176 87 219 29 106 32 52 47 29 35 30
355 427 372 474 377 408 371 437 475 517 493 567 561 582 651 614 665 687 732 791 744 783 669 781 826 756 751 900 858 829 893 877 914 912 932 868 931 915 953 936 963 946 957 950 966 962 943 969 959 977 956 969 959 962 965 962 965 965 969 966 957 962 921 935 879 869 940 863 840 819 753 715 721 526 678 651 468 439 495 393 409 334 355 301 326 298 211 163 104 42 125 86 73 78 38 57 38 29 47 35
392 386 389 351 438 494 447 497 535 513 594 519 536 583 557 591 691 653 572 745 693 714 751 830 771 818 818 814 898 866 838 895 903 897 915 953 946 920 935 939 965 959 952 966 925 967 977 959 962 964 976 970 968 976 970 960 949 939 971 936 953 919 923 963 952 928 860 858 857 793 714 715 530 632 625 580 503 465 570 477 435 355 380 263 188 117 111 169 113 171 121 36 103 49 92 26 98 28 34 29
324 395 340 361 435 428 442 471 581 597 537 577 577 640 720 668 674 675 661 719 746 761 814 825 769 853 845 809 783 901 885 900 906 922 944 944 914 923 923 944 928 959 962 952 964 951 957 952 973 967 966 956 971 966 974 965 974 962 951 938 937 905 844 884 911 877 864 893 899 760 797 721 710 708 650 576 614 485 400 445 291 283 186 186 239 265 210 199 115 50 97 98 55 55 65 54 24 30 35 28
356 393 402 435 456 419 552 473 453 577 527 558 611 652 629 630 597 631 753 726 681 759 753 826 802 841 843 894 867 847 858 868 935 906 881 895 946 934 937 933 952 958 956 971 959 967 962 972 967 971 965 961 964 965 966 976 960 956 979 976 961 968 911 956 875 868 913 853 896 771 678 700 697 583 652 514 535 504 608 416 451 303 204 267 155 207 184 131 152 143 52 23 90 88 108 48 35 52 30 53
369 351 439 464 386 431 423 429 456 564 528 514 654 670 670 632 593 702 712 697 722 736 792 758 809 827 864 829 815 842 890 891 909 944 886 909 920 942 912 954 926 963 952 928 961 972 965 972 949 957 970 977 958 959 970 957 955 958 978 955 969 962 896 887 874 858 818 848 827 714 714 742 671 670 520 547 563 504 510 316 444 277 360 239 284 273 145 238 33 185 142 124 84 39 53 58 48 35 26 29
357 380 405 383 400 385 441 494 461 541 603 593 622 596 629 604 620 678 688 706 713 669 752 838 756 803 829 889 848 856 862 869 881 853 918 936 921 884 956 945 958 963 961 969 951 947 963 964 959 977 962 975 954 954 965 968 960 957 958 935 951 897 964 934 924 830 861 930 851 827 816 706 754 611 616 518 563 473 373 466 389 372 314 337 219 155 141 113 65 109 88 85 113 90 83 51 32 36 31 29
368 385 421 433 458 420 413 494 504 539 487 554 572 646 699 642 655 703 652 679 660 822 840 727 791 894 803 853 831 840 826 895 928 914 933 900 936 942 949 960 939 947 969 969 973 966 938 965 959 963 968 973 967 958 967 955 971 970 931 910 970 940 927 915 954 911 837 880 855 867 752 809 651 670 546 548 496 525 477 402 404 294 362 254 356 227 215 187 153 92 65 55 73 53 31 29 26 29 31 26
394 359 377 401 453 463 453 382 445 572 513 495 594 583 540 602 686 687 669 636 666 701 803 778 795 749 812 837 827 844 885 864 882 920 896 933 925 901 922 959 943 945 960 964 959 970 965 962 968 950 977 971 965 967 961 964 975 952 976 973 927 953 968 976 876 893 819 738 843 864 724 679 731 642 559 379 554 520 470 431 420 324 196 410 245 180 179 81 95 110 108 70 88 68 40 32 29 34 31 33
367 396 437 473 408 474 430 460 502 467 551 576 569 565 593 598 646 651 651 697 663 714 794 807 780 814 801 797 831 866 905 877 918 890 942 936 940 925 924 944 956 961 967 963 958 949 975 966 948 968 983 966 951 967 955 966 965 968 973 934 959 917 956 959 915 869 861 881 853 786 847 672 582 572 576 552 433 414 431 354 490 283 294 395 251 164 168 221 118 90 111 139 68 85 58 69 34 29 27 29
341 384 367 408 332 433 369 439 539 543 552 507 548 572 589 649 601 633 668 770 726 784 652 753 829 734 813 861 892 869 811 911 862 852 921 914 941 879 950 948 945 931 904 956 939 942 966 943 971 953 974 970 973 971 973 980 964 968 974 968 960 944 964 924 937 836 888 888 821 911 713 713 710 572 455 554 604 552 473 282 388 248 347 203 240 191 183 166 167 137 52 70 47 43 56 58 46 64 33 30
365 344 360 343 354 418 477 483 534 549 530 559 569 633 561 607 699 680 699 732 773 715 798 731 801 806 795 865 893 905 846 862 873 948 928 935 912 946 928 954 956 952 945 958 962 957 967 959 968 961 953 968 964 966 969 972 975 945 954 962 966 935 971 888 900 866 890 866 811 768 740 701 724 530 464 380 439 491 369 391 444 337 258 244 239 136 167 113 141 105 49 72 53 106 88 50 33 34 25 30
351 347 383 438 419 402 437 450 500 527 533 581 557 655 619 660 741 591 764 662 750 728 782 754 783 852 856 751 815 855 780 919 840 889 905 927 904 935 920 934 955 927 930 942 941 957 938 947 964 950 971 959 985 972 979 963 974 947 972 960 960 953 888 887 946 915 889 897 869 869 729 818 752 681 624 516 511 513 468 439 367 376 263 301 200 186 196 198 96 183 70 126 104 29 90 45 64 48 46 29
352 377 369 370 406 457 380 523 453 486 545 495 495 595 720 566 607 629 680 703 770 763 772 770 714 807 768 771 857 866 857 901 881 921 885 908 913 942 941 959 961 968 965 968 960 954 960 959 967 953 967 958 961 963 963 967 971 964 930 964 945 953 915 923 899 953 887 847 854 739 847 718 651 586 549 537 542 611 481 483 397 261 341 374 165 190 217 225 100 66 94 99 34 70 31 68 46 55 49 28
358 401 370 426 420 397 453 437 537 560 485 431 578 624 597 625 673 649 758 705 817 778 765 794 759 788 806 829 895 845 851 866 900 905 876 917 931 931 930 952 937 937 921 929 961 954 961 976 953 947 957 957 945 958 970 968 974 953 958 970 953 934 911 926 837 954 920 922 859 816 599 662 687 680 627 638 542 451 468 424 417 294 355 199 322 191 183 128 180 31 94 112 89 63 35 52 31 27 53 35
312 325 350 375 361 462 376 517 433 457 539 576 538 586 624 661 686 654 702 735 705 769 706 793 776 748 797 822 867 863 896 927 868 895 922 929 913 930 936 944 944 933 961 948 950 962 966 959 954 970 975 972 965 971 965 968 970 950 961 958 927 961 882 933 865 888 931 832 877 822 818 791 712 605 554 588 540 493 330 382 473 302 275 194 149 182 242 193 146 111 55 72 73 32 52 47 30 32 34 49
368 400 391 405 446 525 407 474 467 475 478 549 604 470 645 589 615 632 709 699 788 717 671 826 780 805 828 823 851 873 789 856 845 905 895 905 880 900 951 950 943 938 965 955 940 944 966 955 971 967 961 957 965 951 958 963 963 968 970 956 966 953 945 923 905 932 890 828 857 835 755 520 551 628 604 571 505 594 356 474 376 418 354 271 296 298 238 206 147 72 61 109 124 25 77 68 31 33 30 33
335 352 368 359 413 434 461 511 447 491 525 515 620 597 646 606 715 690 584 683 749 700 855 772 728 841 885 842 864 862 851 858 908 914 845 926 937 964 928 943 943 940 961 952 957 952 966 970 955 983 958 963 973 949 973 950 971 973 971 908 950 922 969 935 900 864 844 865 842 853 659 794 620 564 626 466 468 564 481 449 354 241 336 245 252 248 225 184 154 110 125 64 103 61 49 53 40 73 49 34
316 405 369 339 413 499 420 485 447 485 486 445 527 561 559 566 692 614 681 643 758 727 827 782 826 708 862 810 864 876 831 894 882 875 851 912 946 904 898 958 963 952 945 953 953 948 964 954 959 959 965 971 963 964 969 972 975 968 949 944 945 961 939 931 892 914 805 747 805 817 608 687 643 631 504 629 553 502 431 411 450 404 128 233 208 165 168 155 173 109 73 33 51 51 87 49 27 50 33 53
311 353 392 433 401 417 388 451 450 442 418 531 446 567 695 687 662 684 707 680 752 700 784 747 787 761 841 845 843 819 852 812 892 904 925 930 942 913 927 931 962 966 923 932 974 962 954 967 947 963 969 970 967 961 962 965 943 961 977 960 920 944 952 921 887 854 840 936 786 750 808 570 638 748 521 503 568 452 338 420 283 368 286 334 178 272 160 133 131 122 84 95 29 68 48 53 39 36 70 29
347 335 421 373 464 455 483 413 516 522 540 531 546 546 561 637 676 593 644 744 792 750 793 842 721 778 769 811 799 813 872 888 882 890 889 926 932 936 955 955 948 940 961 948 945 959 955 970 965 948 947 962 961 970 962 952 971 954 965 965 921 972 874 913 871 872 867 859 879 804 737 723 740 758 527 475 557 418 412 390 340 355 376 262 180 170 103 279 115 93 90 106 86 53 31 74 54 51 31 30
287 381 386 428 351 374 424 410 484 518 527 506 622 581 638 546 588 691 697 678 700 806 692 783 782 788 795 819 851 873 844 906 911 940 932 897 943 903 907 949 949 947 960 934 970 930 962 946 967 964 952 970 973 958 960 955 954 964 953 945 908 903 925 935 887 933 925 889 923 876 810 804 751 552 544 555 524 596 443 339 241 242 228 257 278 255 184 73 139 119 109 69 33 54 67 30 28 68 50 30
331 338 361 359 491 445 413 416 481 477 494 519 611 622 558 600 634 668 672 745 763 685 713 738 771 830 819 813 843 875 859 885 871 864 888 923 911 932 931 946 909 960 960 951 965 955 966 962 969 958 947 975 955 958 954 970 961 980 957 923 959 951 918 944 897 847 871 876 837 822 806 676 607 631 542 485 585 465 451 367 318 334 281 358 277 167 208 127 112 91 103 71 31 69 49 55 46 43 52 31
354 329 342 389 348 391 439 452 413 502 606 490 555 559 630 655 675 687 690 659 721 692 728 803 784 789 801 793 813 833 913 889 885 882 920 947 934 935 919 932 933 933 917 950 939 955 961 948 970 956 958 958 968 961 961 964 964 957 955 961 937 952 949 907 916 933 865 812 773 794 700 587 680 702 664 580 477 496 422 442 327 264 231 326 172 230 225 156 123 55 70 49 86 54 34 33 40 33 30 30
336 330 384 382 398 431 408 478 544 538 480 511 540 586 628 659 586 655 702 781 605 729 750 755 815 795 788 808 822 841 901 837 917 879 896 930 918 933 915 942 954 931 966 967 960 942 944 969 961 948 964 957 974 953 950 962 965 969 967 943 969 948 951 924 920 921 898 805 857 736 724 683 713 659 610 619 416 554 484 383 391 330 219 172 272 181 195 166 108 77 74 60 54 34 40 43 29 48 29 29
414 380 423 379 416 382 449 391 421 473 510 420 531 563 582 627 686 698 689 710 747 608 774 733 768 786 802 835 863 889 812 838 903 852 887 916 921 952 940 934 950 934 949 975 931 970 945 963 966 964 968 964 973 972 972 952 946 963 972 962 952 943 847 904 861 844 891 844 833 792 776 698 617 674 565 564 470 384 449 374 336 241 259 281 155 282 211 167 134 264 100 53 48 34 35 37 45 28 34 32
252 330 340 428 448 439 432 386 532 475 497 589 583 608 561 559 577 614 731 721 650 650 783 775 788 745 823 792 851 846 806 866 844 890 950 911 934 953 943 954 930 937 965 948 964 962 957 967 959 974 948 971 956 974 964 965 961 966 948 961 923 928 957 885 881 826 927 837 876 776 669 677 736 515 549 553 487 369 433 333 304 377 293 301 268 249 184 126 156 168 57 104 105 30 74 31 32 25 30 30
292 374 306 415 407 427 428 377 473 424 453 576 557 567 566 604 627 602 664 616 664 716 727 764 767 839 791 863 821 858 877 899 927 915 884 907 950 964 963 933 956 936 927 936 966 945 951 970 958 960 952 969 961 968 966 965 970 969 963 940 973 903 939 936 911 894 842 883 847 816 753 728 651 554 448 492 553 360 487 345 330 327 256 248 179 179 101 142 71 66 134 121 130 55 86 31 39 31 34 71
306 359 373 348 431 426 447 429 508 458 562 501 487 625 635 669 613 633 619 724 682 684 769 626 778 781 815 820 839 835 874 878 859 860 923 888 931 912 949 908 953 927 948 964 949 966 958 972 947 965 953 967 956 965 971 950 959 974 956 952 959 910 943 908 823 895 935 851 820 779 814 699 781 642 553 457 472 490 449 364 346 294 275 312 340 181 191 198 72 91 111 72 72 102 51 39 47 31 35 33
341 330 362 350 478 446 379 404 439 550 497 567 531 579 600 667 550 655 653 781 607 731 752 774 765 817 806 807 820 883 871 824 881 913 849 874 928 926 936 910 950 934 973 960 948 956 966 965 961 965 969 949 967 935 960 965 967 932 908 951 957 955 948 957 851 865 883 869 834 681 753 617 607 579 624 459 487 421 552 496 307 318 283 187 254 114 168 94 125 93 73 95 32 33 33 57 38 30 27 30
373 286 329 394 426 367 404 476 439 433 578 577 553 604 557 579 587 659 699 704 681 700 750 784 780 813 767 830 778 859 837 911 861 874 927 931 900 948 950 937 928 934 972 952 957 978 964 952 947 969 970 953 944 966 968 966 964 970 952 956 975 940 929 875 897 870 902 851 905 740 686 739 596 513 513 552 550 360 459 322 256 303 246 260 250 262 178 115 149 57 76 89 65 54 73 50 38 30 35 33
320 372 347 443 396 445 402 403 480 423 475 458 516 525 592 675 634 628 684 646 778 700 800 740 715 788 774 854 825 864 843 820 833 880 911 937 937 929 942 948 923 957 968 927 972 944 945 966 938 957 953 968 966 967 973 966 943 955 961 960 949 946 946 923 855 928 836 736 801 898 814 677 630 561 586 595 460 428 448 409 384 171 198 204 209 146 158 131 91 106 50 71 55 34 30 56 63 32 40 33
359 288 381 388 478 389 374 387 584 520 587 486 494 605 518 701 720 602 653 691 741 614 719 814 727 809 855 853 872 866 757 885 904 912 908 895 873 932 958 955 921 919 961 956 946 964 940 972 951 969 949 972 962 966 970 971 969 961 958 944 897 932 941 952 857 904 835 744 864 819 790 604 540 538 560 567 453 452 451 418 401 326 330 249 305 209 119 72 140 91 72 64 54 50 39 53 38 29 31 31
335 384 387 372 396 435 434 416 445 494 473 492 599 513 533 611 613 664 684 730 673 758 725 772 752 788 792 775 871 821 876 841 908 875 917 898 942 891 920 951 947 968 962 939 966 966 969 967 956 954 965 957 959 968 970 973 962 965 929 938 956 953 931 922 949 869 890 864 830 806 681 637 646 666 503 623 551 390 364 429 365 208 351 262 296 170 186 144 135 111 53 75 56 47 32 51 33 57 33 34
365 363 365 399 415 404 466 346 544 477 399 438 478 588 716 624 640 635 640 714 611 730 631 708 746 821 852 809 866 882 872 886 842 896 910 917 889 930 944 932 949 965 950 936 955 949 940 962 969 952 957 955 970 972 969 953 949 974 972 948 936 941 950 894 868 824 806 841 879 662 756 623 670 672 553 536 434 452 395 324 280 261 286 176 160 191 109 134 74 83 88 71 80 77 71 74 32 28 32 29
318 407 378 424 420 404 442 532 406 523 558 486 574 637 585 564 698 713 678 628 701 752 748 652 735 736 796 804 850 810 835 880 875 871 925 921 939 949 919 909 967 951 940 936 965 966 950 959 959 964 959 971 962 955 945 964 943 970 964 956 951 912 937 919 947 902 876 752 865 703 723 676 586 561 656 516 528 554 443 447 273 251 310 183 195 208 163 133 93 134 143 45 107 38 60 72 33 34 35 29
354 339 348 386 420 429 437 402 528 491 453 501 511 544 555 540 632 682 670 710 772 750 714 713 771 849 725 870 792 840 845 886 888 855 894 885 895 920 944 923 927 939 911 936 935 972 942 947 953 959 959 962 975 968 969 964 965 956 967 932 933 922 938 932 879 889 859 820 732 853 784 691 575 665 430 658 517 452 462 393 321 347 271 251 301 148 176 168 150 114 51 106 76 26 36 54 34 92 30 26
312 381 412 385 394 353 457 438 476 449 471 549 489 625 597 656 615 651 671 740 676 656 790 800 792 805 756 807 899 887 833 883 886 925 901 929 928 946 940 917 917 958 914 962 951 957 966 957 957 972 963 954 954 958 962 975 958 946 965 965 913 921 884 897 847 884 842 881 771 798 750 762 661 614 574 612 551 462 438 375 305 356 302 191 223 162 155 125 106 107 95 49 85 49 83 54 48 52 31 34
367 394 317 373 399 409 351 397 423 476 586 547 524 561 551 621 610 625 628 612 739 772 662 698 743 818 788 819 796 867 858 889 905 901 849 927 937 911 938 897 949 948 925 939 955 951 954 962 959 954 968 956 956 961 956 963 967 965 964 961 959 890 964 920 902 814 854 867 894 725 775 692 638 517 562 517 531 459 266 375 314 304 333 221 139 172 180 130 84 136 71 40 88 76 72 49 32 66 27 27
327 366 330 394 424 401 396 462 459 543 492 525 570 622 545 589 645 650 532 729 661 718 742 772 706 809 800 853 845 808 879 829 862 925 903 901 906 937 918 953 874 963 971 975 945 960 951 957 965 959 960 950 963 969 962 942 954 961 945 972 966 973 955 847 920 919 907 845 852 841 691 763 574 574 606 651 538 465 332 354 355 249 329 260 283 208 275 166 77 146 91 50 68 93 31 48 26 33 28 50
326 370 375 357 412 402 501 397 455 512 509 528 537 533 606 612 729 661 621 705 726 711 837 850 814 814 821 840 779 862 866 886 848 908 824 930 837 933 919 919 933 937 964 944 948 955 967 963 941 950 943 960 967 950 958 970 948 951 947 953 949 930 856 858 852 874 856 909 879 716 665 572 607 666 576 479 495 491 451 392 227 295 264 289 305 154 119 144 68 114 59 99 68 30 91 48 54 37 45 34
355 338 363 379 376 350 357 459 460 478 463 497 634 477 674 651 593 674 672 594 680 721 708 793 780 786 753 797 819 785 814 900 807 903 923 903 942 941 916 945 961 938 939 956 962 955 955 966 961 946 978 934 969 971 958 968 967 969 962 940 968 938 915 922 879 876 852 888 829 620 734 762 602 587 508 531 543 543 461 397 235 193 205 223 232 319 96 131 160 66 34 50 81 61 30 66 25 37 35 50
422 365 381 349 446 400 382 494 428 410 487 518 529 631 662 663 645 598 725 674 699 721 723 756 704 785 812 880 814 844 908 851 842 922 871 911 910 950 926 922 961 926 953 935 956 950 924 959 953 947 959 959 968 952 954 962 952 953 955 906 942 929 942 879 938 900 947 788 832 806 689 652 630 542 409 500 512 406 390 285 203 290 308 197 176 213 135 178 110 119 111 70 55 54 46 50 27 54 49 34
356 325 386 341 450 376 432 435 489 505 463 532 528 522 579 632 641 592 626 632 684 818 699 730 742 784 837 823 808 832 896 802 920 861 907 886 896 908 930 901 949 923 936 962 966 959 957 969 969 965 961 953 961 963 957 927 963 963 970 955 944 966 902 866 934 883 944 859 841 799 652 712 631 663 563 636 403 462 456 331 334 270 342 259 206 253 128 150 101 90 70 52 118 73 58 29 66 26 34 35
405 328 347 369 407 391 432 460 426 510 470 483 557 453 616 615 547 667 650 730 645 675 760 698 774 774 799 772 831 854 822 928 867 898 920 898 946 909 938 925 945 914 926 917 956 943 967 956 964 957 969 952 958 956 959 956 960 948 936 944 941 931 936 931 944 812 845 817 808 819 661 823 653 623 574 528 579 478 441 408 260 258 193 160 236 159 126 191 80 126 104 77 71 67 49 31 53 28 29 29
400 344 427 372 364 367 426 400 376 432 507 502 476 498 604 539 560 539 642 650 671 672 741 713 748 818 835 821 831 888 869 840 843 936 879 937 919 921 907 903 941 928 910 948 960 942 952 961 935 969 974 961 972 958 941 952 976 973 952 940 967 961 887 920 953 882 767 887 825 782 760 782 643 599 662 481 566 357 400 345 294 355 374 319 164 126 145 130 147 128 112 44 46 53 30 70 31 38 64 31
323 411 416 387 389 422 423 426 463 583 505 573 501 638 553 550 687 560 706 575 708 723 806 706 734 716 861 858 810 913 858 837 877 882 890 907 874 963 884 931 963 943 955 948 934 955 945 952 942 957 976 953 968 955 965 959 946 945 948 945 965 944 966 862 832 848 883 821 822 692 732 588 747 446 647 526 462 352 392 377 307 250 308 180 184 212 90 95 157 167 51 130 93 52 106 41 31 26 46 30
329 345 330 386 346 436 386 431 436 476 509 514 592 580 535 596 668 615 610 733 691 680 698 740 673 774 747 820 799 839 839 842 885 843 919 927 916 950 909 905 928 949 937 945 955 960 955 956 958 972 964 962 947 960 968 955 974 948 951 928 933 947 946 923 895 864 871 823 762 751 764 655 694 548 515 443 450 355 354 338 335 288 261 225 237 190 204 87 78 101 51 35 76 30 50 31 39 38 30 25
363 327 359 408 389 426 462 496 500 452 555 530 562 604 546 535 667 665 605 685 669 667 751 707 813 781 846 800 853 855 838 898 877 882 887 911 905 936 919 898 922 933 920 930 960 966 961 932 957 946 960 955 971 964 941 964 964 973 942 945 947 948 888 961 910 889 830 800 872 752 740 521 643 578 605 549 503 532 332 270 342 185 223 239 180 146 121 130 206 111 63 73 61 55 45 31 51 36 53 28
349 353 380 360 392 305 444 482 526 473 522 514 533 619 624 667 554 669 673 603 647 720 709 764 684 701 792 769 807 839 824 852 835 891 864 884 917 944 919 932 939 927 931 960 962 967 958 948 971 976 960 966 947 947 965 952 948 944 936 944 945 909 895 920 901 928 905 831 782 731 687 641 637 635 399 518 487 360 450 436 391 321 308 167 219 199 152 113 167 115 112 33 103 95 45 65 33 35 31 31
287 329 404 431 424 320 342 446 473 481 545 461 638 620 563 565 643 713 666 660 684 656 728 777 744 809 740 742 882 837 893 855 908 874 878 904 936 876 918 951 915 946 918 945 951 955 951 968 960 970 963 943 952 963 961 957 958 971 961 965 965 903 907 849 886 838 800 838 828 703 724 812 566 613 564 468 533 503 458 365 269 280 225 203 222 132 165 145 112 72 103 126 53 48 51 29 33 33 30 29
302 371 358 379 355 391 420 504 452 492 506 565 603 554 613 550 573 597 594 649 774 678 695 714 730 773 832 847 809 845 817 845 828 868 872 913 959 916 922 923 904 953 965 957 933 934 942 948 956 972 948 955 952 962 961 955 959 962 971 941 930 879 907 866 895 952 861 892 774 833 560 693 610 634 469 561 381 477 448 311 226 232 156 347 263 253 145 137 73 97 63 89 52 89 50 52 28 53 36 33
292 328 399 363 397 405 374 457 469 422 481 505 510 575 617 676 580 550 713 649 668 789 696 757 794 754 810 828 834 847 872 838 872 920 894 863 901 944 971 923 919 960 939 924 962 954 966 953 927 965 970 955 943 961 970 959 939 971 951 929 920 915 882 837 901 871 767 834 734 769 759 577 752 556 511 555 514 363 382 372 290 258 281 151 293 140 115 304 116 99 103 56 31 91 31 37 30 36 36 38
353 397 347 365 419 407 480 448 455 480 430 512 532 503 545 576 579 710 566 802 706 698 697 716 731 812 730 782 836 879 780 852 883 921 893 923 912 935 917 905 934 951 944 959 919 946 957 952 971 960 953 955 969 954 938 942 950 967 944 958 921 903 953 898 903 837 944 878 806 797 682 638 622 599 552 448 452 452 420 500 354 289 265 221 184 162 93 135 50 135 116 36 101 53 59 38 50 32 32 30
328 405 388 400 355 375 442 508 439 522 472 542 505 577 551 595 634 545 665 657 698 665 747 728 722 855 762 811 866 911 846 884 846 921 871 883 884 888 932 908 948 885 958 941 942 942 943 962 948 957 959 964 966 960 959 969 944 920 957 921 924 923 907 903 939 833 858 802 815 724 600 716 607 562 509 573 573 426 363 371 334 362 224 227 183 193 132 131 104 35 65 84 66 30 33 29 72 37 31 30
325 302 339 327 410 415 363 473 427 456 476 545 565 583 520 580 610 587 651 634 728 710 781 791 777 739 796 758 779 777 870 879 868 909 866 872 913 899 959 933 953 925 951 926 948 948 967 949 951 966 969 963 961 956 969 927 961 966 956 928 939 954 904 842 902 755 853 867 776 747 751 635 633 605 621 620 337 328 432 486 410 242 322 230 172 109 109 103 92 72 60 73 56 60 38 35 31 36 32 51
349 353 350 333 365 362 439 493 465 563 461 451 504 625 610 629 565 530 668 715 668 622 657 836 747 797 790 808 807 821 894 913 883 883 886 943 910 946 931 939 915 930 948 955 943 945 962 965 963 962 939 951 954 932 961 958 956 960 959 940 900 907 935 864 858 846 889 750 873 772 739 753 641 485 547 505 532 472 400 399 354 325 357 232 205 147 98 241 159 36 44 33 58 29 31 33 32 32 34 49
303 408 323 355 401 383 398 384 427 505 562 606 592 594 569 599 569 678 612 644 594 681 777 680 734 783 817 793 792 805 872 882 827 889 868 883 865 913 934 944 911 942 912 961 958 948 944 952 951 960 969 943 956 936 956 976 963 947 946 952 968 948 898 934 864 875 843 835 870 757 736 719 529 534 508 488 540 437 398 343 318 305 243 206 118 262 98 112 97 74 59 73 48 53 71 54 33 49 51 31
305 359 357 366 390 365 377 477 376 465 486 485 454 582 598 533 591 622 695 711 681 729 757 717 742 857 818 830 792 829 840 846 848 869 866 873 905 965 914 911 904 945 957 960 940 944 930 964 944 946 951 956 953 937 955 937 957 951 960 954 945 893 923 894 890 839 807 831 739 701 595 676 731 633 665 502 364 416 353 379 509 242 255 282 204 247 69 68 92 73 74 67 41 90 55 52 50 31 32 28
