0.94 0.94 0.96 0.94 0.96 0.96 0.96 0.98 0.97 0.98 0.98 0.98 0.98 0.98 0.98 0.98 0.98 0.96 0.98 0.98 0.98 0.98 0.98 0.98 0.98 0.99 0.99 0.99 0.99 0.98 0.99 0.99 0.98 0.98 0.99 0.99 0.99 0.99 0.99 0.98 0.99 0.99 0.98 0.99 0.99 0.99 0.99 0.99 0.99 0.99 0.99 0.99 0.99 0.99 0.98 0.99 0.99 0.99 0.99 0.99 0.99 0.99 0.99 0.99 0.99 0.99 0.99 0.99 0.99 0.99 0.99 0.99 0.99 0.99 0.99 0.99 0.99 0.99 0.99 0.99 0.99 0.99 0.99 0.99 0.99 0.99 0.99 0.99 0.99 0.99 0.99 0.99 0.99 0.99 0.99 0.99 0.99 0.99 0.99 0.99
0.92 0.91 0.94 0.96 0.96 0.97 0.97 0.97 0.97 0.98 0.97 0.97 0.97 0.98 0.98 0.99 0.96 0.98 0.97 0.98 0.99 0.98 0.98 0.98 0.99 0.99 0.99 0.99 0.99 0.98 0.99 0.98 0.99 0.99 0.99 0.99 0.99 0.99 0.99 0.99 0.99 0.99 0.99 0.99 0.98 0.99 0.99 0.99 0.99 0.99 0.99 0.99 0.99 0.99 0.99 0.99 0.99 0.99 0.99 0.99 0.99 0.99 0.99 0.99 0.99 0.99 0.99 0.99 0.99 0.99 0.99 0.99 0.99 0.99 0.99 0.99 0.99 0.99 0.99 0.99 0.99 0.99 0.99 0.99 0.99 0.99 0.99 0.99 0.99 0.99 0.99 0.99 0.99 0.99 0.99 0.99 0.99 0.99 0.99 0.99
0.95 0.96 0.97 0.93 0.96 0.96 0.95 0.96 0.97 0.97 0.97 0.97 0.98 0.96 0.98 0.98 0.98 0.98 0.98 0.98 0.98 0.98 0.97 0.98 0.98 0.99 0.99 0.98 0.99 0.99 0.99 0.99 0.99 0.99 0.99 0.99 0.99 0.99 0.99 0.99 0.99 0.99 0.99 0.99 0.99 0.99 0.99 0.99 0.99 0.99 0.99 0.99 0.99 0.99 0.99 0.99 0.99 0.99 0.99 0.99 0.99 0.99 0.99 0.99 0.99 0.99 0.99 0.99 0.99 0.99 0.99 0.99 0.99 0.99 0.99 0.99 0.99 0.99 0.99 0.99 0.99 0.99 0.99 0.99 0.99 0.99 0.99 0.99 0.99 0.99 0.99 0.99 0.99 0.99 0.99 0.99 0.99 0.99 0.99 0.99
0.95 0.94 0.96 0.96 0.97 0.95 0.96 0.96 0.98 0.97 0.97 0.98 0.98 0.98 0.98 0.98 0.97 0.98 0.98 0.98 0.98 0.97 0.99 0.99 0.99 0.98 0.98 0.99 0.99 0.98 0.99 0.99 0.99 0.98 0.99 0.99 0.99 0.99 0.99 0.99 0.99 0.99 0.99 0.99 0.99 0.99 0.99 0.99 0.99 0.99 0.99 0.99 0.99 0.99 0.99 0.99 0.99 0.99 0.99 0.99 0.99 0.99 0.99 0.99 0.99 0.99 0.99 0.99 0.99 0.99 0.99 0.99 0.99 0.99 0.99 0.99 0.99 0.99 0.99 0.99 0.99 0.99 0.99 0.99 0.99 0.99 0.99 0.99 0.99 0.99 0.99 0.99 0.99 0.99 0.99 0.99 0.99 0.99 0.99 0.99
0.93 0.93 0.93 0.96 0.98 0.97 0.96 0.95 0.98 0.97 0.98 0.98 0.97 0.97 0.96 0.98 0.98 0.98 0.98 0.98 0.98 0.98 0.99 0.98 0.98 0.98 0.99 0.99 0.99 0.99 0.99 0.99 0.99 0.99 0.99 0.98 0.99 0.99 0.99 0.99 0.99 0.99 0.99 0.99 0.99 0.99 0.99 0.99 0.99 0.99 0.99 0.99 0.99 0.99 0.99 0.99 0.99 0.99 0.99 0.99 0.99 0.99 0.99 0.99 0.99 0.99 0.99 0.99 0.99 0.99 0.99 0.99 0.99 0.99 0.99 0.99 0.99 0.99 0.99 0.99 0.99 0.99 0.99 0.99 0.99 0.99 0.99 0.99 0.99 0.99 0.99 0.99 0.99 0.99 0.99 0.99 0.99 0.99 0.99 0.99
0.95 0.94 0.94 0.95 0.97 0.97 0.96 0.98 0.98 0.97 0.98 0.98 0.98 0.98 0.96 0.99 0.98 0.98 0.99 0.98 0.99 0.98 0.99 0.99 0.97 0.99 0.99 0.99 0.98 0.99 0.99 0.99 0.98 0.99 0.99 0.98 0.99 0.99 0.99 0.99 0.99 0.99 0.99 0.99 0.99 0.99 0.99 0.99 0.99 0.99 0.99 0.99 0.99 0.99 0.99 0.99 0.99 0.99 0.99 0.99 0.99 0.99 0.99 0.99 0.99 0.99 0.99 0.99 0.99 0.99 0.99 0.99 0.99 0.99 0.99 0.99 0.99 0.99 0.99 0.99 0.99 0.99 0.99 0.99 0.99 0.99 0.99 0.99 0.99 0.99 0.99 0.99 0.99 0.99 0.99 0.99 0.99 0.99 0.99 0.99
0.94 0.96 0.96 0.95 0.96 0.97 0.97 0.97 0.98 0.98 0.97 0.99 0.97 0.98 0.97 0.98 0.96 0.98 0.96 0.99 0.98 0.99 0.99 0.99 0.98 0.99 0.99 0.99 0.99 0.99 0.99 0.99 0.99 0.99 0.99 0.99 0.99 0.99 0.99 0.99 0.99 0.99 0.99 0.99 0.99 0.99 0.99 0.99 0.99 0.99 0.99 0.99 0.99 0.99 0.99 0.99 0.99 0.99 0.99 0.99 0.99 0.99 0.99 0.99 0.99 0.99 0.99 0.99 0.99 0.99 0.99 0.99 0.99 0.99 0.99 0.99 0.99 0.99 0.99 0.99 0.99 0.99 0.99 0.99 0.99 0.99 0.99 0.99 0.99 0.99 0.99 0.99 0.99 0.99 0.99 0.99 0.99 0.99 0.99 0.99
0.94 0.96 0.93 0.96 0.96 0.95 0.97 0.95 0.98 0.98 0.97 0.97 0.97 0.98 0.99 0.98 0.99 0.97 0.98 0.98 0.98 0.98 0.98 0.99 0.98 0.98 0.99 0.99 0.99 0.99 0.99 0.97 0.99 0.99 0.99 0.99 0.99 0.99 0.99 0.99 0.99 0.99 0.99 0.99 0.99 0.99 0.99 0.99 0.99 0.99 0.99 0.99 0.99 0.99 0.99 0.99 0.99 0.99 0.99 0.99 0.99 0.99 0.99 0.99 0.99 0.99 0.99 0.99 0.99 0.99 0.99 0.99 0.99 0.99 0.99 0.99 0.99 0.99 0.99 0.99 0.99 0.99 0.99 0.99 0.99 0.99 0.99 0.99 0.99 0.99 0.99 0.99 0.99 0.99 0.99 0.99 0.99 0.99 0.99 0.99
0.93 0.94 0.97 0.97 0.97 0.96 0.98 0.98 0.98 0.98 0.97 0.98 0.98 0.96 0.98 0.98 0.98 0.97 0.99 0.99 0.99 0.99 0.98 0.98 0.99 0.99 0.99 0.98 0.98 0.99 0.99 0.99 0.99 0.99 0.99 0.99 0.99 0.99 0.99 0.99 0.99 0.99 0.99 0.99 0.99 0.99 0.99 0.99 0.99 0.99 0.99 0.99 0.99 0.99 0.99 0.99 0.99 0.99 0.99 0.99 0.99 0.99 0.99 0.99 0.99 0.99 0.99 0.99 0.99 0.99 0.99 0.99 0.99 0.99 0.99 0.99 0.99 0.99 0.99 0.99 0.99 0.99 0.99 0.99 0.99 0.99 0.99 0.99 0.99 0.99 0.99 0.99 0.99 0.99 0.99 0.99 0.99 0.99 0.99 0.99
0.93 0.96 0.97 0.97 0.95 0.97 0.96 0.97 0.97 0.98 0.98 0.96 0.98 0.98 0.98 0.97 0.98 0.98 0.99 0.98 0.99 0.99 0.98 0.99 0.97 0.99 0.99 0.99 0.99 0.99 0.99 0.99 0.99 0.99 0.99 0.99 0.99 0.99 0.99 0.99 0.99 0.99 0.99 0.99 0.99 0.99 0.99 0.99 0.99 0.99 0.99 0.99 0.99 0.99 0.99 0.99 0.99 0.99 0.99 0.99 0.99 0.99 0.99 0.99 0.99 0.99 0.99 0.99 0.99 0.99 0.99 0.99 0.99 0.99 0.99 0.99 0.99 0.99 0.99 0.99 0.99 0.99 0.99 0.99 0.99 0.99 0.99 0.99 0.99 0.99 0.99 0.99 0.99 0.99 0.99 0.99 0.99 0.99 0.99 0.99
0.96 0.95 0.96 0.97 0.96 0.96 0.98 0.98 0.96 0.97 0.99 0.98 0.98 0.98 0.98 0.98 0.98 0.98 0.98 0.98 0.98 0.99 0.98 0.98 0.98 0.99 0.99 0.99 0.99 0.99 0.99 0.99 0.98 0.99 0.99 0.99 0.99 0.99 0.99 0.99 0.99 0.99 0.99 0.99 0.99 0.99 0.99 0.99 0.99 0.99 0.99 0.99 0.99 0.99 0.99 0.99 0.99 0.99 0.99 0.99 0.99 0.99 0.99 0.99 0.99 0.99 0.99 0.99 0.99 0.99 0.99 0.99 0.99 0.99 0.99 0.99 0.99 0.99 0.99 0.99 0.99 0.99 0.99 0.99 0.99 0.99 0.99 0.99 0.99 0.99 0.99 0.99 0.99 0.99 0.99 0.99 0.99 0.99 0.99 0.99
0.94 0.93 0.96 0.96 0.96 0.97 0.98 0.97 0.98 0.97 0.97 0.98 0.98 0.98 0.97 0.97 0.98 0.98 0.99 0.99 0.98 0.98 0.99 0.99 0.99 0.99 0.99 0.98 0.99 0.99 0.99 0.99 0.99 0.99 0.99 0.99 0.99 0.99 0.99 0.99 0.99 0.99 0.99 0.99 0.99 0.99 0.99 0.99 0.99 0.99 0.99 0.99 0.99 0.99 0.99 0.99 0.99 0.99 0.99 0.99 0.99 0.99 0.99 0.99 0.99 0.99 0.99 0.99 0.99 0.99 0.99 0.99 0.99 0.99 0.99 0.99 0.99 0.99 0.99 0.99 0.99 0.99 0.99 0.99 0.99 0.99 0.99 0.99 0.99 0.99 0.99 0.99 0.99 0.99 0.99 0.99 0.99 0.99 0.99 0.99
0.92 0.97 0.96 0.97 0.97 0.97 0.97 0.98 0.98 0.97 0.98 0.98 0.95 0.97 0.98 0.98 0.99 0.98 0.98 0.99 0.98 0.98 0.99 0.99 0.99 0.99 0.99 0.99 0.98 0.99 0.99 0.99 0.97 0.99 0.99 0.99 0.99 0.99 0.99 0.99 0.99 0.99 0.99 0.99 0.99 0.99 0.99 0.99 0.99 0.99 0.99 0.99 0.99 0.99 0.99 0.99 0.99 0.99 0.99 0.99 0.99 0.99 0.99 0.99 0.99 0.99 0.99 0.99 0.99 0.99 0.99 0.99 0.99 0.99 0.99 0.99 0.99 0.99 0.99 0.99 0.99 0.99 0.99 0.99 0.99 0.99 0.99 0.99 0.99 0.99 0.99 0.99 0.99 0.99 0.99 0.99 0.99 0.99 0.99 0.99
0.95 0.94 0.95 0.96 0.96 0.97 0.97 0.96 0.97 0.98 0.99 0.97 0.97 0.97 0.98 0.97 0.97 0.98 0.98 0.98 0.97 0.99 0.98 0.99 0.98 0.99 0.98 0.99 0.99 0.99 0.98 0.99 0.99 0.98 0.99 0.99 0.99 0.99 0.99 0.99 0.99 0.99 0.99 0.99 0.99 0.99 0.99 0.99 0.99 0.99 0.99 0.99 0.99 0.99 0.99 0.99 0.99 0.99 0.99 0.99 0.99 0.99 0.99 0.99 0.99 0.99 0.99 0.99 0.99 0.99 0.99 0.99 0.99 0.99 0.99 0.99 0.99 0.99 0.99 0.99 0.99 0.99 0.99 0.99 0.99 0.99 0.99 0.99 0.99 0.99 0.99 0.99 0.99 0.99 0.99 0.99 0.99 0.99 0.99 0.99
0.96 0.95 0.95 0.96 0.96 0.97 0.97 0.97 0.96 0.98 0.96 0.97 0.98 0.97 0.98 0.98 0.97 0.98 0.98 0.98 0.96 0.99 0.98 0.98 0.99 0.98 0.99 0.99 0.99 0.99 0.99 0.99 0.99 0.99 0.99 0.99 0.99 0.99 0.99 0.99 0.98 0.99 0.99 0.99 0.99 0.99 0.99 0.99 0.99 0.99 0.99 0.99 0.99 0.99 0.99 0.99 0.99 0.99 0.99 0.99 0.99 0.99 0.99 0.99 0.99 0.99 0.99 0.99 0.99 0.99 0.99 0.99 0.99 0.99 0.99 0.99 0.99 0.99 0.99 0.99 0.99 0.99 0.99 0.99 0.99 0.99 0.99 0.99 0.99 0.99 0.99 0.99 0.99 0.99 0.99 0.99 0.99 0.99 0.99 0.99
0.93 0.95 0.97 0.97 0.96 0.97 0.96 0.97 0.93 0.98 0.95 0.98 0.95 0.98 0.97 0.99 0.98 0.98 0.98 0.99 0.98 0.98 0.98 0.99 0.98 0.98 0.99 0.99 0.97 0.97 0.99 0.99 0.99 0.98 0.99 0.99 0.99 0.99 0.99 0.99 0.99 0.99 0.99 0.99 0.99 0.99 0.99 0.99 0.99 0.99 0.99 0.99 0.99 0.99 0.99 0.99 0.99 0.99 0.99 0.99 0.99 0.99 0.99 0.99 0.99 0.99 0.99 0.99 0.99 0.99 0.99 0.99 0.99 0.99 0.99 0.99 0.99 0.99 0.99 0.99 0.99 0.99 0.99 0.99 0.99 0.99 0.99 0.99 0.99 0.99 0.99 0.99 0.99 0.99 0.99 0.99 0.99 0.99 0.99 0.99
0.93 0.95 0.93 0.96 0.94 0.96 0.98 0.98 0.95 0.98 0.98 0.98 0.98 0.97 0.98 0.98 0.99 0.98 0.99 0.99 0.99 0.98 0.98 0.98 0.99 0.99 0.99 0.98 0.99 0.99 0.99 0.99 0.99 0.99 0.99 0.99 0.99 0.99 0.99 0.99 0.99 0.99 0.99 0.99 0.99 0.99 0.99 0.99 0.99 0.99 0.99 0.99 0.99 0.99 0.99 0.99 0.99 0.99 0.99 0.99 0.99 0.99 0.99 0.99 0.99 0.99 0.99 0.99 0.99 0.99 0.99 0.99 0.99 0.99 0.99 0.99 0.99 0.99 0.99 0.99 0.99 0.99 0.99 0.99 0.99 0.99 0.99 0.99 0.99 0.99 0.99 0.99 0.99 0.99 0.99 0.99 0.99 0.99 0.99 0.99
0.94 0.93 0.92 0.95 0.97 0.95 0.95 0.96 0.96 0.95 0.94 0.95 0.96 0.98 0.98 0.96 0.98 0.98 0.99 0.99 0.99 0.99 0.99 0.99 0.98 0.99 0.99 0.99 0.99 0.99 0.98 0.99 0.97 0.99 0.98 0.99 0.98 0.99 0.99 0.99 0.99 0.99 0.99 0.99 0.99 0.99 0.99 0.99 0.99 0.99 0.99 0.99 0.99 0.99 0.99 0.99 0.99 0.99 0.99 0.99 0.99 0.99 0.99 0.99 0.99 0.99 0.99 0.99 0.99 0.99 0.99 0.99 0.99 0.99 0.99 0.99 0.99 0.99 0.99 0.99 0.99 0.99 0.99 0.99 0.99 0.99 0.99 0.99 0.99 0.99 0.99 0.99 0.99 0.99 0.99 0.99 0.99 0.99 0.99 0.99
0.93 0.93 0.93 0.94 0.94 0.95 0.98 0.97 0.95 0.96 0.92 0.97 0.96 0.95 0.97 0.98 0.98 0.98 0.97 0.97 0.98 0.98 0.99 0.97 0.99 0.99 0.99 0.99 0.99 0.99 0.99 0.99 0.99 0.99 0.98 0.99 0.99 0.99 0.99 0.98 0.99 0.99 0.99 0.99 0.99 0.99 0.99 0.99 0.99 0.99 0.99 0.99 0.99 0.99 0.99 0.99 0.99 0.99 0.99 0.99 0.99 0.99 0.99 0.99 0.99 0.99 0.99 0.99 0.99 0.99 0.99 0.99 0.99 0.99 0.99 0.99 0.99 0.99 0.99 0.99 0.99 0.99 0.99 0.99 0.99 0.99 0.99 0.99 0.99 0.99 0.99 0.99 0.99 0.99 0.99 0.99 0.99 0.99 0.99 0.99
0.91 0.92 0.96 0.97 0.95 0.94 0.96 0.98 0.95 0.97 0.98 0.93 0.97 0.98 0.96 0.98 0.97 0.97 0.97 0.98 0.97 0.97 0.99 0.98 0.97 0.98 0.99 0.99 0.99 0.98 0.99 0.99 0.99 0.99 0.99 0.99 0.99 0.99 0.99 0.99 0.99 0.99 0.99 0.99 0.99 0.99 0.99 0.99 0.99 0.99 0.99 0.99 0.99 0.99 0.99 0.99 0.99 0.99 0.99 0.99 0.99 0.99 0.99 0.99 0.99 0.99 0.99 0.99 0.99 0.99 0.99 0.99 0.99 0.99 0.99 0.99 0.99 0.99 0.99 0.99 0.99 0.99 0.99 0.99 0.99 0.99 0.99 0.99 0.99 0.99 0.99 0.99 0.99 0.99 0.99 0.99 0.99 0.99 0.99 0.99
0.91 0.90 0.95 0.95 0.97 0.96 0.91 0.97 0.96 0.97 0.97 0.97 0.98 0.97 0.97 0.98 0.98 0.96 0.97 0.98 0.97 0.99 0.99 0.98 0.98 0.97 0.98 0.97 0.98 0.99 0.98 0.99 0.99 0.99 0.99 0.97 0.99 0.99 0.99 0.99 0.99 0.99 0.99 0.99 0.99 0.99 0.99 0.99 0.99 0.99 0.99 0.98 0.99 0.99 0.99 0.99 0.99 0.99 0.99 0.99 0.99 0.99 0.99 0.99 0.99 0.99 0.99 0.99 0.99 0.99 0.99 0.99 0.99 0.99 0.99 0.99 0.99 0.99 0.99 0.99 0.99 0.99 0.99 0.99 0.99 0.99 0.99 0.99 0.99 0.99 0.99 0.99 0.99 0.99 0.99 0.99 0.99 0.99 0.99 0.99
0.94 0.94 0.93 0.95 0.95 0.98 0.97 0.95 0.95 0.97 0.97 0.97 0.97 0.97 0.95 0.97 0.99 0.98 0.97 0.97 0.98 0.98 0.98 0.99 0.98 0.99 0.98 0.99 0.99 0.99 0.99 0.99 0.99 0.99 0.99 0.99 0.99 0.99 0.99 0.99 0.99 0.99 0.99 0.99 0.99 0.99 0.99 0.99 0.99 0.99 0.99 0.99 0.99 0.99 0.99 0.99 0.99 0.99 0.99 0.99 0.99 0.99 0.99 0.99 0.99 0.99 0.99 0.99 0.99 0.99 0.99 0.99 0.99 0.99 0.99 0.99 0.99 0.99 0.99 0.99 0.99 0.99 0.99 0.99 0.99 0.99 0.99 0.99 0.99 0.99 0.99 0.99 0.99 0.99 0.99 0.99 0.99 0.99 0.99 1.00
0.92 0.92 0.95 0.96 0.93 0.96 0.94 0.96 0.95 0.96 0.98 0.98 0.97 0.98 0.96 0.98 0.98 0.98 0.98 0.93 0.97 0.98 0.98 0.98 0.98 0.99 0.97 0.99 0.99 0.98 0.99 0.99 0.99 0.99 0.99 0.99 0.99 0.99 0.99 0.99 0.99 0.99 0.99 0.99 0.99 0.99 0.99 0.99 0.99 0.99 0.99 0.99 0.99 0.99 0.99 0.99 0.99 0.99 0.99 0.99 0.99 0.99 0.99 0.99 0.99 0.99 0.99 0.99 0.99 0.99 0.99 0.99 0.99 0.99 0.99 0.99 0.99 0.99 0.99 0.99 0.99 0.99 0.99 0.99 0.99 0.99 0.99 0.99 0.99 0.99 0.99 0.99 0.99 0.99 0.99 0.99 0.99 0.99 0.99 0.99
0.95 0.90 0.94 0.93 0.97 0.94 0.95 0.94 0.94 0.97 0.96 0.95 0.97 0.98 0.97 0.97 0.98 0.99 0.97 0.98 0.98 0.99 0.99 0.99 0.98 0.98 0.99 0.99 0.99 0.98 0.99 0.99 0.99 0.99 0.99 0.99 0.99 0.99 0.98 0.99 0.99 0.99 0.98 0.99 0.99 0.98 0.98 0.99 0.98 0.99 0.99 0.99 0.99 0.99 0.99 0.99 0.99 0.99 0.99 0.99 0.99 0.99 0.99 0.99 0.99 0.99 0.99 0.99 0.99 0.99 0.99 0.99 0.99 0.99 0.99 0.99 0.99 0.99 0.99 0.99 0.99 0.99 0.99 0.99 0.99 0.99 0.99 0.99 0.99 0.99 0.99 0.99 0.99 0.99 0.99 0.99 0.99 0.99 0.99 0.99
0.89 0.95 0.92 0.94 0.95 0.93 0.94 0.96 0.97 0.96 0.98 0.97 0.92 0.94 0.97 0.98 0.96 0.98 0.97 0.98 0.99 0.96 0.98 0.97 0.98 0.98 0.98 0.99 0.99 0.98 0.97 0.99 0.99 0.99 0.99 0.98 0.99 0.99 0.99 0.99 0.99 0.99 0.99 0.98 0.99 0.99 0.99 0.98 0.99 0.99 0.99 0.99 0.99 0.99 0.99 0.99 0.99 0.99 0.99 0.99 0.99 0.99 0.99 0.99 0.99 0.99 0.99 0.99 0.99 0.99 0.99 0.99 0.99 0.99 0.99 0.99 0.99 0.99 0.99 0.99 0.99 0.99 0.99 0.99 0.99 0.99 0.99 0.99 0.99 0.99 0.99 0.99 0.99 0.99 0.99 0.99 0.99 0.99 0.99 0.99
0.88 0.91 0.98 0.95 0.95 0.97 0.95 0.96 0.95 0.97 0.97 0.97 0.98 0.94 0.97 0.98 0.98 0.99 0.97 0.98 0.97 0.98 0.99 0.97 0.99 0.98 0.98 0.97 0.98 0.99 0.99 0.99 0.99 0.98 0.98 0.99 0.99 0.98 0.99 0.99 0.99 0.99 0.99 0.99 0.99 0.99 0.99 0.99 0.99 0.99 0.99 0.99 0.99 0.99 0.99 0.99 0.99 0.99 0.99 0.99 0.99 0.99 0.99 0.99 0.99 0.99 0.99 0.99 0.99 0.99 0.99 0.99 0.99 0.99 0.99 0.99 0.99 0.99 0.99 0.99 0.99 0.99 0.99 0.99 0.99 0.99 0.99 0.99 0.99 0.99 0.99 0.99 0.99 0.99 0.99 0.99 0.99 0.99 0.99 0.99
0.94 0.92 0.92 0.89 0.94 0.94 0.91 0.92 0.94 0.97 0.97 0.97 0.97 0.95 0.98 0.96 0.95 0.97 0.97 0.98 0.98 0.98 0.99 0.98 0.97 0.98 0.96 0.98 0.98 0.98 0.99 0.99 0.98 0.99 0.99 0.99 0.97 0.99 0.99 0.98 0.99 0.99 0.99 0.99 0.99 0.99 0.99 0.99 0.99 0.99 0.99 0.99 0.99 0.99 0.99 0.99 0.99 0.99 0.99 0.99 0.99 0.99 0.99 0.99 0.99 0.99 0.99 0.99 0.99 0.99 0.99 0.99 0.99 0.99 0.99 0.99 0.99 0.99 0.99 0.99 0.99 0.99 0.99 0.99 0.99 0.99 0.99 0.99 0.99 0.99 0.99 0.99 0.99 0.99 0.99 0.99 0.99 0.99 0.99 0.99
0.91 0.92 0.97 0.94 0.92 0.94 0.94 0.93 0.96 0.96 0.96 0.97 0.95 0.95 0.97 0.96 0.98 0.97 0.96 0.98 0.98 0.97 0.98 0.99 0.99 0.97 0.96 0.98 0.99 0.99 0.96 0.97 0.99 0.98 0.99 0.99 0.98 0.99 0.99 0.99 0.99 0.99 0.99 0.99 0.99 0.99 0.99 0.99 0.99 0.99 0.99 0.99 0.99 0.99 0.99 0.99 0.99 0.99 0.99 0.99 0.99 0.99 0.99 0.99 0.99 0.99 0.99 0.99 0.99 0.99 0.99 0.99 0.99 0.99 0.99 0.99 0.99 0.99 0.99 0.99 0.99 0.99 0.99 0.99 0.99 0.99 0.99 0.99 0.99 0.99 0.99 0.99 0.99 0.99 0.99 0.99 0.99 0.99 0.99 0.99
0.89 0.90 0.92 0.95 0.93 0.92 0.94 0.97 0.94 0.95 0.96 0.96 0.97 0.95 0.97 0.98 0.97 0.97 0.95 0.98 0.98 0.98 0.97 0.98 0.99 0.99 0.98 0.98 0.97 0.97 0.99 0.98 0.99 0.99 0.99 0.99 0.99 0.98 0.99 0.99 0.99 0.99 0.99 0.99 0.99 0.99 0.99 0.99 0.99 0.99 0.99 0.99 0.99 0.99 0.99 0.99 0.99 0.99 0.99 0.99 0.99 0.99 0.99 0.99 0.99 0.99 0.99 0.99 0.99 0.99 0.99 0.99 0.99 0.99 0.99 0.99 0.99 0.99 0.99 0.99 0.99 0.99 0.99 0.99 0.99 0.99 0.99 0.99 0.99 0.99 0.99 0.99 0.99 0.99 0.99 0.99 0.99 0.99 0.99 0.99
0.91 0.93 0.94 0.92 0.92 0.88 0.95 0.95 0.94 0.97 0.97 0.97 0.94 0.98 0.97 0.97 0.97 0.97 0.98 0.98 0.97 0.98 0.98 0.98 0.98 0.95 0.98 0.97 0.99 0.99 0.98 0.99 0.97 0.98 0.98 0.99 0.99 0.99 0.99 0.98 0.99 0.99 0.99 0.98 0.99 0.99 0.99 0.98 0.99 0.99 0.99 0.99 0.99 0.99 0.99 0.99 0.99 0.99 0.99 0.99 0.99 0.99 0.99 0.99 0.99 0.99 0.99 0.99 0.99 0.99 0.99 0.99 0.99 0.99 0.99 0.99 0.99 0.99 0.99 0.99 0.99 0.99 0.99 0.99 0.99 0.99 0.99 0.99 0.99 0.99 0.99 0.99 0.99 0.99 0.99 0.99 0.99 0.99 0.99 0.99
0.94 0.92 0.90 0.92 0.95 0.93 0.94 0.92 0.96 0.95 0.94 0.96 0.95 0.97 0.98 0.99 0.96 0.96 0.98 0.97 0.96 0.98 0.97 0.99 0.97 0.95 0.98 0.98 0.98 0.98 0.99 0.97 0.99 0.99 0.98 0.99 0.98 0.99 0.99 0.98 0.99 0.99 0.99 0.99 0.99 0.99 0.99 0.98 0.99 0.99 0.99 0.99 0.99 0.99 0.99 0.99 0.99 0.99 0.99 0.99 0.99 0.99 0.99 0.99 0.99 0.99 0.99 0.99 0.99 0.99 0.99 0.99 0.99 0.99 0.99 0.99 0.99 0.99 0.99 0.99 0.99 0.99 0.99 0.99 0.99 0.99 0.99 0.99 0.99 0.99 0.99 0.99 0.99 0.99 0.99 0.99 0.99 0.99 0.99 0.99
0.91 0.90 0.92 0.93 0.93 0.96 0.95 0.95 0.98 0.95 0.95 0.96 0.96 0.95 0.97 0.96 0.97 0.95 0.96 0.98 0.97 0.97 0.97 0.97 0.98 0.98 0.99 0.98 0.98 0.98 0.99 0.98 0.99 0.97 0.98 0.99 0.98 0.99 0.99 0.99 0.99 0.98 0.99 0.99 0.99 0.99 0.99 0.99 0.99 0.99 0.99 0.99 0.99 0.99 0.99 0.99 0.99 0.99 0.99 0.98 0.99 0.99 0.99 0.99 0.99 0.99 0.99 0.99 0.99 0.99 0.99 0.99 0.99 0.99 0.99 0.99 0.99 0.99 0.99 0.99 0.99 0.99 0.99 0.99 0.99 0.99 0.99 0.99 0.99 0.99 0.99 0.99 0.99 0.99 0.99 0.99 0.99 0.99 0.99 0.99
0.92 0.92 0.94 0.96 0.95 0.94 0.98 0.93 0.96 0.94 0.95 0.96 0.94 0.95 0.94 0.98 0.95 0.94 0.95 0.96 0.98 0.97 0.97 0.96 0.98 0.97 0.98 0.97 0.98 0.99 0.98 0.97 0.97 0.97 0.98 0.99 0.99 0.99 0.99 0.98 0.99 0.99 0.99 0.99 0.99 0.99 0.99 0.98 0.99 0.99 0.99 0.99 0.99 0.99 0.99 0.99 0.99 0.99 0.99 0.99 0.99 0.99 0.99 0.99 0.99 0.99 0.99 0.99 0.99 0.99 0.99 0.99 0.99 0.99 0.99 0.99 0.99 0.99 0.99 0.99 0.99 0.99 0.99 0.99 0.99 0.99 0.99 0.99 0.99 0.99 0.99 0.99 0.99 0.99 0.99 0.99 0.99 0.99 0.99 0.99
0.91 0.91 0.88 0.91 0.89 0.92 0.96 0.93 0.92 0.94 0.90 0.96 0.98 0.96 0.98 0.95 0.95 0.93 0.96 0.94 0.96 0.97 0.99 0.97 0.97 0.99 0.98 0.98 0.98 0.96 0.99 0.99 0.98 0.98 0.98 0.97 0.99 0.99 0.99 0.99 0.98 0.98 0.99 0.99 0.99 0.99 0.99 0.99 0.99 0.99 0.99 0.99 0.99 0.99 0.99 0.99 0.99 0.99 0.99 0.99 0.99 0.99 0.99 0.99 0.99 0.99 0.99 0.99 0.99 0.99 0.99 0.99 0.99 0.99 0.99 0.99 0.99 0.99 0.99 0.99 0.99 0.99 0.99 0.99 0.99 0.99 0.99 0.99 0.99 0.99 0.99 0.99 0.99 0.99 0.99 0.99 0.99 0.99 0.99 0.99
0.93 0.95 0.91 0.91 0.91 0.93 0.94 0.92 0.96 0.96 0.94 0.93 0.98 0.94 0.96 0.95 0.95 0.95 0.96 0.94 0.97 0.97 0.97 0.94 0.96 0.97 0.97 0.99 0.98 0.97 0.99 0.98 0.97 0.99 0.98 0.97 0.98 0.98 0.99 0.99 0.97 0.99 0.99 0.99 0.99 0.99 0.99 0.99 0.99 0.99 0.99 0.99 0.99 0.99 0.99 0.99 0.99 0.99 0.99 0.99 0.99 0.99 0.99 0.99 0.99 0.99 0.99 0.99 0.99 0.99 0.99 0.99 0.99 0.99 0.99 0.99 0.99 0.99 0.99 0.99 0.99 0.99 0.99 0.99 0.99 0.99 0.99 0.99 0.99 0.99 0.99 0.99 0.99 0.99 0.99 0.99 0.99 0.99 0.99 0.99
0.91 0.89 0.93 0.92 0.93 0.94 0.95 0.93 0.90 0.94 0.93 0.96 0.94 0.97 0.93 0.92 0.94 0.96 0.98 0.97 0.95 0.97 0.97 0.97 0.97 0.98 0.94 0.98 0.98 0.96 0.98 0.98 0.98 0.96 0.99 0.99 0.99 0.98 0.98 0.99 0.99 0.99 0.99 0.99 0.98 0.99 0.99 0.99 0.99 0.99 0.99 0.98 0.99 0.99 0.99 0.99 0.99 0.99 0.99 0.99 0.99 0.99 0.99 0.99 0.99 0.99 0.99 0.99 0.99 0.99 0.99 0.99 0.99 0.99 0.99 0.99 0.99 0.99 0.99 0.99 0.99 0.99 0.99 0.99 0.99 0.99 0.99 0.99 0.99 0.99 0.99 0.99 0.99 0.99 0.99 0.99 0.99 0.99 0.99 0.99
0.90 0.90 0.90 0.89 0.90 0.88 0.89 0.95 0.96 0.97 0.94 0.93 0.93 0.93 0.94 0.95 0.97 0.97 0.97 0.97 0.98 0.95 0.96 0.96 0.98 0.96 0.97 0.99 0.96 0.98 0.98 0.95 0.97 0.97 0.99 0.98 0.99 0.97 0.97 0.98 0.99 0.98 0.99 0.98 0.99 0.99 0.99 0.99 0.99 0.98 0.99 0.99 0.99 0.99 0.99 0.99 0.99 0.99 0.99 0.99 0.99 0.99 0.99 0.99 0.99 0.99 0.99 0.99 0.99 0.99 0.99 0.99 0.99 0.99 0.99 0.99 0.99 0.99 0.99 0.99 0.99 0.99 0.99 0.99 0.99 0.99 0.99 0.99 0.99 0.99 0.99 0.99 0.99 0.99 0.99 0.99 0.99 0.99 0.99 0.99
0.86 0.87 0.92 0.93 0.87 0.93 0.94 0.94 0.97 0.93 0.93 0.96 0.95 0.92 0.96 0.94 0.95 0.94 0.95 0.93 0.93 0.93 0.98 0.95 0.97 0.97 0.95 0.96 0.98 0.98 0.98 0.98 0.96 0.98 0.99 0.97 0.99 0.98 0.98 0.99 0.99 0.98 0.99 0.99 0.98 0.99 0.98 0.98 0.98 0.99 0.98 0.99 0.99 0.98 0.99 0.99 0.99 0.99 0.99 0.98 0.97 0.99 0.99 0.99 0.99 0.99 0.99 0.99 0.99 0.99 0.99 0.99 0.99 0.99 0.99 0.99 0.99 0.99 0.99 0.99 0.99 0.99 0.99 0.99 0.99 0.99 0.99 0.99 0.99 0.99 0.99 0.99 0.99 0.99 0.99 0.99 0.99 0.99 0.99 0.99
0.91 0.87 0.90 0.91 0.90 0.88 0.94 0.94 0.94 0.96 0.89 0.96 0.94 0.94 0.97 0.96 0.99 0.96 0.95 0.92 0.97 0.97 0.96 0.97 0.96 0.98 0.98 0.97 0.97 0.96 0.94 0.97 0.98 0.99 0.99 0.99 0.97 0.98 0.97 0.99 0.97 0.97 0.99 0.99 0.99 0.98 0.99 0.99 0.99 0.99 0.99 0.99 0.99 0.99 0.99 0.99 0.99 0.99 0.99 0.99 0.99 0.99 0.99 0.99 0.99 0.99 0.99 0.99 0.99 0.99 0.99 0.99 0.99 0.99 0.99 0.99 0.99 0.99 0.99 0.99 0.99 0.99 0.99 0.99 0.99 0.99 0.99 0.99 0.99 0.99 0.99 0.99 0.99 0.99 0.99 0.99 0.99 0.99 0.99 0.99
0.93 0.86 0.92 0.96 0.92 0.93 0.92 0.93 0.89 0.92 0.90 0.95 0.97 0.94 0.97 0.93 0.93 0.97 0.95 0.95 0.97 0.89 0.96 0.95 0.96 0.97 0.95 0.98 0.97 0.97 0.97 0.96 0.97 0.97 0.95 0.98 0.99 0.99 0.96 0.97 0.98 0.98 0.99 0.99 0.99 0.98 0.99 0.98 0.99 0.99 0.99 0.99 0.99 0.99 0.99 0.99 0.99 0.99 0.99 0.99 0.99 0.99 0.99 0.99 0.99 0.99 0.99 0.99 0.99 0.99 0.99 0.99 0.99 0.99 0.99 0.99 0.99 0.99 0.99 0.99 0.99 0.99 0.99 0.99 0.99 0.99 0.99 0.99 0.99 0.99 0.99 0.99 0.99 0.99 0.99 0.99 0.99 0.99 0.99 0.99
0.86 0.91 0.92 0.91 0.90 0.91 0.92 0.95 0.93 0.90 0.90 0.90 0.91 0.95 0.94 0.91 0.92 0.95 0.98 0.96 0.98 0.94 0.98 0.94 0.95 0.93 0.95 0.94 0.95 0.96 0.98 0.99 0.97 0.97 0.99 0.98 0.99 0.98 0.99 0.99 0.97 0.99 0.98 0.99 0.99 0.99 0.99 0.99 0.99 0.97 0.99 0.99 0.99 0.99 0.99 0.99 0.99 0.99 0.99 0.99 0.99 0.99 0.99 0.99 0.99 0.99 0.99 0.99 0.99 0.99 0.99 0.99 0.99 0.99 0.99 0.99 0.99 0.99 0.99 0.99 0.99 0.99 0.99 0.99 0.99 0.99 0.99 0.99 0.99 0.99 0.99 0.99 0.99 0.99 0.99 0.99 0.99 0.99 0.99 0.99
0.86 0.88 0.85 0.86 0.87 0.84 0.92 0.89 0.90 0.93 0.94 0.96 0.92 0.92 0.94 0.92 0.96 0.97 0.92 0.90 0.92 0.98 0.96 0.96 0.98 0.93 0.95 0.93 0.98 0.96 0.93 0.96 0.95 0.97 0.97 0.99 0.98 0.96 0.98 0.99 0.98 0.99 0.98 0.98 0.97 0.98 0.99 0.99 0.99 0.99 0.99 0.99 0.98 0.97 0.99 0.99 0.99 0.99 0.99 0.99 0.99 0.99 0.99 0.99 0.99 0.99 0.99 0.99 0.99 0.99 0.99 0.99 0.99 0.99 0.99 0.99 0.99 0.99 0.99 0.99 0.99 0.99 0.99 0.99 0.99 0.99 0.99 0.99 0.99 0.99 0.99 0.99 0.99 0.99 0.99 0.99 0.99 0.99 0.99 0.99
0.84 0.89 0.90 0.93 0.91 0.94 0.92 0.90 0.94 0.92 0.88 0.93 0.94 0.92 0.93 0.95 0.96 0.91 0.92 0.97 0.97 0.96 0.98 0.98 0.97 0.96 0.97 0.98 0.96 0.96 0.98 0.98 0.99 0.96 0.97 0.97 0.96 0.97 0.99 0.98 0.98 0.98 0.99 0.98 0.99 0.99 0.99 0.99 0.99 0.99 0.99 0.98 0.99 0.99 0.99 0.99 0.99 0.99 0.99 0.99 0.99 0.99 0.99 0.99 0.99 0.99 0.99 0.99 0.99 0.99 0.99 0.99 0.99 0.99 0.99 0.99 0.99 0.99 0.99 0.99 0.99 0.99 0.99 0.99 0.99 0.99 0.99 0.99 0.99 0.99 0.99 0.99 0.99 0.99 0.99 0.99 0.99 0.99 0.99 0.99
0.86 0.85 0.87 0.86 0.91 0.93 0.88 0.90 0.90 0.91 0.92 0.90 0.95 0.95 0.96 0.94 0.90 0.94 0.91 0.96 0.95 0.97 0.92 0.96 0.98 0.98 0.97 0.95 0.96 0.97 0.98 0.97 0.97 0.97 0.98 0.98 0.98 0.98 0.99 0.96 0.97 0.98 0.96 0.99 0.98 0.99 0.99 0.99 0.98 0.98 0.99 0.97 0.98 0.99 0.99 0.99 0.99 0.99 0.98 0.99 0.99 0.97 0.99 0.99 0.99 0.99 0.99 0.99 0.99 0.99 0.99 0.99 0.99 0.99 0.99 0.99 0.99 0.99 0.99 0.99 0.99 0.99 0.99 0.99 0.99 0.99 0.99 0.99 0.99 0.99 0.99 0.99 0.99 0.99 0.99 0.99 0.99 0.99 0.99 0.99
0.84 0.90 0.89 0.86 0.92 0.92 0.91 0.87 0.92 0.91 0.91 0.87 0.93 0.92 0.87 0.94 0.96 0.96 0.93 0.97 0.96 0.93 0.92 0.97 0.94 0.96 0.97 0.97 0.96 0.98 0.96 0.98 0.98 0.99 0.98 0.95 0.98 0.95 0.98 0.97 0.98 0.99 0.99 0.99 0.98 0.99 0.99 0.99 0.99 0.99 0.98 0.99 0.99 0.99 0.97 0.99 0.99 0.99 0.99 0.99 0.98 0.99 0.99 0.99 0.99 0.99 0.99 0.99 0.99 0.99 0.99 0.99 0.99 0.99 0.99 0.99 0.99 0.99 0.99 0.99 0.99 0.99 0.99 0.99 0.99 0.99 0.99 0.99 0.99 0.99 0.99 0.99 0.99 0.99 0.99 0.99 0.99 0.99 0.99 0.99
0.85 0.81 0.81 0.82 0.89 0.93 0.88 0.88 0.94 0.87 0.91 0.92 0.95 0.96 0.93 0.91 0.93 0.94 0.97 0.95 0.93 0.95 0.93 0.97 0.99 0.96 0.97 0.94 0.96 0.96 0.99 0.99 0.98 0.96 0.97 0.99 0.99 0.99 0.97 0.97 0.99 0.99 0.98 0.97 0.98 0.98 0.98 0.99 0.99 0.99 0.98 0.99 0.99 0.98 0.98 0.98 0.99 0.99 0.99 0.99 0.99 0.99 0.99 0.99 0.99 0.99 0.99 0.99 0.99 0.99 0.99 0.99 0.99 0.99 0.99 0.99 0.99 0.99 0.99 0.99 0.99 0.99 0.99 0.99 0.99 0.99 0.99 0.99 0.99 0.99 0.99 0.99 0.99 0.99 0.99 0.99 0.99 0.99 0.99 0.99
0.85 0.86 0.89 0.90 0.90 0.94 0.88 0.89 0.91 0.88 0.89 0.91 0.90 0.91 0.91 0.96 0.94 0.94 0.91 0.96 0.93 0.93 0.98 0.94 0.95 0.98 0.97 0.95 0.91 0.98 0.96 0.96 0.95 0.98 0.95 0.98 0.97 0.98 0.98 0.99 0.95 0.97 0.98 0.98 0.98 0.98 0.97 0.99 0.99 0.99 0.99 0.97 0.99 0.98 0.99 0.99 0.98 0.98 0.99 0.99 0.99 0.99 0.98 0.99 0.99 0.99 0.99 0.99 0.99 0.99 0.99 0.99 0.99 0.99 0.99 0.99 0.99 0.99 0.99 0.99 0.99 0.99 0.99 0.99 0.99 0.99 0.99 0.99 0.99 0.99 0.99 0.99 0.99 0.99 0.99 0.99 0.99 0.99 0.99 0.99
0.87 0.85 0.83 0.91 0.87 0.88 0.82 0.91 0.88 0.86 0.95 0.89 0.94 0.88 0.87 0.93 0.91 0.94 0.93 0.90 0.97 0.92 0.99 0.96 0.97 0.95 0.97 0.95 0.94 0.97 0.96 0.98 0.97 0.97 0.94 0.99 0.97 0.98 0.96 0.98 0.98 0.99 0.99 0.98 0.99 0.99 0.98 0.98 0.99 0.99 0.99 0.97 0.98 0.99 0.99 0.99 0.99 0.99 0.99 0.99 0.99 0.99 0.99 0.99 0.99 0.99 0.99 0.99 0.98 0.99 0.99 0.99 0.99 0.99 0.99 0.99 0.99 0.99 0.99 0.99 0.99 0.99 0.99 0.99 0.99 0.99 0.99 0.99 0.99 0.99 0.99 0.99 0.99 0.99 0.99 0.99 0.99 0.99 0.99 0.99
0.83 0.84 0.87 0.83 0.85 0.86 0.90 0.84 0.85 0.90 0.90 0.92 0.93 0.87 0.88 0.89 0.95 0.91 0.98 0.93 0.95 0.97 0.89 0.95 0.95 0.95 0.97 0.96 0.95 0.97 0.98 0.95 0.97 0.99 0.97 0.99 0.98 0.98 0.96 0.98 0.96 0.98 0.98 0.98 0.99 0.98 0.98 0.98 0.98 0.99 0.99 0.98 0.99 0.99 0.99 0.99 0.98 0.98 0.99 0.99 0.99 0.99 0.99 0.99 0.99 0.99 0.99 0.99 0.99 0.99 0.99 0.99 0.99 0.99 0.99 0.99 0.99 0.99 0.99 0.99 0.99 0.99 0.99 0.99 0.99 0.99 0.99 0.99 0.99 0.99 0.99 0.99 0.99 0.99 0.99 0.99 0.99 0.99 0.99 0.99
0.85 0.79 0.78 0.89 0.87 0.89 0.86 0.88 0.84 0.86 0.84 0.89 0.94 0.93 0.92 0.96 0.92 0.85 0.94 0.92 0.96 0.95 0.94 0.96 0.96 0.95 0.91 0.95 0.96 0.95 0.96 0.95 0.96 0.93 0.97 0.94 0.98 0.97 0.95 0.99 0.96 0.98 0.98 0.98 0.98 0.98 0.99 0.99 0.98 0.99 0.99 0.99 0.99 0.99 0.99 0.99 0.98 0.99 0.99 0.99 0.99 0.98 0.98 0.99 0.99 0.99 0.99 0.99 0.99 0.99 0.98 0.99 0.99 0.99 0.99 0.99 0.99 0.99 0.99 0.99 0.99 0.99 0.99 0.99 0.99 0.99 0.99 0.99 0.99 0.99 0.99 0.99 0.99 0.99 0.98 0.99 0.99 0.99 0.99 0.99
0.83 0.78 0.82 0.86 0.82 0.84 0.88 0.92 0.89 0.92 0.87 0.87 0.90 0.94 0.88 0.91 0.96 0.91 0.94 0.92 0.94 0.94 0.92 0.94 0.93 0.95 0.95 0.97 0.94 0.97 0.97 0.98 0.98 0.97 0.91 0.98 0.99 0.96 0.98 0.96 0.95 0.99 0.95 0.98 0.98 0.99 0.99 0.99 0.99 0.99 0.99 0.98 0.99 0.99 0.99 0.98 0.99 0.99 0.99 0.99 0.99 0.99 0.99 0.99 0.99 0.98 0.99 0.99 0.99 0.99 0.99 0.99 0.99 0.99 0.99 0.99 0.99 0.99 0.99 0.99 0.99 0.99 0.99 0.99 0.99 0.99 0.99 0.99 0.99 0.99 0.99 0.99 0.99 0.99 0.99 0.99 0.98 0.99 0.99 0.99
0.86 0.90 0.86 0.80 0.82 0.80 0.91 0.88 0.85 0.90 0.86 0.90 0.95 0.88 0.89 0.91 0.93 0.94 0.93 0.89 0.92 0.93 0.93 0.94 0.95 0.97 0.95 0.93 0.98 0.96 0.96 0.98 0.98 0.98 0.98 0.96 0.97 0.95 0.97 0.96 0.97 0.94 0.98 0.98 0.98 0.97 0.98 0.99 0.97 0.99 0.99 0.99 0.98 0.99 0.97 0.99 0.97 0.98 0.98 0.99 0.99 0.99 0.99 0.99 0.99 0.97 0.99 0.99 0.99 0.99 0.99 0.99 0.99 0.99 0.99 0.99 0.99 0.99 0.98 0.99 0.99 0.99 0.99 0.99 0.99 0.99 0.99 0.99 0.99 0.99 0.99 0.99 0.99 0.99 0.99 0.99 0.99 0.99 0.99 0.99
0.81 0.87 0.79 0.82 0.84 0.88 0.90 0.80 0.88 0.88 0.90 0.93 0.88 0.89 0.91 0.92 0.90 0.86 0.91 0.96 0.86 0.91 0.98 0.97 0.92 0.95 0.97 0.94 0.96 0.94 0.94 0.96 0.94 0.94 0.96 0.98 0.97 0.95 0.98 0.96 0.97 0.97 0.97 0.97 0.98 0.98 0.97 0.97 0.99 0.99 0.99 0.99 0.97 0.98 0.97 0.99 0.99 0.99 0.99 0.99 0.99 0.99 0.99 0.99 0.99 0.99 0.99 0.99 0.99 0.99 0.99 0.98 0.99 0.98 0.99 0.98 0.99 0.99 0.99 0.99 0.99 0.99 0.99 0.99 0.99 0.99 0.99 0.99 0.99 0.99 0.99 0.99 0.99 0.99 0.99 0.99 0.99 0.98 0.99 0.99
0.80 0.86 0.79 0.84 0.87 0.84 0.80 0.92 0.86 0.83 0.88 0.86 0.86 0.89 0.92 0.87 0.89 0.93 0.93 0.91 0.95 0.95 0.95 0.96 0.92 0.95 0.94 0.95 0.96 0.96 0.94 0.94 0.94 0.96 0.96 0.96 0.96 0.96 0.98 0.96 0.94 0.97 0.99 0.95 0.98 0.98 0.98 0.99 0.99 0.98 0.95 0.99 0.99 0.99 0.98 0.99 0.97 0.99 0.99 0.97 0.99 0.97 0.99 0.98 0.99 0.99 0.99 0.99 0.99 0.99 0.99 0.99 0.98 0.99 0.97 0.99 0.99 0.99 0.99 0.99 0.99 0.99 0.99 0.99 0.99 0.99 0.99 0.99 0.99 0.99 0.99 0.99 0.99 0.99 0.99 0.99 0.99 0.99 0.99 0.97
0.83 0.79 0.75 0.87 0.86 0.80 0.83 0.78 0.85 0.82 0.87 0.88 0.84 0.86 0.83 0.92 0.90 0.91 0.91 0.93 0.87 0.94 0.90 0.95 0.95 0.92 0.96 0.94 0.93 0.95 0.95 0.97 0.98 0.95 0.96 0.98 0.98 0.97 0.96 0.96 0.95 0.97 0.98 0.96 0.97 0.95 0.97 0.97 0.97 0.96 0.98 0.97 0.98 0.99 0.99 0.98 0.99 0.97 0.97 0.99 0.99 0.99 0.97 0.99 0.99 0.99 0.99 0.99 0.99 0.99 0.99 0.99 0.97 0.99 0.99 0.99 0.99 0.98 0.99 0.99 0.99 0.99 0.99 0.99 0.99 0.99 0.99 0.99 0.99 0.99 0.99 0.99 0.99 0.99 0.99 0.99 0.99 0.99 0.99 0.99
0.88 0.80 0.77 0.87 0.81 0.83 0.84 0.85 0.87 0.87 0.84 0.88 0.87 0.94 0.86 0.92 0.94 0.91 0.88 0.93 0.94 0.94 0.94 0.95 0.94 0.94 0.95 0.93 0.96 0.92 0.94 0.96 0.95 0.95 0.98 0.96 0.95 0.97 0.98 0.94 0.98 0.99 0.97 0.97 0.98 0.97 0.99 0.98 0.97 0.97 0.99 0.99 0.96 0.98 0.98 0.98 0.97 0.99 0.99 0.98 0.98 0.99 0.99 0.99 0.98 0.99 0.98 0.98 0.97 0.99 0.99 0.99 0.98 0.99 0.99 0.99 0.99 0.99 0.99 0.99 0.99 0.99 0.99 0.99 0.99 0.99 0.99 0.99 0.99 0.99 0.99 0.99 0.99 0.99 0.99 0.99 0.99 0.99 0.99 0.99
0.78 0.73 0.76 0.84 0.76 0.84 0.86 0.84 0.81 0.88 0.88 0.84 0.87 0.84 0.93 0.90 0.94 0.84 0.87 0.94 0.95 0.88 0.88 0.93 0.93 0.88 0.94 0.93 0.94 0.92 0.94 0.92 0.93 0.95 0.95 0.98 0.94 0.96 0.97 0.98 0.97 0.97 0.97 0.97 0.98 0.97 0.98 0.97 0.96 0.99 0.98 0.98 0.99 0.98 0.98 0.99 0.97 0.99 0.99 0.99 0.99 0.99 0.99 0.99 0.98 0.99 0.99 0.99 0.99 0.99 0.99 0.99 0.99 0.99 0.99 0.99 0.99 0.99 0.99 0.99 0.99 0.99 0.99 0.99 0.99 0.99 0.99 0.99 0.99 0.99 0.99 0.99 0.99 0.99 0.99 0.99 0.99 0.99 0.99 0.99
0.76 0.77 0.79 0.83 0.83 0.81 0.78 0.85 0.84 0.83 0.86 0.83 0.85 0.88 0.93 0.88 0.91 0.89 0.89 0.91 0.90 0.95 0.89 0.91 0.90 0.96 0.94 0.93 0.91 0.96 0.90 0.96 0.97 0.95 0.97 0.97 0.95 0.97 0.98 0.96 0.97 0.98 0.96 0.98 0.98 0.96 0.98 0.99 0.97 0.98 0.96 0.98 0.98 0.99 0.99 0.99 0.96 0.99 0.99 0.99 0.98 0.99 0.97 0.99 0.99 0.99 0.99 0.99 0.98 0.98 0.99 0.99 0.99 0.99 0.99 0.99 0.99 0.99 0.99 0.99 0.99 0.99 0.99 0.99 0.99 0.99 0.99 0.99 0.99 0.99 0.99 0.99 0.99 0.99 0.99 0.99 0.99 0.99 0.99 0.99
0.81 0.75 0.74 0.80 0.83 0.75 0.85 0.83 0.83 0.79 0.89 0.87 0.87 0.87 0.89 0.82 0.88 0.91 0.91 0.87 0.91 0.91 0.85 0.90 0.91 0.92 0.93 0.95 0.96 0.93 0.91 0.94 0.94 0.96 0.96 0.91 0.92 0.96 0.94 0.96 0.98 0.97 0.96 0.97 0.96 0.95 0.98 0.97 0.95 0.98 0.98 0.95 0.96 0.97 0.98 0.97 0.99 0.98 0.99 0.96 0.99 0.99 0.99 0.98 0.99 0.99 0.99 0.99 0.99 0.99 0.99 0.99 0.99 0.99 0.99 0.99 0.99 0.99 0.99 0.99 0.99 0.99 0.99 0.99 0.99 0.99 0.99 0.99 0.99 0.99 0.99 0.99 0.99 0.99 0.99 0.99 0.99 0.99 0.99 0.99
0.73 0.77 0.81 0.81 0.84 0.85 0.85 0.84 0.88 0.86 0.86 0.87 0.85 0.82 0.87 0.84 0.87 0.92 0.91 0.86 0.93 0.91 0.88 0.88 0.91 0.92 0.96 0.90 0.91 0.95 0.88 0.96 0.94 0.95 0.93 0.96 0.98 0.98 0.97 0.96 0.97 0.97 0.99 0.97 0.97 0.97 0.96 0.96 0.97 0.97 0.96 0.98 0.99 0.99 0.99 0.98 0.96 0.98 0.97 0.99 0.99 0.99 0.98 0.97 0.99 0.99 0.99 0.98 0.99 0.99 0.98 0.97 0.99 0.99 0.98 0.99 0.99 0.99 0.99 0.99 0.99 0.99 0.99 0.99 0.99 0.99 0.99 0.99 0.98 0.99 0.99 0.99 0.99 0.99 0.99 0.99 0.99 0.99 0.99 0.99
0.76 0.75 0.80 0.75 0.76 0.80 0.77 0.83 0.85 0.86 0.86 0.87 0.88 0.89 0.88 0.83 0.86 0.89 0.93 0.92 0.91 0.93 0.82 0.93 0.96 0.91 0.92 0.90 0.90 0.90 0.88 0.94 0.95 0.94 0.98 0.92 0.96 0.95 0.95 0.95 0.96 0.96 0.98 0.96 0.96 0.95 0.96 0.94 0.96 0.99 0.97 0.94 0.99 0.99 0.99 0.98 0.99 0.96 0.97 0.98 0.99 0.99 0.99 0.96 0.98 0.99 0.99 0.99 0.99 0.99 0.99 0.99 0.99 0.99 0.99 0.98 0.99 0.99 0.99 0.99 0.99 0.99 0.98 0.99 0.99 0.99 0.99 0.99 0.99 0.99 0.99 0.98 0.99 0.99 0.99 0.99 0.99 0.99 0.99 0.99
0.75 0.71 0.78 0.78 0.76 0.77 0.75 0.83 0.87 0.86 0.86 0.78 0.91 0.89 0.88 0.83 0.88 0.87 0.88 0.87 0.92 0.88 0.91 0.92 0.88 0.88 0.98 0.93 0.95 0.98 0.93 0.90 0.93 0.97 0.92 0.93 0.95 0.94 0.98 0.95 0.95 0.93 0.98 0.97 0.97 0.96 0.97 0.98 0.97 0.97 0.98 0.96 0.97 0.97 0.95 0.98 0.98 0.99 0.96 0.99 0.99 0.99 0.99 0.98 0.99 0.98 0.99 0.99 0.99 0.99 0.98 0.98 0.99 0.98 0.99 0.99 0.99 0.99 0.99 0.99 0.99 0.99 0.99 0.99 0.98 0.99 0.99 0.99 0.99 0.99 0.99 0.99 0.99 0.99 0.99 0.99 0.99 0.99 0.97 0.99
0.71 0.74 0.70 0.83 0.74 0.78 0.73 0.76 0.77 0.82 0.80 0.87 0.87 0.80 0.85 0.89 0.81 0.86 0.85 0.88 0.91 0.85 0.86 0.95 0.90 0.91 0.88 0.93 0.89 0.91 0.91 0.94 0.93 0.90 0.92 0.98 0.96 0.96 0.98 0.94 0.98 0.96 0.98 0.96 0.92 0.93 0.97 0.98 0.97 0.98 0.94 0.97 0.97 0.97 0.94 0.98 0.98 0.97 0.97 0.99 0.99 0.99 0.96 0.99 0.99 0.98 0.99 0.99 0.99 0.99 0.99 0.99 0.99 0.99 0.99 0.99 0.99 0.99 0.97 0.99 0.99 0.99 0.99 0.99 0.99 0.99 0.99 0.99 0.99 0.99 0.99 0.99 0.99 0.99 0.99 0.98 0.99 0.98 0.98 0.99
0.63 0.72 0.80 0.80 0.75 0.81 0.74 0.84 0.86 0.79 0.84 0.81 0.88 0.78 0.84 0.89 0.87 0.90 0.83 0.90 0.88 0.91 0.90 0.83 0.89 0.93 0.89 0.86 0.95 0.94 0.90 0.95 0.95 0.93 0.92 0.96 0.97 0.96 0.95 0.94 0.94 0.94 0.97 0.94 0.95 0.98 0.96 0.96 0.97 0.98 0.95 0.97 0.97 0.97 0.99 0.96 0.99 0.99 0.95 0.99 0.96 0.99 0.97 0.96 0.98 0.98 0.99 0.97 0.99 0.99 0.99 0.99 0.99 0.99 0.98 0.98 0.98 0.99 0.99 0.99 0.99 0.99 0.99 0.99 0.99 0.99 0.99 0.99 0.99 0.99 0.99 0.99 0.99 0.99 0.99 0.99 0.99 0.99 0.99 0.99
0.81 0.73 0.68 0.78 0.72 0.81 0.83 0.86 0.75 0.82 0.83 0.84 0.83 0.85 0.86 0.82 0.82 0.85 0.83 0.86 0.85 0.87 0.87 0.92 0.89 0.91 0.93 0.91 0.91 0.96 0.90 0.96 0.96 0.93 0.94 0.96 0.92 0.95 0.95 0.94 0.93 0.92 0.95 0.93 0.96 0.96 0.95 0.99 0.98 0.97 0.97 0.98 0.96 0.96 0.99 0.98 0.99 0.96 0.97 0.98 0.99 0.98 0.99 0.98 0.99 0.99 0.99 0.97 0.98 0.99 0.98 0.99 0.97 0.99 0.97 0.99 0.99 0.99 0.99 0.99 0.97 0.99 0.99 0.99 0.99 0.99 0.99 0.99 0.99 0.99 0.99 0.99 0.99 0.99 0.99 0.98 0.99 0.99 0.99 0.99
0.62 0.72 0.71 0.65 0.76 0.77 0.70 0.79 0.81 0.83 0.78 0.82 0.90 0.82 0.85 0.83 0.94 0.88 0.89 0.83 0.88 0.84 0.88 0.85 0.93 0.89 0.88 0.96 0.85 0.90 0.89 0.88 0.91 0.92 0.95 0.96 0.92 0.94 0.94 0.96 0.95 0.92 0.97 0.96 0.98 0.92 0.97 0.96 0.96 0.98 0.96 0.98 0.98 0.98 0.95 0.97 0.99 0.94 0.98 0.96 0.98 0.97 0.97 0.97 0.99 0.99 0.98 0.99 0.98 0.98 0.99 0.99 0.99 0.99 0.98 0.99 0.99 0.99 0.99 0.99 0.99 0.99 0.99 0.99 0.99 0.99 0.99 0.99 0.99 0.99 0.99 0.99 0.98 0.99 0.98 0.99 0.98 0.99 0.99 0.99
0.71 0.82 0.70 0.76 0.78 0.77 0.71 0.70 0.83 0.73 0.78 0.74 0.82 0.80 0.82 0.82 0.86 0.85 0.85 0.90 0.88 0.92 0.84 0.88 0.94 0.86 0.84 0.88 0.91 0.92 0.91 0.92 0.94 0.92 0.92 0.90 0.95 0.92 0.96 0.95 0.97 0.94 0.98 0.95 0.97 0.95 0.98 0.97 0.98 0.97 0.97 0.98 0.97 0.96 0.99 0.96 0.98 0.98 0.98 0.99 0.99 0.97 0.99 0.99 0.99 0.99 0.99 0.99 0.98 0.98 0.98 0.99 0.98 0.98 0.99 0.99 0.99 0.99 0.99 0.99 0.99 0.99 0.99 0.99 0.99 0.99 0.99 0.99 0.99 0.99 0.99 0.99 0.99 0.99 0.98 0.99 0.99 0.99 0.98 0.98
0.68 0.58 0.64 0.66 0.73 0.67 0.69 0.74 0.79 0.84 0.77 0.81 0.74 0.80 0.84 0.80 0.83 0.77 0.86 0.90 0.85 0.82 0.84 0.88 0.86 0.92 0.86 0.91 0.86 0.88 0.89 0.90 0.91 0.94 0.91 0.94 0.93 0.95 0.93 0.91 0.96 0.97 0.92 0.97 0.95 0.96 0.97 0.95 0.93 0.98 0.99 0.97 0.96 0.96 0.99 0.97 0.99 0.98 0.97 0.97 0.97 0.99 0.98 0.99 0.99 0.99 0.97 0.99 0.98 0.98 0.98 0.99 0.98 0.98 0.99 0.99 0.97 0.98 0.99 0.98 0.99 0.99 0.98 0.99 0.99 0.99 0.99 0.99 0.99 0.99 0.99 0.99 0.99 0.99 0.99 0.99 0.99 0.99 0.99 0.99
0.72 0.63 0.73 0.70 0.69 0.75 0.71 0.81 0.66 0.71 0.81 0.83 0.82 0.76 0.85 0.80 0.84 0.80 0.77 0.82 0.88 0.89 0.86 0.90 0.83 0.85 0.90 0.89 0.90 0.91 0.87 0.88 0.92 0.92 0.95 0.95 0.91 0.93 0.90 0.95 0.93 0.92 0.94 0.96 0.98 0.95 0.96 0.94 0.96 0.92 0.95 0.98 0.98 0.96 0.95 0.98 0.98 0.96 0.98 0.96 0.97 0.98 0.98 0.97 0.99 0.99 0.99 0.98 0.98 0.99 0.99 0.98 0.97 0.98 0.99 0.99 0.99 0.99 0.99 0.99 0.99 0.99 0.99 0.99 0.99 0.99 0.99 0.99 0.98 0.99 0.99 0.99 0.99 0.99 0.99 0.99 0.99 0.98 0.99 0.99
0.70 0.77 0.62 0.78 0.69 0.73 0.67 0.77 0.72 0.76 0.72 0.86 0.81 0.76 0.71 0.84 0.78 0.81 0.84 0.79 0.83 0.86 0.87 0.87 0.84 0.86 0.86 0.92 0.93 0.91 0.88 0.89 0.92 0.88 0.89 0.90 0.91 0.86 0.94 0.92 0.95 0.95 0.91 0.95 0.92 0.94 0.97 0.95 0.97 0.98 0.97 0.94 0.95 0.96 0.95 0.96 0.97 0.99 0.95 0.98 0.99 0.96 0.98 0.99 0.99 0.98 0.99 0.98 0.99 0.99 0.98 0.96 0.99 0.98 0.99 0.97 0.97 0.97 0.99 0.98 0.99 0.98 0.98 0.98 0.99 0.99 0.99 0.99 0.99 0.99 0.99 0.99 0.99 0.99 0.99 0.99 0.99 0.99 0.98 0.98
0.67 0.76 0.57 0.69 0.64 0.69 0.76 0.68 0.74 0.76 0.73 0.76 0.69 0.81 0.81 0.74 0.88 0.76 0.88 0.81 0.85 0.89 0.92 0.88 0.84 0.81 0.88 0.93 0.87 0.90 0.87 0.96 0.84 0.94 0.91 0.92 0.96 0.86 0.92 0.94 0.96 0.94 0.92 0.97 0.93 0.98 0.98 0.92 0.96 0.95 0.97 0.98 0.98 0.98 0.98 0.97 0.95 0.97 0.97 0.97 0.98 0.97 0.97 0.99 0.98 0.97 0.98 0.98 0.98 0.97 0.97 0.99 0.99 0.99 0.98 0.99 0.98 0.98 0.99 0.99 0.99 0.99 0.97 0.99 0.99 0.99 0.99 0.99 0.99 0.99 0.99 0.99 0.99 0.99 0.99 0.99 0.99 0.99 0.98 0.99
0.59 0.74 0.65 0.59 0.76 0.69 0.68 0.70 0.75 0.77 0.69 0.85 0.77 0.75 0.78 0.81 0.75 0.74 0.84 0.74 0.83 0.81 0.83 0.88 0.88 0.90 0.92 0.90 0.85 0.86 0.93 0.90 0.89 0.90 0.92 0.89 0.89 0.90 0.89 0.94 0.93 0.91 0.93 0.93 0.93 0.96 0.95 0.97 0.97 0.93 0.95 0.97 0.93 0.96 0.95 0.95 0.98 0.97 0.98 0.95 0.98 0.96 0.98 0.98 0.99 0.98 0.96 0.98 0.99 0.96 0.98 0.99 0.97 0.99 0.98 0.99 0.97 0.99 0.98 0.98 0.99 0.99 0.99 0.98 0.99 0.99 0.99 0.99 0.99 0.99 0.99 0.99 0.98 0.98 0.98 0.99 0.98 0.98 0.99 0.98
0.66 0.73 0.65 0.67 0.68 0.68 0.74 0.63 0.77 0.70 0.80 0.81 0.82 0.84 0.74 0.82 0.70 0.80 0.85 0.80 0.83 0.78 0.78 0.87 0.82 0.87 0.84 0.84 0.93 0.89 0.90 0.89 0.91 0.87 0.87 0.93 0.84 0.90 0.92 0.92 0.89 0.94 0.96 0.88 0.93 0.95 0.90 0.93 0.94 0.98 0.98 0.95 0.95 0.98 0.96 0.95 0.96 0.95 0.96 0.97 0.96 0.98 0.97 0.99 0.99 0.98 0.97 0.97 0.97 0.97 0.97 0.98 0.99 0.99 0.97 0.99 0.99 0.98 0.99 0.99 0.99 0.98 0.99 0.99 0.99 0.99 0.98 0.97 0.99 0.99 0.99 0.99 0.99 0.98 0.99 0.99 0.99 0.98 0.99 0.99
0.61 0.51 0.71 0.63 0.61 0.72 0.78 0.73 0.73 0.68 0.76 0.77 0.78 0.75 0.86 0.84 0.80 0.70 0.80 0.66 0.87 0.82 0.85 0.77 0.85 0.83 0.88 0.84 0.85 0.89 0.89 0.93 0.92 0.92 0.91 0.92 0.91 0.88 0.94 0.93 0.89 0.92 0.91 0.90 0.93 0.95 0.94 0.95 0.96 0.95 0.93 0.94 0.94 0.96 0.94 0.95 0.96 0.97 0.97 0.97 0.97 0.98 0.98 0.97 0.99 0.98 0.98 0.98 0.97 0.99 0.97 0.98 0.96 0.98 0.99 0.99 0.97 0.98 0.99 0.99 0.99 0.99 0.99 0.98 0.99 0.99 0.99 0.98 0.99 0.99 0.99 0.99 0.99 0.99 0.99 0.98 0.98 0.99 0.99 0.99
0.63 0.62 0.60 0.64 0.59 0.74 0.76 0.71 0.67 0.62 0.70 0.74 0.74 0.73 0.80 0.84 0.79 0.75 0.76 0.77 0.86 0.81 0.88 0.82 0.81 0.82 0.89 0.89 0.84 0.87 0.84 0.92 0.82 0.88 0.90 0.90 0.83 0.93 0.93 0.94 0.88 0.92 0.93 0.92 0.96 0.97 0.94 0.96 0.92 0.92 0.96 0.96 0.98 0.96 0.97 0.95 0.97 0.92 0.98 0.94 0.98 0.95 0.99 0.98 0.96 0.97 0.97 0.98 0.98 0.98 0.97 0.98 0.98 0.99 0.98 0.99 0.98 0.99 0.98 0.98 0.98 0.99 0.98 0.98 0.99 0.98 0.99 0.99 0.99 0.99 0.99 0.99 0.98 0.99 0.98 0.98 0.98 0.98 0.98 0.99
0.66 0.51 0.64 0.65 0.62 0.67 0.76 0.78 0.69 0.72 0.74 0.72 0.77 0.77 0.71 0.73 0.73 0.71 0.77 0.76 0.82 0.80 0.86 0.75 0.90 0.83 0.88 0.88 0.87 0.83 0.88 0.91 0.89 0.87 0.88 0.91 0.89 0.91 0.90 0.89 0.89 0.94 0.90 0.94 0.90 0.93 0.96 0.93 0.94 0.90 0.89 0.96 0.96 0.98 0.96 0.96 0.94 0.94 0.95 0.95 0.94 0.95 0.96 0.99 0.98 0.96 0.98 0.98 0.97 0.97 0.98 0.97 0.98 0.98 0.98 0.98 0.98 0.98 0.97 0.98 0.99 0.98 0.96 0.97 0.99 0.98 0.99 0.98 0.98 0.99 0.99 0.99 0.98 0.99 0.99 0.99 0.98 0.98 0.98 0.98
0.62 0.67 0.68 0.69 0.68 0.67 0.63 0.66 0.67 0.74 0.73 0.66 0.71 0.74 0.75 0.71 0.80 0.78 0.85 0.81 0.78 0.80 0.82 0.77 0.90 0.78 0.88 0.94 0.77 0.81 0.85 0.88 0.92 0.86 0.92 0.83 0.88 0.85 0.91 0.92 0.94 0.92 0.93 0.91 0.92 0.93 0.92 0.94 0.94 0.97 0.94 0.93 0.91 0.95 0.97 0.97 0.96 0.92 0.94 0.90 0.96 0.96 0.95 0.94 0.98 0.95 0.96 0.97 0.98 0.98 0.97 0.99 0.96 0.97 0.97 0.99 0.98 0.98 0.98 0.97 0.98 0.99 0.97 0.99 0.99 0.98 0.98 0.99 0.98 0.98 0.99 0.98 0.98 0.98 0.98 0.99 0.98 0.99 0.99 0.99
0.64 0.67 0.56 0.66 0.65 0.66 0.75 0.64 0.70 0.72 0.66 0.79 0.76 0.66 0.73 0.72 0.79 0.72 0.76 0.78 0.82 0.79 0.78 0.78 0.87 0.89 0.80 0.77 0.86 0.77 0.85 0.90 0.89 0.90 0.89 0.85 0.90 0.87 0.89 0.89 0.90 0.88 0.91 0.93 0.93 0.96 0.97 0.91 0.91 0.98 0.95 0.97 0.97 0.90 0.94 0.92 0.92 0.96 0.91 0.96 0.96 0.94 0.97 0.96 0.98 0.97 0.97 0.98 0.98 0.95 0.97 0.96 0.96 0.96 0.98 0.97 0.97 0.99 0.98 0.99 0.98 0.98 0.97 0.99 0.99 0.97 0.98 0.98 0.98 0.99 0.99 0.99 0.98 0.98 0.97 0.99 0.98 0.99 0.97 0.97
0.51 0.63 0.69 0.58 0.59 0.64 0.62 0.73 0.61 0.62 0.65 0.71 0.62 0.76 0.74 0.73 0.69 0.72 0.77 0.67 0.78 0.74 0.82 0.77 0.76 0.86 0.83 0.85 0.90 0.87 0.82 0.85 0.90 0.90 0.84 0.84 0.78 0.88 0.88 0.88 0.92 0.93 0.90 0.91 0.96 0.92 0.97 0.94 0.93 0.93 0.91 0.90 0.93 0.96 0.94 0.92 0.95 0.97 0.94 0.94 0.95 0.96 0.96 0.97 0.97 0.95 0.96 0.98 0.93 0.99 0.99 0.96 0.97 0.96 0.99 0.98 0.98 0.99 0.99 0.99 0.98 0.98 0.99 0.98 0.97 0.99 0.98 0.99 0.99 0.99 0.98 0.99 0.98 0.96 0.99 0.98 0.97 0.98 0.99 0.98
0.53 0.53 0.56 0.62 0.59 0.63 0.66 0.66 0.73 0.66 0.68 0.71 0.68 0.67 0.74 0.80 0.72 0.78 0.72 0.69 0.85 0.80 0.78 0.81 0.75 0.78 0.82 0.83 0.85 0.85 0.80 0.89 0.85 0.87 0.85 0.82 0.92 0.85 0.82 0.82 0.90 0.92 0.89 0.92 0.94 0.89 0.92 0.94 0.92 0.94 0.93 0.88 0.96 0.95 0.92 0.94 0.97 0.92 0.98 0.93 0.94 0.96 0.98 0.97 0.94 0.97 0.96 0.96 0.98 0.97 0.98 0.98 0.98 0.97 0.97 0.98 0.99 0.99 0.98 0.97 0.98 0.97 0.97 0.97 0.97 0.99 0.98 0.98 0.99 0.98 0.98 0.97 0.98 0.98 0.99 0.98 0.98 0.98 0.98 0.98
0.60 0.58 0.64 0.57 0.61 0.65 0.59 0.62 0.69 0.65 0.61 0.75 0.75 0.70 0.68 0.74 0.71 0.71 0.69 0.68 0.72 0.78 0.79 0.73 0.79 0.80 0.85 0.75 0.80 0.83 0.89 0.85 0.91 0.84 0.83 0.90 0.89 0.85 0.89 0.86 0.85 0.91 0.92 0.90 0.86 0.88 0.93 0.94 0.94 0.96 0.97 0.92 0.94 0.94 0.96 0.94 0.97 0.92 0.95 0.92 0.96 0.95 0.95 0.98 0.96 0.96 0.97 0.97 0.99 0.98 0.97 0.98 0.97 0.96 0.97 0.98 0.98 0.99 0.98 0.98 0.99 0.98 0.99 0.99 0.98 0.98 0.98 0.99 0.98 0.98 0.98 0.98 0.99 0.98 0.98 0.98 0.98 0.98 0.99 0.98
0.45 0.62 0.53 0.63 0.66 0.54 0.66 0.67 0.68 0.70 0.66 0.61 0.72 0.67 0.69 0.75 0.75 0.78 0.63 0.75 0.73 0.70 0.78 0.74 0.80 0.74 0.84 0.84 0.85 0.81 0.77 0.90 0.87 0.89 0.81 0.84 0.87 0.83 0.94 0.84 0.93 0.86 0.89 0.91 0.91 0.90 0.87 0.93 0.88 0.93 0.95 0.91 0.92 0.97 0.94 0.93 0.93 0.94 0.96 0.94 0.97 0.96 0.94 0.95 0.96 0.97 0.97 0.98 0.96 0.95 0.98 0.97 0.98 0.94 0.96 0.98 0.96 0.96 0.98 0.99 0.96 0.97 0.96 0.98 0.96 0.98 0.98 0.99 0.98 0.98 0.97 0.99 0.98 0.99 0.98 0.98 0.97 0.98 0.98 0.99
0.56 0.64 0.53 0.57 0.64 0.61 0.57 0.57 0.63 0.66 0.58 0.72 0.65 0.66 0.69 0.72 0.73 0.74 0.68 0.74 0.69 0.75 0.72 0.80 0.79 0.81 0.73 0.77 0.81 0.89 0.87 0.81 0.82 0.81 0.83 0.87 0.91 0.84 0.92 0.86 0.88 0.91 0.88 0.86 0.88 0.92 0.95 0.93 0.91 0.96 0.90 0.91 0.93 0.94 0.94 0.95 0.97 0.96 0.96 0.93 0.94 0.95 0.92 0.96 0.97 0.96 0.97 0.96 0.97 0.95 0.95 0.98 0.98 0.98 0.98 0.98 0.97 0.99 0.97 0.98 0.98 0.98 0.96 0.98 0.98 0.98 0.98 0.98 0.98 0.99 0.96 0.98 0.99 0.96 0.98 0.98 0.97 0.98 0.98 0.98
0.52 0.50 0.54 0.61 0.58 0.52 0.59 0.61 0.57 0.60 0.59 0.63 0.67 0.62 0.72 0.70 0.65 0.68 0.72 0.78 0.74 0.78 0.74 0.76 0.71 0.72 0.71 0.79 0.83 0.82 0.80 0.80 0.78 0.87 0.84 0.86 0.86 0.87 0.88 0.89 0.87 0.86 0.85 0.89 0.82 0.93 0.91 0.88 0.92 0.92 0.93 0.94 0.96 0.95 0.94 0.95 0.95 0.98 0.96 0.95 0.95 0.91 0.96 0.92 0.94 0.95 0.98 0.98 0.94 0.94 0.98 0.97 0.97 0.94 0.98 0.97 0.97 0.98 0.98 0.94 0.96 0.98 0.98 0.98 0.98 0.97 0.98 0.98 0.97 0.98 0.98 0.98 0.97 0.98 0.97 0.98 0.99 0.98 0.99 0.97
0.50 0.51 0.55 0.61 0.64 0.63 0.52 0.58 0.54 0.60 0.67 0.67 0.54 0.66 0.67 0.65 0.74 0.62 0.69 0.74 0.65 0.72 0.80 0.80 0.78 0.76 0.80 0.71 0.74 0.76 0.80 0.78 0.76 0.83 0.78 0.89 0.78 0.87 0.79 0.83 0.90 0.87 0.88 0.86 0.88 0.88 0.86 0.92 0.89 0.92 0.90 0.93 0.96 0.93 0.91 0.94 0.88 0.95 0.91 0.91 0.94 0.91 0.96 0.93 0.98 0.96 0.96 0.96 0.98 0.97 0.99 0.95 0.97 0.96 0.94 0.98 0.98 0.96 0.99 0.98 0.95 0.97 0.98 0.98 0.98 0.97 0.97 0.98 0.99 0.98 0.98 0.98 0.99 0.98 0.98 0.98 0.97 0.98 0.98 0.99
0.55 0.47 0.56 0.53 0.58 0.57 0.57 0.62 0.63 0.57 0.59 0.59 0.70 0.59 0.68 0.60 0.66 0.63 0.75 0.65 0.68 0.75 0.77 0.69 0.81 0.75 0.77 0.79 0.73 0.83 0.79 0.84 0.85 0.77 0.79 0.79 0.82 0.85 0.82 0.87 0.88 0.87 0.88 0.90 0.94 0.86 0.87 0.93 0.90 0.91 0.92 0.91 0.88 0.93 0.93 0.95 0.93 0.93 0.93 0.95 0.90 0.93 0.96 0.96 0.98 0.96 0.97 0.98 0.98 0.94 0.98 0.97 0.98 0.98 0.96 0.98 0.97 0.97 0.98 0.98 0.97 0.97 0.97 0.98 0.99 0.97 0.98 0.98 0.97 0.96 0.98 0.98 0.98 0.99 0.98 0.98 0.98 0.96 0.97 0.98
0.44 0.53 0.49 0.59 0.50 0.54 0.49 0.55 0.57 0.54 0.59 0.55 0.63 0.56 0.74 0.64 0.61 0.68 0.66 0.67 0.68 0.72 0.71 0.79 0.70 0.83 0.76 0.75 0.76 0.75 0.77 0.85 0.88 0.77 0.84 0.84 0.83 0.86 0.86 0.87 0.81 0.85 0.86 0.87 0.90 0.85 0.93 0.88 0.91 0.94 0.95 0.92 0.94 0.87 0.94 0.94 0.91 0.93 0.89 0.93 0.89 0.97 0.94 0.93 0.97 0.96 0.95 0.91 0.96 0.97 0.98 0.93 0.98 0.95 0.96 0.95 0.96 0.93 0.98 0.97 0.97 0.99 0.97 0.98 0.97 0.98 0.98 0.98 0.98 0.97 0.98 0.98 0.98 0.98 0.96 0.97 0.98 0.98 0.98 0.98
0.47 0.56 0.43 0.43 0.56 0.58 0.51 0.53 0.57 0.58 0.58 0.52 0.62 0.66 0.61 0.45 0.68 0.60 0.67 0.69 0.72 0.65 0.78 0.73 0.69 0.70 0.76 0.74 0.83 0.74 0.68 0.89 0.68 0.80 0.81 0.73 0.84 0.83 0.74 0.88 0.88 0.86 0.90 0.93 0.87 0.84 0.94 0.94 0.94 0.92 0.89 0.91 0.94 0.94 0.90 0.93 0.92 0.90 0.93 0.88 0.96 0.91 0.96 0.96 0.95 0.94 0.93 0.95 0.91 0.97 0.96 0.97 0.97 0.97 0.96 0.96 0.97 0.96 0.98 0.98 0.98 0.97 0.97 0.97 0.98 0.99 0.97 0.99 0.98 0.97 0.98 0.97 0.99 0.96 0.98 0.97 0.97 0.98 0.98 0.98
0.41 0.42 0.47 0.35 0.50 0.43 0.51 0.54 0.57 0.55 0.63 0.62 0.51 0.70 0.66 0.68 0.67 0.66 0.69 0.67 0.66 0.62 0.80 0.80 0.71 0.77 0.76 0.76 0.82 0.75 0.72 0.70 0.90 0.80 0.82 0.75 0.87 0.85 0.85 0.85 0.92 0.83 0.88 0.91 0.89 0.87 0.92 0.89 0.85 0.85 0.94 0.97 0.92 0.92 0.91 0.96 0.91 0.93 0.93 0.86 0.91 0.92 0.95 0.96 0.97 0.92 0.94 0.96 0.98 0.96 0.97 0.97 0.95 0.98 0.96 0.97 0.97 0.96 0.97 0.98 0.96 0.96 0.99 0.97 0.97 0.96 0.99 0.95 0.97 0.99 0.98 0.96 0.98 0.97 0.98 0.98 0.98 0.98 0.97 0.97
0.46 0.48 0.53 0.57 0.48 0.57 0.42 0.54 0.56 0.52 0.46 0.54 0.59 0.55 0.62 0.65 0.69 0.62 0.67 0.61 0.65 0.73 0.72 0.67 0.75 0.80 0.68 0.69 0.80 0.75 0.81 0.78 0.73 0.77 0.83 0.80 0.83 0.89 0.79 0.87 0.87 0.85 0.85 0.88 0.89 0.88 0.86 0.93 0.88 0.95 0.80 0.91 0.87 0.92 0.92 0.95 0.92 0.88 0.95 0.96 0.93 0.91 0.94 0.94 0.97 0.91 0.93 0.97 0.96 0.95 0.97 0.97 0.96 0.97 0.95 0.97 0.97 0.96 0.96 0.95 0.97 0.97 0.97 0.97 0.97 0.98 0.98 0.97 0.97 0.98 0.97 0.98 0.98 0.98 0.97 0.97 0.98 0.98 0.97 0.96
0.51 0.48 0.50 0.54 0.40 0.45 0.57 0.49 0.56 0.50 0.55 0.68 0.60 0.53 0.54 0.62 0.60 0.62 0.68 0.61 0.68 0.71 0.71 0.73 0.64 0.68 0.68 0.75 0.70 0.74 0.75 0.81 0.78 0.73 0.80 0.72 0.76 0.82 0.81 0.82 0.85 0.85 0.81 0.89 0.87 0.84 0.85 0.86 0.91 0.90 0.89 0.90 0.92 0.91 0.91 0.95 0.89 0.93 0.90 0.87 0.94 0.87 0.86 0.93 0.94 0.94 0.94 0.95 0.94 0.97 0.91 0.97 0.97 0.96 0.90 0.97 0.98 0.97 0.97 0.96 0.96 0.96 0.97 0.97 0.98 0.97 0.98 0.98 0.98 0.97 0.98 0.97 0.97 0.98 0.98 0.97 0.97 0.96 0.97 0.97
0.49 0.46 0.41 0.43 0.45 0.55 0.46 0.58 0.55 0.61 0.63 0.60 0.56 0.63 0.67 0.64 0.56 0.65 0.59 0.65 0.57 0.66 0.71 0.62 0.71 0.75 0.76 0.68 0.73 0.79 0.73 0.78 0.76 0.73 0.77 0.74 0.76 0.83 0.76 0.79 0.79 0.81 0.87 0.82 0.81 0.91 0.88 0.88 0.85 0.87 0.88 0.94 0.85 0.94 0.89 0.87 0.87 0.92 0.94 0.95 0.94 0.86 0.95 0.95 0.92 0.96 0.98 0.92 0.97 0.94 0.95 0.97 0.95 0.96 0.96 0.97 0.98 0.94 0.96 0.95 0.97 0.96 0.97 0.98 0.97 0.97 0.98 0.98 0.98 0.98 0.97 0.98 0.97 0.97 0.97 0.98 0.97 0.98 0.95 0.95
0.46 0.50 0.44 0.52 0.46 0.46 0.49 0.53 0.58 0.60 0.55 0.55 0.48 0.61 0.61 0.56 0.62 0.61 0.63 0.69 0.58 0.70 0.71 0.60 0.65 0.69 0.66 0.75 0.67 0.73 0.81 0.75 0.76 0.75 0.77 0.77 0.81 0.75 0.76 0.78 0.81 0.86 0.82 0.81 0.85 0.78 0.86 0.87 0.91 0.86 0.89 0.93 0.88 0.84 0.85 0.89 0.85 0.92 0.91 0.92 0.94 0.88 0.91 0.94 0.96 0.93 0.96 0.96 0.91 0.93 0.93 0.95 0.98 0.94 0.94 0.92 0.98 0.95 0.94 0.96 0.95 0.97 0.97 0.98 0.95 0.95 0.95 0.98 0.98 0.97 0.97 0.97 0.98 0.98 0.96 0.97 0.95 0.97 0.97 0.96
0.39 0.38 0.49 0.50 0.45 0.47 0.50 0.60 0.51 0.50 0.56 0.49 0.52 0.48 0.56 0.57 0.58 0.60 0.59 0.63 0.61 0.62 0.63 0.61 0.71 0.62 0.72 0.63 0.72 0.73 0.74 0.76 0.75 0.76 0.72 0.84 0.73 0.89 0.81 0.85 0.79 0.80 0.89 0.84 0.86 0.85 0.88 0.82 0.89 0.85 0.80 0.88 0.85 0.96 0.87 0.91 0.86 0.90 0.87 0.86 0.88 0.87 0.92 0.90 0.91 0.92 0.91 0.95 0.97 0.93 0.94 0.96 0.91 0.94 0.92 0.97 0.96 0.96 0.96 0.95 0.97 0.98 0.98 0.96 0.97 0.98 0.95 0.97 0.97 0.97 0.97 0.97 0.96 0.96 0.97 0.97 0.95 0.95 0.97 0.96
0.46 0.43 0.42 0.51 0.47 0.43 0.50 0.46 0.49 0.46 0.53 0.52 0.41 0.53 0.59 0.62 0.54 0.52 0.63 0.64 0.66 0.58 0.66 0.69 0.67 0.72 0.67 0.77 0.76 0.72 0.62 0.79 0.70 0.75 0.73 0.76 0.75 0.90 0.81 0.85 0.73 0.80 0.82 0.87 0.85 0.80 0.86 0.86 0.83 0.79 0.89 0.87 0.83 0.85 0.86 0.95 0.87 0.89 0.89 0.92 0.94 0.94 0.90 0.93 0.88 0.93 0.95 0.91 0.95 0.95 0.97 0.98 0.93 0.96 0.94 0.96 0.97 0.95 0.95 0.96 0.96 0.95 0.96 0.95 0.95 0.97 0.95 0.96 0.96 0.97 0.96 0.96 0.97 0.98 0.98 0.95 0.97 0.97 0.97 0.95
0.40 0.42 0.45 0.45 0.39 0.48 0.48 0.47 0.48 0.56 0.46 0.51 0.55 0.52 0.64 0.49 0.59 0.61 0.50 0.57 0.64 0.63 0.69 0.68 0.67 0.69 0.65 0.75 0.70 0.74 0.70 0.78 0.76 0.70 0.75 0.76 0.71 0.73 0.78 0.77 0.83 0.82 0.79 0.81 0.82 0.86 0.87 0.88 0.85 0.92 0.90 0.82 0.87 0.87 0.93 0.86 0.92 0.89 0.89 0.88 0.84 0.88 0.94 0.81 0.86 0.93 0.91 0.98 0.90 0.91 0.95 0.95 0.94 0.95 0.96 0.96 0.94 0.97 0.95 0.94 0.93 0.95 0.97 0.97 0.95 0.97 0.97 0.95 0.96 0.94 0.97 0.97 0.97 0.96 0.96 0.97 0.97 0.95 0.96 0.97
0.36 0.40 0.43 0.51 0.43 0.52 0.41 0.40 0.55 0.47 0.51 0.48 0.49 0.55 0.53 0.54 0.49 0.55 0.58 0.63 0.63 0.56 0.65 0.68 0.59 0.63 0.66 0.69 0.75 0.61 0.66 0.64 0.80 0.71 0.66 0.77 0.75 0.76 0.82 0.75 0.68 0.81 0.79 0.83 0.82 0.79 0.81 0.79 0.80 0.83 0.86 0.82 0.91 0.85 0.87 0.87 0.91 0.86 0.86 0.88 0.92 0.89 0.93 0.87 0.92 0.91 0.90 0.92 0.92 0.93 0.93 0.93 0.96 0.95 0.90 0.97 0.91 0.97 0.95 0.96 0.94 0.96 0.95 0.96 0.95 0.96 0.97 0.96 0.96 0.95 0.97 0.98 0.97 0.97 0.94 0.96 0.97 0.97 0.92 0.96
0.38 0.40 0.41 0.36 0.40 0.45 0.40 0.45 0.47 0.42 0.51 0.45 0.49 0.51 0.59 0.58 0.64 0.53 0.63 0.58 0.54 0.59 0.58 0.66 0.65 0.56 0.71 0.65 0.75 0.68 0.68 0.75 0.70 0.63 0.72 0.78 0.76 0.83 0.87 0.75 0.78 0.81 0.81 0.78 0.82 0.77 0.78 0.84 0.83 0.75 0.86 0.87 0.84 0.83 0.87 0.81 0.85 0.86 0.92 0.91 0.94 0.85 0.92 0.93 0.95 0.85 0.93 0.91 0.90 0.93 0.95 0.92 0.89 0.95 0.92 0.92 0.95 0.94 0.96 0.95 0.95 0.94 0.93 0.97 0.95 0.94 0.94 0.95 0.92 0.97 0.96 0.96 0.97 0.96 0.95 0.94 0.95 0.97 0.93 0.95
0.33 0.34 0.39 0.42 0.44 0.41 0.44 0.47 0.45 0.48 0.49 0.47 0.46 0.47 0.51 0.54 0.43 0.62 0.55 0.47 0.53 0.67 0.60 0.66 0.58 0.62 0.65 0.57 0.66 0.64 0.73 0.69 0.66 0.73 0.71 0.73 0.67 0.80 0.70 0.77 0.81 0.74 0.78 0.82 0.85 0.80 0.85 0.88 0.86 0.76 0.85 0.87 0.76 0.85 0.89 0.88 0.88 0.89 0.91 0.88 0.86 0.89 0.89 0.89 0.91 0.86 0.92 0.91 0.96 0.94 0.92 0.89 0.90 0.92 0.94 0.94 0.95 0.93 0.92 0.90 0.94 0.93 0.94 0.95 0.96 0.94 0.94 0.95 0.94 0.95 0.95 0.89 0.95 0.96 0.96 0.93 0.95 0.96 0.96 0.96
0.37 0.34 0.31 0.44 0.41 0.38 0.37 0.46 0.38 0.45 0.42 0.48 0.45 0.49 0.50 0.48 0.52 0.53 0.53 0.55 0.56 0.58 0.66 0.59 0.56 0.61 0.65 0.67 0.62 0.66 0.65 0.72 0.69 0.66 0.75 0.67 0.75 0.76 0.75 0.71 0.71 0.72 0.81 0.79 0.67 0.78 0.78 0.79 0.82 0.84 0.81 0.86 0.82 0.90 0.83 0.85 0.86 0.86 0.88 0.89 0.87 0.89 0.94 0.89 0.87 0.88 0.92 0.90 0.91 0.93 0.94 0.91 0.93 0.92 0.89 0.92 0.92 0.89 0.92 0.95 0.95 0.92 0.89 0.91 0.94 0.92 0.94 0.92 0.95 0.95 0.93 0.93 0.95 0.95 0.95 0.94 0.95 0.94 0.94 0.94
