453 461 472 462 479 476 475 485 483 492 493 486 486 491 488 489 489 481 484 489 489 486 489 486 492 490 495 498 496 492 493 493 493 495 496 497 497 499 498 494 496 498 491 498 500 498 498 494 494 497 497 498 497 497 490 496 491 502 495 494 494 494 497 497 495 497 494 496 498 498 496 493 498 501 500 498 499 499 499 501 498 496 494 496 498 500 495 497 499 494 501 497 498 499 501 495 500 498 502 497
446 442 462 472 471 476 483 483 474 489 485 480 484 488 486 488 477 490 483 488 498 490 491 496 493 495 495 493 493 487 494 495 492 497 498 498 496 496 504 497 498 495 496 488 489 495 500 496 499 497 495 498 499 494 497 501 500 492 498 497 497 498 499 494 496 502 497 501 500 496 497 500 498 495 494 500 501 501 493 496 501 499 500 498 498 497 495 498 498 497 498 500 497 497 497 499 497 499 501 498
459 466 480 457 480 476 470 471 483 483 484 484 490 480 493 488 489 493 487 484 487 489 483 494 487 489 497 489 495 498 497 494 493 499 495 496 495 496 496 497 496 495 496 496 498 496 501 496 498 495 493 495 495 496 498 497 498 500 492 502 494 493 496 499 499 496 497 498 502 503 500 496 496 498 494 500 496 499 500 500 496 504 497 499 499 496 502 500 496 497 497 498 502 497 494 499 503 494 497 493
461 457 473 476 475 468 473 478 487 482 483 489 486 483 486 490 484 493 486 494 487 482 493 495 488 489 489 501 497 494 496 495 495 495 491 496 496 497 499 495 493 495 496 499 495 497 495 494 498 497 497 494 498 501 498 496 502 496 500 497 498 495 501 496 496 496 499 499 501 500 496 493 495 495 499 501 497 501 501 496 496 499 503 495 502 496 496 496 495 498 499 500 496 496 494 498 493 499 494 497
449 455 451 474 485 478 475 470 487 479 488 487 484 484 480 487 482 491 485 495 488 489 492 495 492 494 494 494 496 497 497 498 498 498 496 490 499 501 503 495 496 496 494 496 501 497 498 494 494 499 492 493 498 500 497 498 497 498 496 495 496 498 500 498 498 499 496 496 498 496 497 498 500 498 498 499 496 499 498 499 498 497 498 499 500 498 494 496 500 498 501 498 497 502 502 501 496 497 493 498
462 453 458 471 478 481 478 486 487 479 487 491 489 489 481 490 488 493 495 485 494 490 490 498 486 496 492 495 493 490 494 497 492 494 495 495 496 497 491 490 494 493 494 493 495 499 497 494 501 497 496 497 494 495 495 497 495 499 499 498 498 494 496 497 500 502 502 498 497 500 496 496 496 497 493 497 496 501 497 496 499 497 495 497 499 502 495 498 496 497 499 495 499 493 499 495 500 500 497 502
455 472 472 463 475 474 476 484 488 487 481 493 477 491 487 492 477 489 482 494 490 492 496 489 493 490 494 495 497 498 496 492 495 497 492 496 496 496 496 493 501 492 492 495 495 499 493 499 501 502 502 499 498 501 501 500 496 499 497 498 500 497 495 502 500 497 495 498 496 497 496 499 493 497 502 501 498 497 499 495 500 499 497 498 496 498 501 502 499 493 502 498 500 496 500 501 499 497 496 498
455 469 455 471 473 465 479 474 491 488 483 483 479 485 494 489 495 481 485 493 489 490 496 495 493 492 495 493 495 496 495 489 495 499 496 494 493 493 498 495 496 495 497 494 502 496 499 497 492 499 495 498 495 493 500 498 496 501 501 497 501 500 497 495 499 497 498 501 496 494 493 501 499 501 499 501 500 500 495 499 496 498 497 499 497 502 498 501 500 499 499 504 499 502 496 497 495 499 499 501
454 465 481 480 484 469 485 490 487 488 481 489 487 474 490 489 487 488 495 494 491 493 492 495 494 494 495 492 490 498 494 496 494 496 491 494 501 495 497 499 504 492 497 495 499 497 495 497 497 496 499 495 499 498 495 497 498 496 499 497 502 494 497 499 500 495 498 498 498 498 497 499 498 499 496 500 496 498 495 496 496 500 497 497 501 500 502 499 497 499 496 500 497 497 498 499 497 497 496 502
449 473 481 479 467 484 476 478 480 486 487 476 488 492 496 480 492 491 492 493 493 493 489 497 482 498 497 499 492 496 498 492 496 494 499 494 495 494 498 498 497 495 491 497 493 499 500 494 496 495 499 496 496 502 497 496 496 499 496 497 495 498 498 500 497 499 500 500 500 499 497 495 500 495 495 498 495 498 499 504 498 499 497 501 502 499 497 497 502 499 496 497 500 494 500 499 497 503 497 497
468 469 469 483 472 474 485 490 476 486 492 488 491 488 489 486 489 485 490 489 492 496 490 492 494 495 495 492 495 496 494 496 492 495 496 492 492 503 501 496 503 498 498 498 496 496 494 494 495 503 495 495 497 498 499 499 499 496 496 499 498 495 496 500 495 498 497 497 497 496 499 498 502 493 500 496 500 497 494 498 496 498 500 499 497 497 495 494 497 496 497 499 501 502 496 497 497 499 497 496
461 446 476 478 475 481 484 481 494 481 486 485 482 489 477 480 488 487 493 495 492 492 496 493 493 495 492 492 494 495 492 495 497 499 497 493 494 499 498 497 496 496 497 490 497 500 498 498 496 501 498 496 499 498 502 500 500 498 500 494 499 498 497 494 498 498 500 498 496 499 498 495 502 496 496 495 493 499 501 501 497 498 497 500 495 497 499 497 499 495 500 497 498 498 499 501 500 494 495 496
442 475 474 483 478 479 482 485 489 479 487 493 472 480 489 490 488 490 493 496 488 491 493 491 495 496 498 494 490 496 491 498 485 495 497 496 494 498 496 494 502 497 494 498 497 494 497 497 499 495 500 496 497 499 500 501 496 501 495 497 496 497 496 499 499 497 494 500 499 500 497 499 497 501 496 499 497 497 501 501 497 496 497 494 499 501 496 497 495 499 494 499 497 499 499 498 496 498 498 500
466 455 468 471 477 485 481 476 479 487 494 485 483 487 491 482 483 490 488 486 488 494 490 495 491 495 489 496 495 491 491 496 491 490 494 495 491 501 494 498 501 495 494 496 492 495 499 496 499 496 498 494 502 496 503 496 496 498 499 496 499 498 498 498 495 498 503 494 499 495 498 499 503 497 500 501 499 498 501 496 500 497 498 496 501 499 495 497 498 501 498 501 499 501 495 497 496 500 495 495
466 470 471 475 478 481 481 479 476 485 478 483 486 484 493 486 483 491 491 490 479 497 489 491 499 488 490 496 494 497 497 493 496 492 496 496 498 493 495 499 494 497 497 494 497 494 498 498 493 495 498 494 498 495 498 502 494 499 497 498 496 497 500 497 498 498 496 496 497 498 500 498 495 500 500 501 500 500 501 498 498 496 498 496 497 495 496 494 504 495 496 501 503 495 499 499 498 495 497 499
450 461 480 477 473 483 472 480 462 492 471 489 468 489 486 489 486 489 495 489 492 490 494 492 485 490 492 493 479 490 496 497 494 486 495 495 493 488 497 498 497 497 498 497 498 501 491 499 495 497 500 493 495 498 496 499 497 496 498 499 499 496 501 496 499 496 498 499 496 499 496 499 497 499 496 500 499 498 494 497 496 498 500 497 497 496 497 500 496 495 497 497 494 500 501 499 499 496 501 498
443 463 456 469 463 473 487 488 475 489 487 491 488 483 483 491 493 488 495 491 494 485 492 492 496 495 500 498 491 500 496 491 496 491 493 498 496 497 499 499 494 499 501 495 493 500 496 497 498 496 495 497 501 495 497 493 494 500 499 498 501 499 500 499 502 497 496 494 497 493 495 501 500 497 497 500 498 501 498 498 498 499 497 499 496 498 500 498 498 499 499 496 498 498 501 500 500 497 495 497
458 456 445 462 476 466 472 478 480 469 463 468 479 487 486 477 485 490 497 494 491 494 492 495 488 492 496 496 495 496 488 495 485 499 495 495 492 499 498 495 498 494 496 497 495 499 491 500 498 499 496 496 497 496 494 498 501 502 498 499 494 500 499 494 495 501 498 497 497 496 495 496 497 500 501 500 501 500 499 497 498 503 492 502 496 500 496 499 499 501 497 498 498 498 497 494 501 497 499 496
451 449 453 463 457 467 486 480 470 477 454 483 473 470 478 493 489 486 480 484 494 489 498 486 489 498 492 498 493 502 501 499 498 495 489 494 493 498 493 491 495 497 493 496 499 495 496 500 493 495 495 498 499 495 499 498 497 499 496 496 498 499 498 498 495 501 496 498 497 499 497 498 502 497 501 496 498 497 502 500 499 501 496 495 501 499 502 500 501 497 496 497 499 502 495 499 497 497 498 495
440 448 474 480 475 457 471 489 475 475 491 464 483 488 474 487 483 483 484 483 491 485 495 488 486 490 493 491 497 489 495 494 497 494 491 493 497 501 498 494 492 496 497 496 496 497 496 494 493 496 498 502 497 500 500 497 498 496 496 499 497 498 493 496 496 500 496 497 498 498 497 501 497 497 502 496 499 498 492 499 502 499 499 498 501 497 501 498 500 499 501 499 502 498 497 497 499 498 499 494
435 435 467 468 482 471 446 482 482 483 483 483 491 481 486 489 492 483 486 491 486 492 495 484 494 486 488 482 485 493 492 494 497 497 498 486 494 497 492 494 495 495 492 495 495 497 495 493 499 500 496 493 495 502 499 497 497 500 497 501 496 499 497 494 495 494 498 496 498 498 497 495 500 496 499 495 497 499 497 500 499 498 499 496 501 496 497 501 497 500 497 496 497 494 495 495 499 496 499 499
456 454 454 470 471 485 476 472 474 480 481 482 477 482 472 488 495 486 482 487 485 491 489 492 486 491 491 493 492 495 495 494 496 497 496 495 496 496 494 493 492 493 501 497 496 498 498 494 496 495 499 496 498 493 492 495 501 494 499 498 498 497 497 500 499 500 497 496 498 501 499 495 495 499 499 498 496 498 499 499 495 496 500 496 501 498 501 498 501 500 496 497 493 498 499 498 495 500 499 500
446 448 465 471 461 472 462 475 472 481 488 488 487 488 479 489 496 488 492 462 480 495 489 488 488 491 485 498 494 495 496 494 498 495 491 497 495 494 492 494 493 495 497 498 494 501 499 497 500 496 496 500 497 499 497 499 497 501 500 499 493 496 494 497 497 502 500 498 501 495 498 502 500 498 496 497 496 502 503 500 498 495 499 498 500 502 499 500 500 498 498 498 502 501 497 500 497 501 500 500
463 437 457 457 478 464 467 470 468 484 476 472 481 487 480 478 488 492 484 485 486 491 495 492 491 489 497 494 493 492 496 495 494 496 492 491 495 495 484 497 493 495 489 497 500 489 492 495 494 496 500 497 500 497 496 497 498 497 496 495 497 498 499 499 498 501 500 498 495 498 501 498 500 500 496 499 500 500 498 497 495 499 495 501 495 500 497 497 499 497 502 499 496 503 496 495 497 500 501 500
427 463 442 461 470 461 465 479 484 474 484 486 455 468 484 495 476 490 483 490 492 477 492 476 490 491 493 498 494 496 490 497 497 494 495 492 496 498 496 491 496 499 495 486 494 497 495 493 493 495 501 501 500 495 499 500 498 502 502 499 498 497 499 497 495 496 497 499 497 496 495 500 501 498 499 501 500 496 498 497 498 494 494 498 499 497 495 499 499 499 498 499 497 498 500 500 497 500 495 499
422 439 489 469 462 483 467 470 466 481 482 482 487 470 480 489 487 494 485 493 482 488 496 486 496 490 494 485 493 491 498 494 497 495 492 497 492 488 497 498 498 498 495 496 497 493 497 495 497 492 496 495 498 496 493 495 498 497 501 495 498 496 498 498 495 497 497 498 496 496 501 501 497 497 496 496 502 501 502 498 499 499 499 499 498 496 498 499 497 499 502 496 499 497 492 496 499 496 494 497
455 450 449 433 463 465 450 457 466 489 481 478 482 466 487 479 468 488 483 488 495 489 493 494 484 492 478 493 491 491 493 493 496 497 493 498 490 497 493 492 493 495 495 494 496 493 496 500 497 500 496 498 499 499 497 498 497 492 499 501 495 497 499 496 497 500 496 497 498 500 495 500 500 494 495 496 499 500 495 496 498 496 495 499 495 498 495 499 497 496 499 500 502 500 494 495 496 500 497 497
442 444 476 459 449 460 459 461 476 473 472 484 472 469 484 474 488 482 484 491 488 486 487 495 491 485 479 491 492 490 478 484 497 492 496 495 489 495 494 498 487 494 499 497 499 501 496 497 496 502 494 500 498 497 498 499 498 498 496 499 496 497 498 501 503 496 498 502 501 498 502 498 496 498 498 497 496 498 499 494 500 495 500 495 496 500 500 500 501 496 498 497 499 497 497 499 498 500 496 499
431 435 450 462 456 452 467 479 463 469 475 478 486 470 483 490 484 487 473 493 486 491 484 490 492 492 489 494 487 487 493 489 496 497 489 499 500 494 497 494 498 495 498 492 497 494 496 499 495 498 496 497 500 494 500 499 493 498 498 500 495 499 499 498 502 501 497 496 496 497 500 496 499 500 500 496 499 498 499 499 496 499 496 502 497 498 496 498 502 500 495 499 500 497 498 500 496 497 500 498
439 455 463 448 446 433 468 470 463 480 485 483 470 482 482 480 480 483 488 490 485 491 495 486 491 470 486 489 488 493 485 490 487 494 491 495 495 498 495 489 495 497 498 496 497 497 497 492 501 497 493 494 499 498 500 496 496 497 499 496 496 497 498 498 502 498 496 497 503 499 502 498 498 495 494 500 497 500 496 502 496 501 500 499 497 502 500 499 495 498 501 498 500 500 495 499 492 497 495 497
458 451 438 447 470 457 460 460 471 468 467 475 474 483 487 496 480 476 490 483 482 485 479 492 488 468 489 491 491 489 492 479 496 489 493 493 494 495 498 491 492 493 500 493 497 495 499 495 497 503 499 498 500 497 499 497 498 496 493 496 494 498 495 499 498 502 495 498 497 500 498 498 498 496 500 501 499 498 499 498 495 500 500 496 501 496 496 496 501 498 492 496 498 498 499 496 500 501 494 498
443 438 447 453 461 477 473 469 490 477 473 479 475 472 483 474 482 471 476 490 489 489 483 485 492 492 494 487 490 492 491 496 491 485 488 495 491 497 495 500 498 490 498 492 496 494 495 501 498 498 499 497 497 495 497 498 499 496 495 494 502 496 496 499 497 497 493 496 500 499 501 496 501 496 497 494 502 494 492 498 497 496 499 499 496 501 495 500 499 498 496 498 494 498 499 495 499 499 498 499
449 447 458 474 471 463 485 460 470 466 468 479 468 472 470 492 471 466 478 481 490 486 483 483 489 483 492 483 494 492 489 489 487 486 490 494 495 495 491 492 493 491 494 493 497 496 494 492 499 492 498 498 497 503 497 493 495 498 498 495 502 491 498 496 497 495 496 496 500 497 497 496 497 501 498 497 500 496 497 495 497 499 499 496 498 499 498 500 498 499 496 498 497 495 496 497 498 496 499 500
443 441 431 450 433 454 479 457 458 464 442 482 483 479 486 471 470 461 478 467 477 490 495 487 480 494 494 498 495 482 494 495 490 488 492 486 495 492 495 497 491 492 492 492 499 495 496 490 496 496 500 499 494 500 495 496 497 496 497 494 501 499 506 496 495 498 497 496 502 499 496 497 497 499 499 498 496 499 499 501 499 500 500 501 495 493 501 496 498 498 497 499 502 498 502 493 503 499 496 496
452 460 443 444 451 458 467 454 476 478 467 456 484 466 475 470 474 471 483 463 485 488 482 465 480 486 490 493 496 487 500 494 484 497 492 486 491 491 494 493 485 497 496 496 496 492 496 500 490 493 498 494 498 497 500 497 498 501 497 495 500 498 498 501 498 501 501 499 502 494 498 496 500 497 497 500 499 502 499 499 496 499 495 497 495 499 498 496 494 497 496 494 496 494 496 501 496 496 502 497
441 428 458 441 458 466 467 461 444 461 459 482 471 483 464 458 464 477 493 484 472 481 485 487 486 494 468 488 492 480 494 487 496 480 496 494 493 491 488 494 500 496 498 493 488 494 499 497 498 492 501 492 498 496 502 495 495 498 496 501 497 499 497 499 497 497 497 499 497 503 498 498 495 497 497 493 500 498 499 497 499 497 494 499 500 498 501 498 498 496 499 497 498 505 495 501 498 496 494 498
434 441 440 432 441 434 436 473 478 479 470 460 462 467 472 469 482 488 484 486 490 468 483 482 488 484 485 500 476 489 490 474 485 489 493 491 495 489 485 489 494 493 497 492 495 493 499 494 493 493 499 500 498 496 498 503 500 500 498 496 494 497 500 497 498 499 498 501 502 500 493 501 499 497 493 500 498 493 497 494 495 500 502 499 499 499 501 503 491 502 496 503 503 497 496 502 494 497 499 497
412 418 447 457 424 458 463 466 482 461 462 478 467 452 478 468 474 465 476 462 462 468 487 476 485 484 474 486 494 490 490 485 476 488 495 481 498 489 489 499 493 490 499 494 493 499 489 493 496 497 491 497 496 491 500 501 499 503 495 491 490 499 499 500 495 494 496 502 499 499 496 500 497 500 499 499 499 498 499 500 495 499 496 500 500 498 494 499 496 497 496 499 497 498 498 498 495 497 499 497
435 425 439 445 436 430 463 461 461 476 435 476 467 468 485 482 495 481 469 462 483 487 483 485 478 492 496 482 485 481 473 485 486 500 490 489 487 486 485 495 486 485 499 499 495 490 503 496 497 492 496 495 497 496 491 499 497 490 496 493 495 497 495 498 496 499 495 499 501 499 497 497 498 494 499 499 496 498 503 497 498 498 496 498 500 499 502 497 500 498 500 496 497 496 502 499 499 501 499 496
454 414 448 470 447 454 448 461 437 457 440 471 484 466 480 459 467 485 470 476 481 442 480 477 483 482 475 486 483 486 485 479 482 485 476 491 495 491 482 481 492 493 498 495 496 491 496 491 495 495 502 501 497 498 498 492 497 498 496 494 497 497 498 495 496 500 497 499 501 498 494 494 497 500 496 500 494 493 498 501 495 501 498 500 498 496 496 498 496 500 496 499 495 497 497 501 496 494 495 498
417 445 448 443 443 449 451 469 458 443 445 447 456 476 464 455 459 474 486 474 489 474 492 469 475 464 472 468 475 480 492 494 487 490 495 492 491 494 494 492 482 496 489 495 499 494 496 496 497 486 490 498 496 497 499 499 500 500 496 496 496 500 496 492 498 496 499 500 501 496 496 495 494 494 499 498 496 499 500 501 499 494 499 499 496 497 495 496 500 497 497 501 501 494 498 499 495 494 495 498
411 429 414 417 424 415 454 434 443 458 464 476 457 461 466 459 478 483 460 449 460 488 477 486 493 462 475 462 491 477 464 480 475 488 489 497 487 484 496 496 491 495 492 495 486 491 496 492 496 500 493 499 492 488 493 500 495 496 499 502 499 498 495 498 495 496 501 496 500 495 498 501 498 497 499 494 496 496 500 502 499 495 495 498 495 499 498 500 492 498 495 496 496 498 495 498 499 496 496 497
402 438 438 452 445 463 453 444 462 456 438 460 470 461 461 472 478 451 461 480 483 477 492 489 483 478 489 491 480 476 487 489 497 479 487 481 479 484 492 483 490 492 494 492 502 492 497 498 497 498 494 491 496 497 496 498 497 496 500 499 500 498 497 497 495 500 497 498 499 497 497 496 499 498 495 503 498 500 498 497 498 499 498 502 500 500 500 499 493 500 495 495 497 500 500 499 502 500 499 500
414 414 430 417 445 460 431 445 445 446 454 445 471 472 477 466 450 465 452 478 475 486 462 483 489 488 487 473 479 489 492 486 488 489 491 488 494 490 498 485 486 493 476 496 495 496 499 496 493 488 494 485 489 497 496 496 500 498 494 499 495 486 492 493 499 501 496 496 494 501 501 499 497 503 497 497 497 500 496 499 497 493 498 496 498 498 496 501 499 498 493 497 495 497 495 497 496 500 494 501
406 435 428 417 452 454 450 429 451 448 447 431 460 456 430 468 477 472 465 482 479 465 451 487 469 477 478 484 480 487 480 494 489 501 490 477 494 477 489 489 491 495 493 494 491 497 499 493 497 497 495 494 501 498 485 501 500 498 501 494 489 498 498 497 500 496 496 499 496 496 500 496 502 502 495 496 498 494 500 497 494 500 500 498 497 499 494 500 499 499 501 494 497 497 499 498 497 496 498 501
406 391 390 404 439 461 438 435 466 430 448 459 473 478 462 452 462 469 484 469 465 477 461 487 496 480 487 473 480 477 495 494 490 476 485 494 494 494 489 484 495 495 496 490 493 491 492 497 500 497 492 495 493 486 493 490 496 501 499 497 497 495 496 493 495 495 495 496 499 496 499 503 495 499 496 501 493 502 501 496 498 498 498 497 497 499 499 499 493 501 498 501 502 499 499 497 498 494 501 496
412 413 437 434 443 459 433 434 444 437 440 449 451 450 448 480 469 467 454 481 461 464 487 472 476 494 487 473 453 495 478 475 475 495 475 490 486 490 491 497 476 491 491 493 489 493 487 492 497 496 497 485 496 491 497 490 492 498 500 496 494 498 494 500 495 494 500 495 497 496 494 499 492 497 493 498 493 498 500 500 497 501 498 494 498 498 499 496 500 499 498 502 496 500 498 500 498 496 496 498
426 405 399 446 424 434 396 452 436 423 472 439 468 435 434 459 456 471 460 442 481 460 497 483 479 473 482 473 469 488 479 492 487 488 473 493 485 487 479 490 488 490 493 489 495 491 493 490 496 497 498 489 491 498 494 497 496 496 495 494 495 497 496 494 493 498 495 498 499 501 500 492 498 501 496 498 496 494 499 495 497 496 497 497 497 500 495 495 501 498 496 497 497 495 497 501 494 499 499 499
398 411 427 405 414 423 441 418 424 442 442 458 462 432 438 437 471 450 491 465 474 483 440 474 475 476 486 487 476 489 492 475 487 497 484 496 491 492 482 496 483 493 495 494 496 487 496 490 489 497 494 494 498 494 498 495 495 496 494 497 500 499 498 498 499 496 498 497 500 498 495 498 495 497 498 499 500 499 499 495 499 497 497 499 498 495 501 502 499 498 503 499 499 497 494 498 495 500 499 497
404 376 374 432 422 437 423 435 408 423 413 440 466 464 460 477 462 420 467 457 483 474 471 478 479 475 453 473 477 476 478 476 480 469 482 473 494 487 477 493 485 487 494 495 488 496 498 496 493 493 496 496 497 498 499 496 493 497 500 503 502 491 491 497 498 498 496 496 498 496 493 499 498 497 498 496 496 495 496 497 495 498 496 496 498 497 501 500 498 495 501 498 499 496 490 498 500 500 498 496
395 379 397 418 401 412 434 461 440 449 431 433 446 469 435 453 475 448 463 457 467 467 455 471 464 471 475 485 470 486 480 487 490 489 455 496 489 481 489 480 475 498 479 491 490 491 498 492 497 494 497 492 496 499 494 487 495 491 497 497 493 492 495 496 496 491 496 501 499 498 498 495 501 495 499 502 498 497 502 495 499 496 496 502 499 497 498 497 496 501 496 498 503 498 498 499 492 497 495 495
412 436 419 388 395 390 448 430 422 445 425 442 474 436 443 454 465 467 464 444 463 462 463 470 475 482 477 468 493 476 479 494 489 489 487 483 482 475 488 480 485 475 492 486 489 488 490 493 485 495 498 492 492 492 482 494 488 493 495 496 496 497 493 497 496 488 496 495 502 498 496 497 499 500 501 499 498 494 495 497 503 499 496 497 498 501 500 496 498 498 496 496 496 499 495 499 493 493 499 498
386 422 383 394 403 434 445 391 434 430 442 463 434 440 452 457 448 427 455 473 427 454 488 483 459 478 488 474 481 470 472 477 473 472 484 487 482 473 492 484 488 482 485 486 492 491 486 482 496 496 495 497 489 497 487 495 494 493 493 496 497 498 498 496 497 496 498 496 498 492 496 495 493 491 504 494 497 502 495 494 500 493 499 501 498 496 495 498 495 494 500 495 499 498 496 498 498 492 499 496
388 413 380 407 421 407 391 450 425 407 432 430 421 436 458 433 443 465 463 450 469 474 473 486 458 470 475 475 484 477 471 472 467 482 477 482 478 484 491 479 473 488 497 476 494 490 493 497 497 495 484 496 494 500 489 501 486 496 495 485 501 487 496 496 495 497 496 497 496 497 500 497 495 498 487 497 499 496 495 499 500 499 500 494 500 498 499 500 498 498 497 499 496 498 500 497 499 497 500 487
397 379 359 425 427 390 404 381 418 404 428 436 418 428 412 453 447 455 453 460 430 470 448 473 473 454 482 469 466 476 476 485 485 474 480 487 494 483 485 484 479 491 488 480 486 475 483 489 488 483 490 488 489 497 494 493 495 493 491 501 498 500 489 498 497 495 494 494 499 498 493 494 489 496 496 498 496 490 501 495 496 496 499 490 496 498 492 492 500 495 501 500 498 499 497 494 491 500 493 498
430 386 373 425 397 407 413 419 427 426 412 436 431 467 425 455 465 452 440 465 473 466 471 476 468 469 473 466 478 454 472 477 478 477 492 484 478 485 490 473 489 495 483 488 487 485 495 491 487 485 495 499 481 493 494 496 492 494 494 495 493 495 491 496 494 496 497 495 488 497 494 501 494 499 489 500 497 498 497 498 494 496 496 496 496 498 493 493 499 497 498 497 497 499 493 494 497 500 500 498
374 350 365 410 373 409 424 411 400 433 432 411 430 414 463 451 465 416 433 468 475 439 442 465 467 440 469 463 474 457 473 464 471 475 474 490 470 482 486 491 488 487 484 484 493 487 491 485 479 495 495 490 495 493 492 497 486 496 499 494 492 496 498 493 490 500 496 496 497 496 495 496 496 500 497 497 496 496 499 496 497 498 498 497 494 495 494 498 501 498 496 500 496 495 492 495 498 499 498 495
367 372 381 398 405 394 376 412 415 409 423 409 419 435 464 437 457 445 447 456 450 475 446 457 448 482 471 465 462 480 449 481 482 475 484 489 474 485 490 480 489 491 479 490 493 483 492 492 488 492 482 493 490 496 499 495 482 497 493 493 494 498 494 499 496 497 494 496 492 490 495 498 494 499 498 497 498 496 498 496 497 502 494 497 498 498 497 502 496 493 495 494 498 500 496 491 497 500 494 497
387 360 357 387 404 366 422 411 411 391 440 425 434 432 440 411 439 452 456 433 454 457 424 446 452 460 463 475 477 465 454 467 469 481 485 459 459 481 473 488 491 487 480 490 484 476 491 490 478 490 495 477 480 487 495 488 497 492 494 485 492 497 497 492 493 499 494 496 500 497 497 498 497 497 499 496 493 494 500 494 500 499 498 497 497 497 499 498 497 497 500 497 501 496 495 495 499 496 495 499
349 370 397 394 414 411 416 416 429 425 421 426 411 400 433 412 430 460 452 432 466 454 438 438 458 461 478 450 457 475 443 484 466 471 464 483 489 491 484 485 486 483 501 488 482 485 484 479 484 489 480 496 497 494 496 491 482 494 487 491 492 497 490 488 497 498 496 499 502 493 495 486 501 500 493 498 503 500 496 498 499 498 497 493 496 497 495 499 493 499 496 496 499 498 495 489 498 499 498 498
365 363 389 361 370 394 377 404 418 424 426 432 436 439 437 414 427 440 465 458 459 461 417 464 479 453 463 452 450 447 440 472 476 467 488 462 484 476 477 476 480 479 488 485 481 480 481 473 482 496 494 474 500 494 496 494 497 480 486 489 492 494 495 477 492 497 496 497 496 493 497 496 497 498 499 492 497 501 496 498 498 498 496 494 500 498 494 496 504 493 494 497 498 501 497 498 496 497 493 501
355 341 375 382 372 377 364 405 430 420 427 381 451 441 436 415 437 432 435 435 457 438 454 457 441 438 487 468 474 493 467 453 464 482 464 465 476 471 492 480 479 463 490 484 489 479 489 495 486 488 492 483 489 481 478 492 485 497 485 497 500 498 498 491 498 493 491 495 496 497 489 494 498 490 497 501 496 498 496 494 500 495 496 500 493 497 496 496 497 495 500 497 496 497 492 499 499 498 489 495
340 353 337 404 360 379 356 374 376 406 393 431 429 398 423 446 401 430 420 441 453 419 426 477 448 454 441 468 443 457 463 472 468 451 459 486 481 480 493 469 491 482 491 483 464 467 486 492 489 492 468 486 489 491 478 490 488 490 486 492 495 496 480 494 501 498 494 495 495 496 499 497 497 495 500 497 494 491 485 498 494 497 494 497 494 496 498 495 499 496 497 499 500 500 497 493 499 493 492 495
297 342 390 385 364 394 361 413 429 391 414 399 433 388 415 443 429 446 418 450 437 451 451 414 449 468 440 431 480 469 450 476 478 464 460 482 489 482 475 472 470 473 489 470 478 490 480 488 487 493 478 492 487 490 491 481 494 502 475 493 482 498 490 480 495 494 497 487 495 496 493 498 496 498 494 492 492 498 497 495 501 500 497 501 496 498 496 497 497 496 498 496 494 497 494 495 497 497 499 498
391 350 324 378 356 400 406 421 365 405 408 423 411 421 427 407 404 420 415 425 431 438 432 462 443 456 464 458 457 482 449 484 488 470 473 482 461 475 474 473 466 464 478 462 481 483 480 497 492 485 485 492 482 482 495 498 498 486 487 493 491 494 495 498 495 496 499 486 487 495 494 500 494 501 484 495 494 495 495 497 489 498 496 497 496 493 498 497 497 502 497 493 494 497 495 496 496 497 496 496
295 347 344 317 372 375 345 387 400 409 388 401 443 404 419 412 467 437 447 414 437 417 443 421 466 447 442 480 424 451 447 443 456 459 477 481 461 468 471 476 477 468 487 480 495 460 491 479 486 493 487 495 488 497 476 490 497 476 493 488 496 488 489 485 495 499 493 491 496 490 496 497 497 492 491 494 501 495 497 497 495 498 495 498 495 497 497 495 497 493 498 494 495 498 493 495 494 495 495 495
338 399 342 365 380 380 348 340 406 356 384 370 408 395 407 405 425 418 423 447 442 459 420 441 469 431 418 440 456 461 455 461 467 464 464 453 479 460 482 473 488 472 492 478 485 483 491 489 495 487 486 498 489 484 494 483 497 497 497 493 494 488 497 492 496 498 495 501 488 493 495 495 492 495 501 495 493 495 494 496 495 498 493 497 494 494 496 496 496 494 500 497 496 496 497 498 495 495 497 493
321 276 310 320 357 327 333 360 388 419 378 403 368 394 417 400 417 383 427 448 423 407 416 438 426 465 429 454 432 437 445 454 456 470 456 474 465 471 466 457 481 491 460 484 477 481 486 478 472 493 497 484 484 482 498 483 498 490 488 487 485 492 489 500 496 497 488 494 490 493 492 493 498 497 496 496 486 497 496 493 497 497 494 501 497 494 497 495 498 497 498 497 496 497 495 497 496 497 495 496
344 300 357 337 334 365 350 395 327 349 399 410 410 375 420 395 421 402 384 406 445 446 430 453 414 424 452 444 455 457 437 435 460 460 480 473 461 467 453 476 471 462 475 486 491 475 485 475 485 460 474 493 491 486 480 491 494 483 491 485 490 493 496 490 492 497 498 493 495 495 496 495 492 491 502 499 497 494 495 496 497 492 499 497 497 500 496 498 498 492 493 495 497 498 497 497 492 491 497 498
338 375 299 382 335 353 332 379 352 373 353 429 400 374 352 417 389 402 417 392 417 433 438 436 423 427 432 461 468 456 438 446 463 443 444 449 458 433 473 463 478 480 456 482 467 470 484 474 487 490 486 473 478 481 481 482 486 494 481 490 495 483 490 495 494 491 497 485 496 495 490 478 494 495 497 488 489 491 495 499 501 495 494 502 502 497 495 496 496 497 497 493 500 499 497 495 497 498 490 495
318 367 279 337 307 332 378 332 365 375 359 374 336 404 401 369 436 375 440 400 422 447 456 441 418 408 442 462 436 450 435 484 425 471 457 463 481 434 464 474 480 472 468 487 466 494 494 467 483 478 489 493 489 490 499 485 481 491 490 486 494 488 485 496 499 490 492 489 489 486 490 497 499 498 494 499 493 491 495 495 495 496 490 501 498 498 496 499 493 496 492 494 497 495 496 499 497 491 495 495
286 354 315 286 368 338 338 346 368 380 343 423 381 368 388 401 374 370 420 368 417 404 414 438 439 451 461 452 429 432 461 451 443 455 462 445 446 452 449 473 469 454 468 467 471 482 478 495 486 472 481 493 467 478 477 477 491 487 495 475 488 488 495 491 496 495 484 496 495 477 496 497 490 499 495 497 486 492 494 494 495 493 495 497 495 498 494 494 498 498 496 502 493 496 492 497 493 498 497 495
315 349 318 323 334 333 360 311 378 347 398 400 406 412 369 409 348 402 425 403 415 392 392 434 409 431 418 419 463 449 456 449 457 437 436 465 422 455 467 467 445 475 483 447 469 478 451 469 471 492 495 476 479 495 486 484 479 477 482 487 489 490 483 496 496 492 489 493 490 489 487 494 496 499 491 495 496 496 493 502 498 495 493 495 493 500 493 490 498 497 499 497 497 493 501 499 496 496 499 497
293 244 345 309 293 348 382 362 362 338 377 382 386 369 428 424 402 349 404 325 434 407 427 383 423 415 444 423 424 444 447 465 458 458 458 461 460 444 469 467 448 467 462 450 463 477 475 480 477 480 470 470 475 482 474 477 482 490 491 491 481 491 492 490 495 492 499 498 487 493 488 489 485 496 497 495 491 492 498 494 495 495 496 497 498 497 493 489 500 494 497 496 498 502 495 494 494 497 496 498
300 300 283 312 290 363 376 349 328 306 343 370 367 362 397 417 399 377 378 387 429 406 438 406 409 415 444 450 426 440 421 457 410 441 452 459 421 464 467 474 442 465 469 465 484 489 473 485 468 464 487 480 493 479 486 478 488 456 490 479 496 481 491 492 487 489 487 494 489 496 487 494 497 493 490 495 496 498 500 494 496 499 493 496 496 496 499 498 500 494 498 496 493 495 491 495 494 495 492 496
320 247 309 315 306 330 376 380 343 356 368 354 379 381 354 363 364 353 384 378 416 399 432 373 453 420 441 444 439 413 442 457 446 442 437 456 449 461 450 448 449 476 452 470 452 469 486 472 475 454 449 483 485 496 483 482 475 472 481 477 474 479 482 493 491 486 493 494 487 489 495 487 494 496 497 494 490 494 487 492 496 498 485 487 495 492 496 496 497 498 493 493 496 496 494 498 496 491 492 496
299 320 337 338 332 327 304 323 333 364 358 328 354 370 371 353 400 388 426 404 389 399 414 390 452 394 443 468 386 411 428 443 463 435 464 423 442 427 459 469 474 463 472 455 466 466 463 479 476 487 475 471 459 477 492 488 480 465 477 457 484 486 481 472 488 475 484 485 495 495 487 497 485 490 492 492 491 493 491 487 496 497 490 497 499 495 498 494 499 496 502 493 497 493 493 495 499 497 496 496
308 326 270 322 316 323 369 316 345 359 325 394 374 332 362 354 396 359 386 385 411 393 395 393 433 449 401 384 433 392 432 451 451 454 451 430 448 439 445 447 458 449 462 468 467 484 492 462 460 489 484 489 487 462 474 466 463 479 459 486 487 473 490 482 488 495 492 491 496 480 487 481 486 490 492 485 488 492 497 498 492 489 490 496 498 493 493 497 495 492 493 492 494 494 495 499 501 495 490 492
243 308 332 280 287 311 307 363 303 307 323 353 311 380 365 362 343 358 386 338 390 373 409 389 388 433 418 428 452 440 410 428 456 454 421 422 396 449 443 440 461 465 454 460 483 460 487 474 462 468 456 458 464 488 473 468 481 488 474 479 482 485 483 487 484 481 482 494 471 493 498 483 486 484 499 494 496 498 499 493 495 495 498 493 488 494 495 495 496 499 494 498 495 485 495 492 486 496 491 491
253 255 269 301 291 305 321 325 362 326 337 355 340 331 374 397 356 387 358 346 429 404 393 411 375 394 412 418 428 429 406 446 430 440 430 413 461 430 414 416 455 465 446 468 475 448 466 473 465 477 472 446 479 482 464 479 487 463 493 468 477 487 491 492 475 487 482 486 495 489 490 493 489 486 490 495 496 498 497 491 491 486 494 489 491 497 489 493 499 495 494 491 493 497 495 493 498 490 493 499
293 283 315 279 297 320 295 305 345 321 299 372 370 347 342 370 354 355 350 342 361 393 394 366 394 406 427 377 402 422 448 427 457 427 416 455 452 428 449 433 432 456 463 454 438 441 470 477 472 485 487 463 475 477 484 470 491 466 476 465 485 480 481 496 486 487 490 489 495 491 489 492 489 487 490 494 495 493 489 497 498 494 495 501 493 491 492 497 494 491 497 497 493 494 496 494 494 495 497 491
221 301 257 307 324 267 323 330 336 350 330 304 361 335 346 371 380 395 311 376 366 352 396 377 403 373 425 422 425 412 394 457 443 447 408 426 441 422 474 426 472 434 454 458 458 451 436 470 443 466 483 461 467 492 473 468 470 476 487 470 490 481 476 484 488 489 489 494 486 482 491 487 494 476 484 492 484 480 493 495 489 493 484 494 487 491 496 493 494 489 492 495 494 495 496 495 494 498 495 494
273 309 254 281 310 297 282 282 306 326 288 360 323 329 345 362 366 372 337 370 347 380 366 402 405 405 366 392 407 449 437 408 412 414 423 441 456 423 464 437 444 457 449 434 444 458 478 473 456 484 453 458 471 475 477 481 487 488 485 473 475 483 465 487 486 484 490 486 491 475 479 492 493 497 491 491 489 499 489 492 496 493 486 495 496 493 490 496 497 499 489 495 498 483 495 496 491 492 496 498
253 246 263 298 284 256 289 304 283 302 295 318 333 310 361 349 326 344 359 393 374 391 377 381 360 362 357 396 422 415 401 404 400 442 423 431 433 441 445 448 439 430 435 451 418 466 462 445 466 463 472 474 484 479 478 482 479 497 487 479 481 458 482 470 476 480 496 492 474 475 492 488 490 474 496 494 496 493 488 477 484 492 495 495 489 490 500 492 490 493 499 496 488 496 495 491 496 494 500 489
244 246 269 298 320 306 259 291 268 300 333 335 270 331 333 327 370 310 344 376 328 362 404 404 392 382 399 356 377 388 400 396 386 420 397 449 392 440 397 421 454 445 446 436 448 447 431 465 453 463 461 471 486 471 461 478 445 481 458 460 477 460 483 462 493 484 488 478 492 489 493 479 489 482 473 491 494 484 496 493 479 492 490 494 495 491 492 493 497 491 496 490 498 495 493 492 490 498 494 498
267 230 273 260 287 284 280 307 315 283 295 301 349 296 341 300 332 316 380 331 339 381 387 346 410 379 390 402 370 421 399 428 432 393 402 402 415 431 416 439 446 436 448 456 472 439 439 470 459 462 469 461 448 470 474 483 473 469 474 480 458 470 485 486 491 483 488 495 492 476 489 490 495 491 487 493 490 492 494 494 490 489 493 497 498 492 492 495 492 488 494 495 491 496 494 496 496 484 488 490
212 258 240 289 245 267 245 271 281 262 295 273 318 282 374 321 308 342 335 338 346 365 361 398 359 416 384 383 388 382 388 432 441 395 425 426 425 435 437 444 414 432 440 443 457 432 466 447 467 477 479 465 474 442 477 478 463 475 450 466 453 490 473 469 488 483 479 458 488 485 490 472 490 484 483 487 490 471 493 495 492 494 489 493 490 491 492 490 498 491 497 490 497 499 482 492 495 499 491 493
224 279 214 213 278 290 254 265 283 290 287 259 315 334 308 228 345 302 342 350 360 330 391 367 353 357 384 373 417 375 347 451 348 407 408 372 425 426 379 447 445 432 456 472 443 429 474 478 474 471 450 464 476 476 454 470 465 461 476 445 480 460 479 486 482 478 472 485 460 490 485 488 493 490 491 488 490 483 495 494 493 488 490 488 494 497 490 493 493 488 493 489 499 486 492 490 492 493 496 497
200 210 237 175 244 214 252 270 285 275 316 311 252 356 331 342 341 334 351 343 332 315 409 408 356 394 386 379 416 388 363 351 459 407 419 382 444 431 430 432 468 425 449 460 450 445 467 448 431 432 473 488 468 470 456 488 464 475 471 438 464 469 478 484 489 471 471 485 495 488 489 489 484 496 483 490 490 488 488 488 488 487 495 491 489 486 499 482 492 497 492 491 499 493 494 495 494 497 491 490
223 237 258 282 235 281 210 271 279 260 229 270 296 278 310 328 345 316 340 310 332 370 362 341 376 410 347 352 407 376 413 398 369 390 418 410 424 457 400 442 444 437 430 446 458 444 437 475 447 478 407 458 446 467 467 485 463 449 477 485 467 461 475 476 489 460 480 492 486 480 491 494 482 488 481 490 490 488 490 473 491 490 488 487 491 492 497 496 495 490 494 496 493 495 492 490 496 489 487 489
249 239 247 268 198 228 281 244 282 250 280 345 299 267 275 314 303 314 346 312 343 357 361 373 325 349 347 380 356 379 381 411 398 375 407 370 388 414 414 416 434 429 408 455 440 428 434 435 460 454 449 455 470 461 465 478 453 470 457 445 478 448 438 475 478 478 478 483 475 495 465 494 494 487 462 491 492 496 489 485 488 488 488 492 496 493 494 491 492 491 493 492 494 496 495 496 489 487 493 493
242 224 200 212 223 278 230 288 276 303 315 306 282 315 337 323 286 326 298 331 290 338 359 315 365 385 386 350 375 403 370 394 384 373 399 381 389 423 387 409 403 415 443 419 415 468 449 446 437 443 452 481 430 475 450 439 446 469 474 486 480 441 482 483 472 491 494 473 490 478 479 489 478 489 486 488 494 473 487 481 492 492 498 492 493 496 496 492 492 492 490 498 494 493 492 497 494 495 484 481
225 247 216 255 226 231 244 265 295 300 282 277 247 311 310 285 314 306 321 352 297 357 362 304 333 351 338 385 342 373 417 385 389 386 394 397 417 381 389 400 416 436 422 421 436 400 442 444 466 442 454 472 448 427 438 453 438 469 465 469 476 449 464 476 484 479 487 487 460 477 469 481 494 478 482 470 494 485 478 487 480 491 490 493 479 485 487 498 498 491 489 494 493 490 490 491 481 493 494 491
192 190 245 251 225 237 247 302 257 252 280 247 266 242 286 285 293 306 302 322 314 320 321 313 361 317 366 326 374 376 377 396 385 385 368 429 380 454 416 432 411 410 455 430 436 435 449 423 451 438 409 453 434 488 447 463 442 462 448 440 448 443 467 454 465 464 465 485 486 474 479 488 463 478 471 490 490 482 491 481 497 495 498 489 494 492 486 497 494 496 493 490 488 487 491 493 489 484 493 491
225 209 205 254 236 211 249 228 251 230 266 263 209 268 304 313 274 269 320 327 333 301 337 356 342 371 343 395 386 371 322 405 363 384 375 390 385 461 418 435 376 416 417 444 433 414 440 443 429 407 458 447 421 437 441 474 450 456 455 471 478 480 459 474 449 474 482 469 482 486 493 500 471 491 476 491 494 486 484 489 487 486 490 487 486 491 488 492 488 491 489 489 493 495 495 485 491 494 493 485
195 210 223 219 194 239 245 237 241 286 237 258 277 271 324 251 301 315 255 295 329 326 357 348 345 353 337 385 362 384 362 402 390 364 384 395 372 376 406 394 430 422 406 414 419 446 446 450 438 473 458 423 449 452 475 442 469 458 458 452 434 451 481 425 446 474 468 495 463 467 485 483 477 485 490 489 482 491 490 482 474 480 494 492 489 491 494 487 487 482 491 496 496 485 488 495 494 487 491 492
180 197 214 257 214 259 205 202 281 239 263 248 253 280 273 279 255 279 297 327 324 291 336 348 302 326 342 355 387 316 341 335 416 361 343 404 387 396 420 387 353 420 407 427 426 408 420 406 415 432 449 420 468 441 448 442 465 442 443 451 473 457 478 452 469 467 465 468 469 477 477 475 487 489 462 493 464 495 486 489 484 492 484 489 483 489 494 490 494 481 488 492 494 493 480 486 492 497 467 490
194 203 208 179 202 232 201 229 239 214 260 233 246 259 302 296 330 271 325 299 277 306 299 344 338 293 366 344 391 356 354 388 362 330 372 402 398 426 448 391 408 414 416 407 421 399 402 435 432 389 444 447 437 432 452 423 434 446 479 465 480 437 475 475 485 442 476 464 472 477 484 473 458 482 475 475 487 481 492 486 489 481 476 492 485 483 481 488 477 493 491 493 495 491 488 485 485 494 480 486
164 173 195 212 218 206 224 239 231 242 253 244 235 241 263 277 225 314 283 247 275 345 316 346 303 323 337 298 340 335 378 357 344 382 372 384 347 414 366 400 422 386 407 426 444 414 440 458 443 398 439 449 395 443 458 451 459 463 463 464 447 462 463 459 471 440 474 473 491 483 470 464 460 475 485 483 489 476 475 463 482 478 485 489 495 489 483 485 484 490 496 463 489 492 493 480 487 497 489 494
184 170 156 220 208 191 186 235 198 228 211 246 232 253 257 250 266 274 272 283 292 299 343 308 292 321 334 352 325 343 342 378 362 343 389 357 389 394 393 372 371 384 422 414 357 408 410 412 431 439 420 445 427 468 432 441 450 448 458 469 451 466 486 463 454 457 481 469 476 482 486 469 480 480 470 481 477 459 477 489 488 477 467 467 486 476 485 480 487 492 484 483 493 490 489 487 489 491 486 481
