362 369 360 359 360 360 357 351 349 352 345 350 341 341 342 343 344 333 335 335 333 334 328 324 326 326 323 321 321 316 314 311 313 311 305 311 306 300 300 302 295 293 296 291 291 288 280 289 282 276 279 276 271 277 264 268 266 261 260 260 260 253 248 248 245 248 244 243 238 234 231 231 232 233 224 227 223 216 218 210 209 209 210 211 205 196 199 203 198 192 193 184 187 178 182 183 176 175 171 171
363 365 358 363 361 357 352 352 351 353 347 349 345 343 342 339 342 334 334 338 334 334 333 328 324 324 320 316 319 320 317 315 310 311 306 306 307 310 299 303 300 296 290 292 285 287 281 284 280 278 279 280 277 275 270 260 268 262 265 258 263 252 244 248 245 251 245 241 240 237 238 232 228 226 224 227 228 221 216 214 210 210 203 205 200 204 201 198 197 194 188 182 191 179 182 178 171 172 174 170
363 364 360 356 362 358 353 357 348 356 346 349 344 350 341 339 337 336 336 334 334 332 332 328 326 324 322 318 319 320 312 313 309 309 307 303 305 301 296 301 300 292 290 291 287 287 291 282 282 284 277 275 271 271 271 266 271 266 258 261 254 258 255 254 252 247 238 246 245 237 233 226 232 228 224 217 221 224 216 215 208 212 207 206 203 204 199 194 191 195 180 189 188 179 181 179 169 174 177 169
369 365 360 365 360 356 357 355 352 348 350 347 345 347 344 341 337 339 337 332 334 327 330 323 325 317 324 319 316 316 315 313 308 308 308 306 306 302 303 299 299 295 300 288 292 291 286 286 281 282 279 275 280 269 271 267 269 264 261 254 256 256 250 254 249 248 244 239 238 237 228 237 226 228 227 221 217 217 215 219 215 211 205 208 211 203 201 200 193 199 191 183 190 180 177 175 175 177 165 166
365 359 365 362 362 357 360 352 354 347 348 350 348 348 341 341 339 337 334 333 333 332 328 326 320 327 324 321 322 317 313 319 313 311 309 305 306 304 302 303 295 298 291 284 286 287 288 286 280 278 279 274 282 269 271 267 262 260 263 261 260 253 253 252 246 243 238 242 242 242 233 236 230 229 225 225 226 220 217 214 214 210 213 207 206 206 200 198 190 197 193 190 177 178 176 175 177 173 169 164
369 360 365 362 358 354 352 354 351 351 352 353 346 342 337 337 336 335 336 337 335 332 332 330 325 326 323 324 317 310 316 314 312 310 304 307 304 307 302 300 290 294 290 291 288 280 289 280 280 284 281 275 272 270 272 262 262 263 260 260 257 254 259 254 246 249 241 243 245 236 238 232 229 226 229 221 223 218 217 211 211 217 208 207 205 199 198 203 192 191 190 183 188 178 181 174 168 174 164 161
363 356 359 361 357 353 357 348 354 351 347 342 342 339 341 339 341 339 338 336 336 331 326 325 326 329 321 322 322 314 316 313 319 306 308 303 302 302 304 302 295 301 294 290 293 285 288 283 280 279 279 279 273 272 269 265 263 261 256 254 257 256 252 249 247 243 246 244 236 241 238 233 230 230 228 220 227 214 215 205 210 213 202 200 207 205 202 200 189 190 190 192 182 183 185 176 176 176 176 169
365 362 361 360 345 357 354 355 355 349 350 349 348 345 346 340 337 336 336 335 330 332 328 321 326 324 322 320 317 318 315 320 308 309 309 309 305 301 298 296 298 297 296 293 287 287 288 281 283 278 280 276 277 272 267 263 264 262 267 257 251 259 254 249 248 243 245 243 241 236 240 236 235 229 226 222 231 217 217 209 217 204 209 209 201 202 195 196 190 199 185 182 184 179 180 177 179 176 172 161
366 363 358 354 355 357 356 355 351 353 349 347 344 341 339 342 338 340 337 337 335 331 329 327 334 331 315 322 321 321 312 316 313 309 304 304 302 298 301 301 296 295 290 288 290 290 287 282 283 281 280 274 273 274 267 268 265 265 260 258 257 251 257 250 249 247 241 238 239 240 238 237 233 226 225 224 224 218 216 215 211 212 211 209 195 199 198 194 193 195 187 189 182 188 178 166 176 174 177 165
364 361 361 358 358 348 359 350 354 353 349 344 343 346 343 347 338 339 332 332 330 331 327 334 328 325 322 324 321 312 317 313 311 310 309 308 310 303 297 300 294 296 296 290 286 290 287 280 284 283 274 275 277 269 272 269 264 265 259 257 253 255 253 250 248 245 244 245 238 239 235 232 235 228 225 223 225 221 215 207 215 212 211 207 210 203 197 196 190 196 189 185 181 183 178 168 175 170 168 160
367 370 364 358 355 359 353 354 349 351 351 348 342 347 342 342 342 337 336 338 334 328 333 332 320 325 320 319 314 312 316 310 307 303 308 307 306 300 298 299 297 297 288 292 291 282 284 280 274 282 282 273 271 273 277 266 265 262 267 260 255 258 256 253 249 245 242 244 238 241 235 230 235 234 225 219 224 215 221 219 212 207 208 207 203 199 202 191 197 191 189 190 188 182 182 180 173 168 173 170
364 363 357 358 358 358 351 352 349 349 349 346 346 341 335 342 340 334 334 334 336 331 324 323 331 322 324 317 321 315 313 313 310 308 310 306 306 299 303 297 297 299 288 288 294 289 291 280 282 279 276 276 273 273 271 269 263 264 266 264 254 254 255 250 250 245 241 246 242 242 234 229 228 226 227 227 225 217 218 217 207 212 209 203 203 203 201 191 194 190 191 183 187 178 176 175 166 180 164 161
359 361 366 362 355 357 354 357 353 349 347 347 345 351 347 341 339 335 338 334 333 331 330 325 325 324 322 321 316 311 312 311 315 308 309 307 307 303 300 300 298 297 295 284 284 282 287 286 282 282 273 277 273 274 270 267 264 267 264 260 258 256 254 252 249 245 245 242 240 238 234 235 227 228 228 229 223 221 213 215 203 204 206 202 201 199 191 195 200 187 191 184 180 180 178 185 169 170 173 169
369 367 362 356 359 355 356 352 352 345 348 345 345 348 342 336 338 339 337 341 331 333 331 325 329 324 321 322 320 318 316 315 314 311 307 307 306 303 298 298 301 288 293 291 292 288 281 281 282 281 274 277 275 276 272 270 267 264 258 259 252 256 252 249 247 245 250 237 239 233 238 239 232 228 224 225 219 217 217 208 213 211 202 203 202 206 199 198 192 192 190 186 182 181 176 179 177 164 171 165
369 364 366 359 362 362 357 353 348 349 349 348 344 343 344 342 337 342 335 332 330 335 324 330 326 325 322 315 317 314 315 314 314 311 309 307 301 300 300 302 293 294 295 294 292 289 285 282 287 280 283 277 273 272 270 266 264 264 262 258 261 253 251 251 245 245 242 246 237 235 236 234 228 232 230 217 224 221 211 212 207 211 207 208 208 201 197 197 196 196 190 191 182 184 177 173 173 170 166 167
363 363 361 361 358 359 352 353 351 351 353 342 349 344 340 338 341 335 330 333 332 333 330 324 322 324 323 320 318 317 318 315 312 310 303 307 302 298 303 301 293 299 296 293 294 288 283 291 275 280 279 273 275 275 268 267 265 261 266 256 262 257 254 249 246 240 243 243 237 232 231 235 233 234 225 221 220 217 219 217 217 208 206 205 206 200 196 192 193 188 192 190 186 189 181 178 178 174 172 165
366 363 360 356 359 356 353 354 352 351 345 351 342 343 345 342 342 336 338 334 330 329 332 326 324 322 323 324 317 314 315 310 316 309 308 304 303 305 305 295 295 294 297 291 291 285 285 284 274 278 278 274 278 274 263 265 266 262 257 251 262 262 250 250 251 252 239 239 235 241 232 229 234 225 223 222 224 225 216 215 215 208 210 206 201 197 199 196 194 185 196 189 180 180 181 175 179 170 171 171
365 368 360 362 358 357 354 356 353 351 348 344 347 339 341 339 335 337 336 335 335 328 327 327 324 320 324 323 321 317 315 316 312 307 308 306 308 299 295 298 294 300 294 290 294 286 289 281 283 283 278 277 278 271 266 263 265 265 257 256 250 249 253 254 247 247 248 244 241 236 234 231 224 225 230 225 225 216 221 212 217 206 204 204 202 201 201 196 196 190 189 185 186 182 179 174 176 174 168 166
366 362 360 360 361 352 355 351 354 348 346 348 350 343 346 339 336 340 335 332 336 336 325 325 326 324 319 324 317 319 318 315 316 311 307 305 304 303 300 298 298 293 288 289 286 291 290 286 285 281 273 273 275 269 269 262 270 262 260 262 258 256 256 250 251 246 243 241 242 236 240 235 233 231 225 227 222 217 221 213 212 210 205 207 202 201 195 198 190 192 193 189 185 185 169 177 168 165 166 164
365 366 365 358 360 358 357 357 348 352 353 352 345 346 342 341 340 336 331 338 332 325 333 327 324 325 324 319 318 317 314 311 310 309 306 304 307 310 301 304 295 298 295 291 286 282 286 278 279 280 280 280 273 268 270 267 265 268 261 256 255 250 250 256 250 250 249 238 235 237 234 228 235 230 229 230 219 215 222 214 211 210 208 208 204 201 192 199 190 189 187 188 176 185 180 177 173 174 165 169
367 365 358 366 361 361 355 351 349 352 348 344 350 341 343 345 348 340 336 332 334 334 332 328 326 326 322 317 328 314 315 314 311 309 307 304 307 299 306 299 298 291 291 292 285 287 283 281 286 276 279 275 273 268 268 267 270 268 263 262 253 253 257 252 245 241 243 246 235 238 235 238 230 231 228 231 218 221 218 214 215 210 209 209 201 205 197 197 196 192 192 191 181 182 183 176 178 176 173 167
365 366 361 364 359 356 355 356 352 346 350 346 346 344 341 347 345 332 338 332 333 327 328 328 328 319 319 322 320 319 318 315 311 307 302 304 301 301 305 298 299 291 289 290 289 286 288 287 276 276 277 273 273 269 272 266 266 261 261 256 259 256 252 254 249 246 249 245 233 235 238 234 232 230 230 217 218 216 221 215 214 212 208 206 200 210 200 194 197 190 187 182 187 181 183 183 174 174 171 171
361 362 362 361 358 356 353 350 357 348 353 347 347 343 343 339 346 340 338 335 330 332 323 322 330 325 320 321 320 314 316 313 311 314 309 313 308 306 304 299 299 298 294 292 291 288 285 283 283 276 276 274 273 269 274 266 264 267 264 256 259 253 253 256 248 247 241 243 239 240 240 234 237 226 223 232 223 211 219 215 216 213 208 204 209 199 198 193 191 185 187 189 186 185 180 178 175 172 169 166
366 362 363 358 357 359 358 352 352 347 349 345 344 341 342 343 338 336 340 337 331 330 328 326 328 323 325 319 316 318 313 310 313 309 307 307 308 301 299 298 294 297 286 294 293 285 286 282 283 274 281 273 271 272 270 261 265 268 259 256 259 252 253 255 248 244 241 246 237 238 234 230 230 229 225 222 222 223 221 219 212 216 210 207 200 197 201 200 195 197 191 187 183 184 185 173 174 174 170 171
363 363 366 358 359 357 355 357 348 351 346 348 347 341 343 338 342 341 336 333 328 332 323 329 323 320 326 319 318 317 317 314 310 316 307 306 302 294 300 299 296 295 288 289 292 286 287 292 281 281 280 279 272 273 270 263 264 266 257 261 258 254 246 251 244 242 244 241 238 242 237 231 233 229 229 223 227 219 218 219 209 210 206 205 199 199 196 193 194 193 189 186 180 184 180 175 167 174 166 169
365 365 365 360 359 350 351 350 353 352 353 348 343 346 343 340 340 338 332 333 331 334 329 321 322 325 322 320 316 313 317 318 314 309 310 308 302 302 295 300 292 291 297 291 294 291 280 278 283 281 273 281 273 272 268 260 262 266 263 252 256 255 254 253 254 246 244 240 238 236 228 228 233 226 223 225 223 224 214 216 221 211 206 211 199 203 198 197 199 191 185 186 185 182 180 183 176 169 176 168
362 365 360 361 351 353 357 355 353 343 353 347 348 345 344 342 339 337 335 336 329 330 329 332 322 321 326 319 318 310 313 313 310 309 306 304 307 302 300 301 299 292 295 294 291 290 286 283 279 279 277 274 273 271 267 273 264 258 265 260 256 255 254 255 243 248 240 243 241 238 236 231 228 229 228 229 216 219 213 212 212 207 204 202 206 201 197 199 191 194 187 184 176 181 180 172 175 175 171 169
367 361 363 359 358 357 359 353 351 349 346 346 352 340 342 339 336 333 337 337 331 335 325 324 325 324 326 325 317 315 311 312 309 312 307 301 307 298 300 301 299 297 294 292 292 284 284 282 282 273 280 274 274 271 268 264 264 261 264 255 258 256 254 254 251 250 243 236 237 239 237 234 232 227 223 224 217 218 217 222 213 209 204 203 204 201 198 199 197 194 192 190 184 181 176 175 175 171 173 168
363 362 363 357 363 356 359 355 353 353 345 348 345 346 341 341 341 338 334 337 335 335 328 330 327 321 324 315 316 316 317 318 306 313 311 304 303 299 301 298 299 294 295 294 289 291 286 287 280 276 278 276 274 275 265 267 264 261 259 262 259 252 254 252 247 245 247 242 239 236 236 237 231 229 227 221 221 224 217 215 217 213 205 205 207 206 200 195 189 191 190 188 183 179 179 178 171 165 168 161
371 362 359 352 360 358 354 352 356 351 348 347 341 343 345 340 340 339 332 337 336 330 331 324 324 322 324 321 318 312 314 317 311 308 309 309 303 300 300 305 297 296 290 289 287 281 286 279 283 275 274 278 272 270 275 266 265 266 260 255 259 259 253 249 249 250 243 246 243 233 237 234 233 228 219 229 220 214 221 218 217 214 208 209 200 203 196 198 197 192 188 184 185 177 184 185 170 169 169 166
363 361 357 359 360 348 358 353 356 355 351 350 343 342 342 340 342 339 338 331 334 330 330 326 326 324 324 317 321 316 313 318 312 307 302 303 301 298 301 297 299 295 291 291 288 286 285 284 279 278 276 281 269 270 269 265 263 263 266 255 257 250 253 247 251 241 243 239 237 240 232 228 230 227 232 227 220 217 222 212 213 211 206 203 203 198 198 190 197 188 192 192 186 186 178 176 181 175 174 170
364 364 362 357 355 354 357 353 346 350 348 350 343 343 344 342 340 337 336 338 332 327 330 326 322 320 322 323 317 324 313 311 309 308 315 303 304 300 301 301 300 293 292 285 290 286 281 283 276 275 272 276 276 268 270 266 267 261 260 255 255 262 257 249 242 243 247 244 232 235 241 233 225 223 228 224 221 222 214 213 210 209 202 205 204 201 196 202 190 189 195 188 179 189 181 177 173 167 167 165
364 361 358 359 357 359 359 352 351 352 348 348 345 342 346 340 338 338 336 331 335 337 326 320 321 326 324 317 320 315 316 311 314 314 310 304 308 302 303 293 298 296 287 293 288 289 283 285 283 281 277 273 276 278 268 264 267 261 261 257 255 256 259 249 247 253 242 244 242 236 241 234 229 228 221 220 220 228 214 220 214 209 209 209 205 198 201 200 190 194 188 188 178 184 175 173 173 169 173 163
366 362 362 357 357 356 355 354 357 354 352 347 346 342 345 341 338 336 336 332 327 329 329 325 322 325 318 316 318 317 308 312 316 311 305 310 300 299 299 298 298 295 291 288 289 291 289 286 281 274 276 272 270 270 268 268 267 259 261 259 260 258 252 249 244 242 243 242 243 237 237 236 229 234 221 224 222 211 220 213 213 211 204 208 201 202 199 198 190 189 187 185 180 181 181 178 178 167 169 162
363 362 363 358 358 356 355 357 355 350 352 349 348 343 340 345 343 339 340 334 332 330 329 328 326 322 317 320 320 316 314 316 312 314 309 304 300 303 301 300 298 296 291 291 284 292 282 285 278 280 278 270 275 270 270 271 266 264 265 261 252 255 253 254 249 241 247 244 238 235 239 237 236 229 225 227 228 217 213 217 207 205 210 211 205 198 194 195 190 192 185 189 186 176 180 178 173 175 164 171
370 364 362 357 355 358 352 353 352 352 346 350 345 346 345 339 337 338 334 332 333 329 332 327 321 324 324 319 319 315 316 310 311 304 309 309 305 302 299 301 297 292 290 291 286 287 281 281 280 278 281 276 272 273 268 267 264 262 265 260 251 252 253 251 248 248 240 240 243 237 230 232 229 233 227 219 222 224 213 214 211 213 208 203 209 202 199 196 197 189 190 190 186 179 179 176 170 167 170 172
361 364 362 357 361 359 355 355 354 347 353 347 344 342 338 341 341 337 340 336 332 328 325 330 328 327 318 322 318 318 314 317 310 304 309 304 308 302 299 295 297 298 293 288 283 289 283 278 281 275 276 272 272 269 266 268 265 264 262 254 264 252 250 253 248 244 241 238 234 240 224 232 229 227 228 225 218 221 217 218 215 215 205 208 204 201 200 198 191 192 190 182 185 183 181 177 176 175 172 169
367 362 363 363 360 357 354 350 352 346 346 344 347 349 346 339 340 343 339 332 335 330 324 326 326 325 328 323 313 318 316 315 315 312 308 307 300 299 302 299 301 302 298 292 294 287 287 279 279 274 278 273 275 270 272 266 263 263 258 259 260 251 255 249 246 244 242 238 239 236 236 233 229 230 230 222 220 219 212 217 206 211 207 203 201 202 201 189 195 189 187 185 184 183 180 175 174 178 168 175
369 362 363 359 356 359 351 352 350 355 351 349 347 345 337 343 339 333 335 338 331 331 327 327 329 324 323 317 316 318 318 320 311 312 305 312 301 306 301 299 297 300 294 294 285 285 287 280 289 278 274 268 270 273 272 267 267 257 257 255 252 253 254 253 246 241 243 239 240 237 234 236 235 226 226 224 225 218 211 218 212 208 208 206 209 204 197 190 190 191 188 191 187 178 179 171 175 169 176 165
363 364 358 360 359 357 354 358 354 347 346 344 348 347 341 341 335 336 338 336 330 329 327 332 330 325 322 322 319 319 315 314 311 311 305 302 303 301 302 299 297 294 295 293 291 286 280 291 280 281 281 277 272 272 269 270 269 266 260 261 250 259 250 249 251 243 251 243 242 239 237 232 236 230 226 222 222 217 218 216 212 210 208 202 206 199 204 201 190 186 193 183 185 189 184 179 175 171 172 166
362 368 359 363 358 357 355 355 353 350 350 351 346 345 343 340 333 340 332 335 331 332 329 325 324 324 318 323 314 312 315 316 314 310 308 306 303 303 296 298 294 291 291 290 294 286 277 275 278 278 275 274 274 268 270 270 264 257 259 262 253 255 248 248 250 243 241 242 241 235 240 232 233 226 224 222 219 223 222 221 214 212 205 208 206 202 205 196 185 187 191 181 184 184 180 172 182 170 169 165
361 363 363 359 358 354 357 355 351 350 350 349 348 342 343 346 340 338 332 335 335 330 330 333 322 323 322 316 320 313 321 312 307 308 310 309 307 301 299 295 297 292 286 293 290 284 284 281 279 272 273 269 275 272 268 268 266 262 263 254 259 257 246 253 241 252 244 238 239 236 234 231 231 229 224 227 227 214 212 216 211 216 205 200 205 202 207 192 193 194 191 188 184 180 181 181 171 168 168 165
366 364 363 356 358 360 353 349 356 350 352 351 348 345 345 338 341 339 340 334 332 330 327 328 326 321 320 324 321 318 319 315 311 310 306 304 302 300 302 298 301 291 296 289 286 284 283 288 280 282 274 273 277 273 266 267 263 262 258 256 255 256 255 249 251 241 245 240 234 241 234 232 230 229 224 223 223 221 219 211 212 212 215 210 205 202 197 206 193 188 188 188 183 185 181 175 171 172 173 164
361 369 359 364 358 359 357 356 351 345 349 349 345 340 345 339 339 341 334 335 331 329 329 327 328 317 322 313 315 322 315 313 313 316 312 307 305 302 297 296 299 293 289 291 289 291 284 280 282 274 276 273 274 273 272 260 268 266 257 255 253 251 253 250 240 245 238 239 240 236 231 233 227 230 225 223 221 220 217 216 213 213 203 207 204 199 197 193 194 200 187 182 185 180 178 177 175 175 168 170
367 365 364 359 356 354 354 352 354 348 347 349 347 344 341 341 346 332 329 334 334 330 325 332 327 322 320 323 321 318 317 310 311 312 311 308 305 299 303 301 296 294 294 291 289 287 285 285 284 280 284 274 275 273 271 271 263 256 255 261 255 254 252 251 256 247 244 243 244 240 237 228 230 231 228 225 214 217 217 212 213 212 212 203 205 199 193 197 197 192 183 192 180 184 176 178 167 173 175 165
366 363 365 362 357 354 358 350 358 352 349 347 347 349 345 336 339 341 335 331 333 328 334 328 322 322 324 319 319 316 313 310 309 309 308 306 303 302 302 301 295 291 293 293 286 280 280 281 285 283 277 277 270 270 265 266 269 253 260 260 256 254 251 250 244 249 242 241 241 239 241 234 232 231 225 215 225 219 222 211 213 206 207 206 201 205 203 199 195 197 191 187 181 187 181 171 172 171 174 171
367 362 362 361 357 355 353 355 350 356 348 349 346 341 344 339 339 335 331 332 333 328 325 328 323 323 320 317 320 314 315 308 314 307 310 302 305 300 298 301 297 297 290 288 288 291 282 279 281 279 276 273 273 268 270 264 259 263 260 262 255 255 259 251 246 239 245 238 244 239 236 235 231 233 231 213 224 227 219 211 207 214 211 204 198 200 200 198 195 193 193 187 182 184 178 178 172 173 170 166
366 362 364 357 356 357 355 353 351 347 346 345 341 344 342 340 340 330 334 336 333 331 324 328 328 325 324 318 319 318 314 311 308 305 312 305 302 299 302 297 296 297 285 288 284 287 284 283 280 276 275 272 273 266 267 267 265 262 268 253 253 253 250 259 255 244 246 242 239 237 231 225 232 224 219 218 221 220 214 212 217 216 211 204 201 201 202 196 192 190 194 184 188 179 179 176 173 172 167 167
366 366 364 359 357 356 355 354 349 348 348 348 345 340 342 344 341 335 331 335 336 329 326 331 325 326 324 317 320 320 313 314 308 310 305 308 302 301 295 302 294 296 290 288 291 284 285 276 277 280 276 275 270 272 265 268 264 268 263 257 256 256 255 255 254 246 239 244 241 237 234 233 227 228 228 221 224 215 212 219 218 210 210 203 200 203 198 198 193 192 187 185 186 180 182 185 173 170 167 170
363 362 362 357 359 356 356 352 354 355 351 351 345 340 344 339 340 336 341 338 336 332 332 324 327 324 322 317 318 318 315 311 312 311 313 307 304 303 301 297 299 296 293 288 288 287 288 288 283 274 276 274 272 273 262 267 263 269 258 260 255 259 247 251 244 245 240 238 235 232 237 233 232 227 231 223 218 219 217 214 215 217 206 204 203 204 198 199 193 193 193 181 183 183 183 175 172 170 164 167
362 362 361 363 358 357 353 353 348 351 349 345 344 346 341 344 338 340 333 334 332 335 328 329 329 326 327 318 319 320 314 315 316 309 308 301 306 302 301 294 291 294 293 286 288 288 284 283 282 279 278 273 275 274 267 267 273 256 259 257 259 249 252 248 247 249 243 239 238 236 236 230 237 230 226 225 222 220 217 216 211 211 212 210 206 201 200 199 194 190 187 186 185 184 174 177 173 174 168 167
363 363 357 362 359 359 356 352 351 353 359 346 345 342 344 343 334 335 338 332 333 334 330 331 324 327 323 320 317 316 316 312 309 309 306 308 305 303 301 295 298 300 295 291 288 288 282 283 280 279 279 276 273 271 265 270 257 264 264 258 255 253 253 250 244 246 243 246 240 237 234 237 229 231 224 222 222 225 216 212 211 204 209 203 203 200 196 192 195 192 185 185 187 184 178 182 175 174 176 170
362 363 364 357 356 355 358 356 359 346 347 342 350 349 346 338 341 340 339 336 331 330 328 326 327 322 324 326 313 320 314 314 310 307 305 306 299 304 296 295 297 293 293 287 287 291 284 284 276 284 272 279 275 275 268 267 264 262 262 257 258 255 247 247 250 247 246 241 236 237 237 238 223 225 230 226 224 216 218 218 211 206 205 203 201 204 197 195 191 191 183 186 188 177 188 173 167 173 169 166
362 365 360 362 360 354 359 352 354 354 348 342 348 347 336 335 340 334 337 330 330 326 328 323 327 322 326 320 317 317 312 313 309 308 306 306 304 306 299 294 298 300 289 291 287 286 282 280 278 280 279 277 273 270 271 263 265 265 261 258 259 257 252 251 245 250 244 245 235 239 230 235 234 234 220 229 222 223 219 212 211 210 210 203 204 200 195 200 196 193 193 186 183 180 173 180 176 180 171 172
362 364 360 363 356 358 353 360 353 353 348 342 342 346 345 342 339 336 333 336 333 329 327 322 331 323 323 323 320 315 317 311 311 309 307 305 306 297 296 296 299 296 294 289 292 288 284 284 279 283 274 275 274 271 266 266 267 263 260 258 255 250 253 254 248 246 240 239 242 235 235 231 230 227 226 224 223 214 219 217 215 212 204 203 207 203 192 201 192 191 190 192 188 182 172 174 174 172 173 164
364 366 358 357 358 358 357 352 352 352 341 349 350 349 340 338 339 340 337 337 329 327 329 326 322 328 324 316 318 319 315 310 309 309 308 307 297 297 300 295 298 291 293 294 290 290 282 283 278 273 277 275 277 273 268 263 266 258 261 261 257 258 257 250 247 252 248 241 243 236 236 234 232 236 223 220 224 218 216 212 211 209 214 209 205 200 197 191 186 195 192 184 180 181 183 182 167 166 170 166
367 368 361 365 360 352 350 354 349 350 347 346 345 343 342 339 343 339 340 340 330 336 331 326 324 322 320 321 320 314 310 309 313 308 306 302 306 303 301 299 294 295 292 291 292 282 278 285 280 278 278 269 276 276 268 268 268 260 265 255 255 252 255 249 247 244 244 247 241 239 240 230 232 230 230 225 222 223 214 218 205 203 211 209 203 199 197 192 198 189 185 188 188 184 180 177 176 172 166 165
364 366 358 360 359 354 355 354 355 350 355 343 343 343 343 346 335 337 338 333 330 327 329 328 325 317 324 321 318 316 318 309 315 308 303 306 304 306 309 298 294 296 291 289 290 286 287 286 284 277 277 275 277 276 268 269 270 263 262 259 251 254 248 252 247 244 243 246 233 239 237 232 229 230 228 222 224 224 224 216 213 212 212 206 199 201 194 201 196 188 186 184 177 178 179 179 176 173 169 164
365 365 358 360 358 359 356 362 353 350 350 343 342 351 338 345 339 339 338 336 328 330 329 332 322 323 322 317 322 310 317 314 314 311 310 301 308 306 300 301 294 293 293 295 293 282 285 289 286 281 274 278 271 269 271 269 266 268 267 257 252 250 258 254 251 240 237 243 239 233 237 232 233 229 230 229 226 221 221 209 214 212 213 203 201 198 193 196 192 188 186 184 177 180 180 172 177 179 173 170
364 364 359 366 358 357 360 355 348 350 354 348 345 347 343 338 341 337 336 332 333 330 329 329 324 317 321 321 316 313 313 311 317 311 308 304 300 299 304 297 297 296 290 287 288 282 285 282 280 275 276 274 275 272 271 265 269 264 260 261 256 258 253 256 251 241 246 247 234 237 241 233 232 231 226 228 220 220 215 214 212 211 210 207 203 202 203 197 195 194 191 185 191 176 178 178 180 166 168 169
367 359 360 360 361 357 357 355 352 352 350 347 348 342 340 344 341 334 332 325 327 330 330 329 324 322 326 320 318 314 314 315 311 310 306 301 303 298 304 295 298 292 290 293 290 287 289 287 282 280 278 270 275 273 269 266 262 265 259 260 251 254 251 250 242 255 239 242 238 238 239 236 232 228 223 222 218 225 212 220 213 210 201 210 204 200 195 200 193 191 183 189 178 185 181 181 174 173 174 170
361 356 363 361 359 356 352 356 349 353 345 349 341 347 345 340 339 337 338 334 337 330 326 319 320 323 318 316 315 318 314 313 313 312 307 302 307 302 305 301 293 292 295 288 292 287 287 279 278 276 276 273 266 274 272 269 263 262 267 266 261 257 255 253 245 241 244 240 231 238 233 234 228 224 225 226 222 219 222 218 214 208 208 204 200 203 200 196 201 188 189 191 188 189 181 172 172 177 165 164
367 366 360 357 356 356 352 353 349 353 350 350 346 344 342 337 338 338 335 333 332 332 328 329 326 323 327 321 323 317 315 316 311 309 306 306 300 304 298 298 291 293 297 289 288 287 288 282 275 278 272 271 266 263 269 268 266 264 262 261 253 254 252 245 248 248 240 238 246 237 231 237 225 226 222 225 222 221 218 209 210 214 210 205 207 200 196 193 198 193 188 188 185 179 183 177 176 176 176 168
367 362 360 358 355 357 356 356 352 352 353 348 340 349 343 341 338 334 334 335 333 331 325 327 325 319 326 318 320 318 316 312 311 308 309 303 301 304 301 298 303 294 294 286 286 286 287 279 281 280 279 276 274 271 270 266 270 266 262 260 253 256 255 251 242 245 245 242 236 237 237 229 231 228 227 227 222 218 216 218 217 217 209 201 203 208 202 192 192 194 194 189 192 184 180 175 177 169 167 174
363 363 361 358 357 356 353 354 348 349 352 347 347 345 346 344 343 338 337 334 330 329 328 325 327 317 317 323 313 315 313 316 315 310 308 303 303 300 300 299 296 292 288 289 294 287 288 282 278 281 275 272 269 268 266 263 264 264 257 258 254 253 250 254 246 241 245 238 233 242 230 229 226 233 225 221 225 216 214 214 208 211 203 205 207 204 199 202 198 197 193 191 180 187 178 178 178 170 175 173
363 365 358 362 354 354 355 351 355 352 353 343 345 342 345 339 344 339 337 335 335 325 326 327 327 323 318 316 321 316 316 316 310 309 308 305 303 302 297 300 301 298 296 295 293 289 284 288 280 277 275 272 278 274 275 265 266 264 266 255 258 259 251 250 244 245 246 240 241 235 231 235 233 229 224 224 223 214 214 212 212 209 206 199 207 199 198 200 195 189 189 187 181 187 181 180 177 172 170 168
363 362 359 359 361 356 354 353 351 347 349 343 349 343 344 337 335 338 331 335 331 332 328 326 327 327 322 322 316 316 315 315 310 308 309 306 304 302 296 299 300 295 292 289 290 288 284 283 280 279 281 272 271 273 265 269 267 267 263 261 256 252 255 252 247 247 243 240 241 238 232 231 233 233 226 229 221 218 217 215 210 211 206 203 198 201 198 200 194 197 185 188 187 182 181 172 176 176 176 168
364 361 361 357 354 358 355 355 353 351 351 350 342 342 344 340 343 338 331 337 334 332 329 324 328 327 320 314 319 317 315 308 313 309 309 309 302 306 297 301 299 289 297 288 289 289 288 281 288 283 276 276 270 267 269 264 266 264 262 260 255 252 255 248 247 250 243 245 241 237 236 236 236 232 229 220 224 217 217 215 215 206 205 201 210 206 199 193 193 193 189 184 182 179 176 173 177 168 169 167
373 363 360 359 353 355 355 355 350 351 351 346 348 342 341 340 337 342 333 339 340 336 332 326 326 321 325 321 317 319 315 312 310 305 306 307 304 298 295 301 300 298 297 289 289 284 283 280 278 281 276 278 275 265 267 264 264 267 257 252 254 255 253 253 248 244 241 246 237 239 236 235 234 227 227 223 218 218 215 211 214 205 207 199 204 201 198 197 193 191 190 183 181 183 174 176 176 168 167 168
365 355 356 357 356 354 356 350 352 351 347 344 346 345 340 339 340 341 339 332 330 335 328 329 330 326 323 317 312 321 314 313 312 305 303 306 308 302 301 296 296 294 290 294 287 289 284 283 280 281 277 279 276 264 269 264 264 266 265 264 257 256 256 246 247 243 244 239 241 237 233 233 229 226 225 223 223 219 224 214 213 209 209 207 204 204 201 200 193 194 188 180 188 183 181 182 169 165 169 170
364 361 359 361 362 358 354 351 357 354 347 344 344 341 346 337 341 338 334 336 334 331 328 327 326 323 327 321 317 311 317 307 310 309 308 310 300 307 300 295 294 296 293 292 288 285 285 282 283 273 277 278 275 275 266 267 264 266 254 255 261 254 250 247 246 248 243 246 241 235 229 234 235 223 224 221 226 222 214 212 217 209 205 200 201 199 203 194 194 195 189 183 183 184 181 172 174 174 165 172
362 363 356 357 358 359 358 354 355 351 350 348 349 341 340 340 343 337 334 335 328 334 330 325 325 321 322 317 316 312 311 312 308 311 308 304 299 295 300 299 300 294 293 291 286 285 286 278 282 278 275 274 275 275 260 267 271 264 260 259 259 255 254 249 255 244 237 239 238 238 236 234 226 226 227 222 217 220 217 214 211 211 204 203 202 199 198 190 193 192 184 182 176 185 173 169 180 169 172 169
364 361 360 363 362 354 356 357 352 350 346 340 345 347 344 339 337 340 337 333 332 330 336 330 328 320 322 321 321 316 312 312 310 313 305 307 305 306 300 295 296 291 289 298 291 289 289 283 283 282 276 272 276 272 268 267 264 264 259 260 250 255 251 250 254 248 242 242 242 239 236 235 225 225 225 226 224 219 219 213 210 208 207 208 199 198 200 197 191 193 195 183 183 178 184 176 176 172 165 170
365 362 360 357 360 356 357 350 352 347 351 345 348 342 341 342 341 340 336 332 332 328 328 327 323 324 323 323 320 317 319 314 307 309 309 309 301 303 298 295 299 290 291 288 289 283 285 284 281 278 275 276 276 275 272 266 267 261 261 260 257 256 250 251 244 246 237 242 238 240 228 228 228 231 224 219 225 219 219 216 215 213 210 203 207 204 196 195 190 187 190 182 187 176 186 175 173 176 164 168
365 362 359 357 355 354 351 349 357 346 351 347 352 345 344 344 339 337 336 330 334 333 327 328 320 319 324 319 322 319 315 310 313 311 308 307 308 303 302 305 298 292 293 289 289 292 280 281 285 281 275 273 273 272 264 266 268 265 264 266 258 259 251 256 249 247 249 240 237 239 236 231 231 226 221 227 225 222 217 210 210 213 201 205 205 199 196 196 195 199 188 191 188 182 184 174 170 177 165 169
360 363 360 357 361 353 358 357 357 351 345 345 344 345 341 338 341 342 336 340 329 331 329 323 329 326 323 316 320 319 318 311 313 311 305 308 306 304 307 299 294 293 291 286 285 289 282 282 284 281 279 277 270 271 272 272 264 261 259 257 257 259 253 246 248 248 246 243 239 240 234 234 230 230 224 221 219 218 217 209 210 213 215 206 205 203 198 195 189 187 193 183 180 183 180 175 170 174 167 169
361 361 362 360 355 361 354 358 353 348 351 347 341 344 346 341 336 335 336 335 336 327 335 330 327 327 324 318 317 315 314 317 308 307 311 304 305 300 300 303 294 290 293 285 287 286 287 280 281 279 278 276 271 275 271 266 267 264 258 257 257 246 253 249 246 248 247 240 238 242 231 235 229 231 229 224 216 220 221 214 208 211 207 206 203 195 202 190 196 188 188 186 186 181 184 180 172 175 172 168
364 364 359 360 360 358 354 351 349 356 346 350 346 341 346 339 336 335 335 336 329 329 331 327 320 320 318 317 320 312 315 314 305 313 308 308 302 299 299 301 293 293 292 286 288 290 282 283 280 271 279 275 275 274 273 263 267 265 259 255 256 261 249 251 248 244 241 244 248 239 237 233 229 227 229 217 222 218 218 217 215 212 206 203 205 201 205 197 197 195 191 183 182 182 184 178 178 175 166 169
364 366 357 357 358 357 353 356 354 344 349 349 344 344 345 336 346 336 339 333 337 332 328 325 329 323 322 325 316 315 314 314 307 311 306 304 301 304 305 301 292 291 293 291 287 286 283 284 277 279 275 276 265 277 263 267 266 258 259 260 258 252 248 248 249 240 242 242 246 240 235 234 230 231 222 226 222 224 218 214 213 206 208 200 200 203 201 194 189 190 192 184 181 182 183 169 177 173 170 173
364 361 364 362 358 355 354 348 352 345 352 348 341 342 345 342 337 336 334 333 334 333 332 325 328 318 321 321 318 318 312 310 306 310 301 306 308 304 292 298 298 295 291 287 287 285 284 283 275 278 281 277 266 267 261 270 265 263 257 256 257 253 252 248 251 247 240 244 238 239 237 235 230 232 227 221 220 221 217 216 211 210 210 207 208 203 200 190 194 190 189 188 188 190 182 180 174 170 170 167
365 361 363 353 357 355 359 351 350 348 345 348 345 348 343 334 340 342 338 335 335 330 334 326 326 323 319 314 317 317 320 314 314 311 300 303 302 297 305 300 297 297 289 286 293 282 285 282 279 276 274 278 273 269 270 264 271 261 265 259 255 256 249 250 244 247 242 237 236 231 234 231 232 231 230 220 224 215 215 214 209 208 206 210 210 200 201 198 194 189 189 186 181 184 177 178 176 169 173 167
360 358 361 361 358 359 353 355 352 349 347 348 347 345 341 342 334 336 335 333 332 329 330 328 324 324 321 322 321 318 317 317 311 311 308 307 301 301 300 299 298 292 289 290 292 291 283 283 278 278 283 274 278 271 271 268 264 268 261 257 262 257 253 243 250 245 244 244 238 239 233 235 229 229 223 222 223 219 215 219 216 212 211 209 203 197 194 201 191 190 185 188 179 183 181 184 176 172 169 166
363 362 361 361 361 357 360 348 351 354 346 345 345 345 342 344 338 341 341 335 332 337 329 326 327 324 319 319 320 316 315 309 312 305 308 305 305 302 299 300 295 293 293 289 288 279 284 282 279 273 275 274 269 269 269 260 264 261 256 262 254 248 254 246 247 248 240 239 245 239 233 234 228 227 226 228 219 220 224 219 211 208 213 209 202 199 200 202 189 187 191 191 184 181 184 173 175 174 173 166
365 365 364 358 359 358 354 357 346 347 351 345 341 346 343 341 339 333 337 332 332 332 328 325 329 324 321 319 319 313 312 313 311 315 307 308 298 300 301 294 299 294 297 293 288 284 290 282 283 282 278 274 269 272 270 264 260 261 263 258 259 252 254 256 248 247 249 236 240 240 243 231 234 224 225 225 220 223 214 212 210 211 213 201 204 202 197 199 194 195 193 187 176 181 180 175 168 167 176 172
372 371 360 360 362 358 351 355 358 356 352 346 346 337 340 341 340 337 335 334 334 334 331 324 329 321 318 322 322 317 316 307 306 307 305 306 304 299 300 297 301 290 290 292 286 286 284 285 283 278 282 277 270 272 266 272 261 259 261 259 256 251 253 253 248 248 244 243 239 238 238 237 232 224 224 222 221 222 219 221 213 211 209 202 200 206 201 202 200 195 189 190 185 188 179 177 176 166 170 167
361 362 357 362 357 358 355 351 354 347 350 346 346 346 341 335 338 334 337 333 333 329 326 330 331 325 322 318 317 315 313 311 308 307 309 311 304 301 302 304 296 293 296 296 290 290 286 288 284 281 272 275 271 270 264 273 264 263 261 259 251 257 255 247 254 241 243 239 241 241 232 226 232 227 219 226 221 214 215 219 212 212 204 202 200 204 199 194 188 188 192 186 185 184 181 177 178 169 171 160
364 364 361 361 362 356 356 357 350 352 346 347 347 347 345 341 337 334 334 334 332 333 329 331 326 322 322 323 317 317 320 316 309 310 304 304 303 296 297 296 299 297 293 289 289 288 288 282 281 277 275 275 272 271 272 272 264 262 265 260 253 255 252 252 247 246 243 243 236 240 229 229 227 229 225 223 224 218 219 214 214 201 208 204 211 204 198 199 193 191 192 185 182 185 182 176 177 171 168 172
365 363 364 362 359 353 360 354 346 349 349 349 347 346 348 338 341 339 337 334 333 330 329 323 327 326 321 318 315 318 314 307 311 306 308 308 306 301 301 297 301 298 290 289 288 289 286 285 282 283 274 277 274 270 273 269 264 261 258 259 261 260 250 255 252 242 241 244 237 236 237 231 227 234 225 225 224 217 217 215 207 210 210 207 204 202 201 192 198 191 189 191 181 184 173 179 179 171 174 166
365 365 363 362 358 353 351 348 359 353 348 350 341 344 343 340 337 339 330 334 330 330 332 329 327 325 318 320 316 316 311 307 311 311 304 307 305 303 299 298 301 295 292 289 290 283 283 281 277 272 277 277 270 269 265 273 265 263 268 259 256 254 249 253 248 246 249 246 237 238 228 225 228 228 226 214 217 222 214 211 212 207 207 209 203 197 197 197 198 190 190 184 178 180 177 176 170 171 163 167
363 365 362 359 359 357 356 352 355 350 351 348 347 343 343 340 336 336 333 331 332 331 327 334 324 321 317 323 317 317 310 312 313 312 308 309 302 302 300 295 297 296 288 288 285 287 285 286 279 281 279 274 269 268 271 270 266 268 260 261 252 255 256 254 247 245 240 244 242 240 234 237 236 227 229 227 222 222 213 215 214 212 208 209 207 197 199 195 192 184 190 187 182 187 180 180 177 175 169 169
364 359 356 356 353 358 354 355 350 354 349 342 346 342 342 338 339 339 337 337 330 331 326 327 329 326 322 319 311 317 314 314 313 305 311 305 301 303 297 295 292 292 294 295 286 284 290 282 279 274 275 270 270 269 273 268 267 260 261 259 259 254 251 245 251 246 244 243 234 235 231 232 232 233 225 220 223 221 219 215 214 211 211 207 201 199 197 196 196 187 189 184 186 184 178 177 175 168 167 165
365 356 361 357 361 351 355 354 351 347 345 348 346 342 339 339 338 336 337 326 333 329 326 325 323 319 325 318 318 314 315 313 307 313 306 310 305 303 297 301 296 296 292 295 294 290 288 283 280 281 278 280 271 272 268 263 263 263 262 263 258 253 250 250 247 244 243 248 243 239 231 226 235 225 220 224 221 223 218 218 211 218 199 204 199 195 193 196 186 188 192 185 179 189 184 181 179 162 171 164
366 358 365 357 357 363 351 353 352 351 349 348 344 339 343 337 343 334 340 336 331 328 330 321 323 324 320 325 318 316 316 312 312 307 306 309 302 302 298 295 296 293 294 288 289 286 287 286 280 279 279 274 270 269 273 265 267 261 265 263 260 249 248 251 245 244 239 245 242 237 234 231 226 236 222 220 224 218 220 217 208 214 205 206 205 194 199 198 197 195 190 184 185 177 176 174 177 172 167 169
363 364 361 360 360 357 354 353 348 351 347 345 340 344 340 342 339 344 335 336 337 330 325 322 326 320 319 324 320 321 314 317 311 305 309 303 308 304 295 301 299 292 292 290 287 286 282 282 285 281 277 283 268 269 268 267 265 268 254 258 252 253 255 255 248 248 242 239 233 239 235 236 224 227 225 223 225 219 215 219 213 210 214 207 204 204 199 192 196 191 193 188 185 181 176 180 172 179 171 168
365 361 363 357 353 354 353 354 355 350 346 346 343 344 339 333 334 339 337 332 332 329 326 335 319 323 321 318 316 311 319 311 310 309 304 306 302 303 301 299 300 296 292 291 289 288 281 282 285 278 270 272 270 266 270 267 269 262 262 256 256 256 249 251 250 240 241 242 238 239 235 230 230 227 227 221 221 218 211 221 211 208 209 202 203 198 203 198 192 186 188 184 184 180 183 182 172 178 170 164
369 367 363 356 362 358 358 355 348 349 348 346 343 347 341 336 338 336 334 336 331 332 328 332 321 322 324 325 319 321 315 312 315 309 309 306 303 303 298 297 298 297 294 289 288 288 285 282 282 284 283 271 270 271 267 266 262 262 264 256 260 252 254 256 249 244 244 246 235 236 233 234 223 228 225 223 223 224 217 216 212 212 207 197 204 201 204 202 191 189 190 189 182 182 178 176 172 180 175 171
358 355 360 358 360 364 357 354 351 353 351 349 340 346 337 339 333 340 334 338 334 326 327 324 328 326 320 320 320 315 313 315 308 306 311 305 301 303 297 296 292 297 291 291 290 286 287 282 279 284 280 279 272 268 268 267 263 265 259 258 259 257 253 249 247 247 247 242 240 247 233 228 230 228 227 221 222 223 221 213 214 206 210 210 204 208 196 194 194 190 190 185 192 184 183 177 177 171 167 170
363 360 361 356 366 356 355 353 347 349 348 340 336 345 342 339 339 335 332 338 333 329 326 329 321 321 322 327 317 317 314 310 310 309 307 309 304 306 300 300 294 291 293 292 292 284 284 284 277 280 281 275 278 273 265 268 268 266 260 258 259 250 260 245 247 236 244 238 243 239 229 235 231 234 227 225 223 222 221 215 218 213 202 206 204 196 192 197 192 193 189 191 191 184 180 181 173 173 168 172
366 363 362 357 358 360 356 353 355 353 345 344 342 346 345 343 335 335 335 335 330 332 331 326 331 325 322 319 319 313 316 313 313 314 310 305 302 302 302 297 292 294 289 289 288 290 279 281 278 281 277 276 277 271 269 268 272 263 261 261 255 256 256 249 249 242 246 240 239 242 239 231 231 231 226 224 227 217 220 213 212 213 209 203 203 203 200 188 192 194 187 185 187 180 176 184 176 170 173 165
365 362 362 360 360 360 353 353 356 348 349 346 350 347 346 342 336 336 332 330 333 333 330 330 326 327 321 318 316 319 314 316 307 304 305 304 308 301 303 295 293 291 294 291 286 286 285 284 284 283 278 270 273 269 267 265 264 261 260 262 256 257 257 253 252 248 242 241 239 238 236 231 232 226 227 223 225 219 222 216 214 209 206 208 200 204 196 196 196 191 192 185 186 183 181 180 178 166 167 167
