411 400 404 401 396 398 395 398 396 392 398 388 394 389 388 383 380 382 380 375 375 373 380 374 369 370 363 367 361 360 363 360 359 352 360 350 350 350 350 344 346 343 338 338 333 334 335 328 327 335 327 323 326 318 325 317 314 320 314 307 307 305 310 302 304 296 298 296 296 297 293 286 284 278 283 279 276 281 274 275 270 266 263 258 263 260 253 250 247 250 243 246 244 242 234 233 231 232 230 222
406 401 406 403 396 401 399 396 397 392 390 386 393 390 386 385 382 383 377 378 377 376 371 372 373 370 369 369 366 360 360 358 359 356 356 351 351 342 345 343 342 344 341 341 341 332 338 335 334 333 323 318 322 319 319 320 316 312 312 314 303 308 312 305 301 299 294 295 288 288 284 288 286 286 281 276 273 276 274 270 276 267 272 262 261 258 253 254 250 245 248 252 238 243 236 233 236 230 229 226
411 408 407 404 401 399 399 392 394 388 392 393 395 384 383 388 385 386 380 378 379 377 373 374 373 372 367 370 362 359 365 360 360 355 357 358 350 350 350 341 342 348 343 339 341 342 333 333 328 326 328 324 325 320 322 318 314 310 315 311 307 301 299 300 299 302 299 294 288 290 296 293 285 284 280 281 278 269 273 272 274 268 267 260 263 257 252 255 259 254 252 244 241 241 241 233 240 229 221 226
406 403 403 397 398 398 397 392 399 396 393 394 392 382 390 384 387 380 379 382 374 381 371 372 369 371 367 371 363 363 363 360 361 355 356 355 352 352 348 347 341 340 337 343 336 330 333 327 332 329 328 326 321 324 319 315 313 313 313 314 306 307 313 297 300 298 296 297 297 292 296 281 290 281 281 284 284 276 274 268 269 268 266 260 255 254 257 252 254 240 249 248 239 245 240 241 235 231 234 226
409 404 402 399 402 399 394 399 393 396 395 387 387 385 385 389 382 379 381 379 370 375 372 373 378 368 370 368 362 361 363 356 355 355 355 352 355 349 349 346 346 343 343 342 337 337 331 331 335 328 327 324 314 324 319 318 314 317 312 310 306 306 305 304 303 301 299 297 289 290 288 285 285 278 282 277 274 271 273 272 265 266 261 260 261 252 259 256 254 243 249 243 253 245 248 239 232 231 232 234
405 409 402 401 401 403 397 397 398 395 390 386 385 391 388 386 389 379 381 376 374 374 370 368 371 371 368 365 366 367 365 363 355 358 356 357 351 348 342 346 348 344 344 338 340 343 330 336 332 324 324 325 322 326 321 320 322 314 314 309 311 304 300 298 300 297 296 298 290 289 287 284 282 284 277 282 279 277 276 276 272 260 262 258 255 258 254 252 256 247 244 248 240 246 241 237 238 232 234 233
406 411 409 403 403 400 396 399 396 394 396 393 389 393 387 388 380 378 375 375 373 378 376 377 371 367 368 361 357 364 357 358 353 359 355 355 353 349 341 344 345 336 339 341 334 339 332 332 331 328 328 324 319 320 318 321 314 313 316 312 308 306 302 303 303 305 292 290 294 289 284 287 282 280 276 283 272 282 278 279 267 266 270 268 258 257 258 251 259 253 248 239 243 242 233 236 236 231 225 225
406 406 409 405 409 401 401 395 395 397 389 391 389 389 383 382 380 386 380 375 379 375 378 376 373 368 367 370 367 361 359 357 362 353 356 353 349 353 352 348 344 343 341 343 339 335 333 333 330 331 324 325 317 322 321 318 317 317 307 313 316 306 304 301 298 301 294 294 296 287 286 287 282 280 281 278 275 273 273 276 268 274 264 263 263 254 262 256 257 241 247 252 241 242 236 235 232 226 229 232
410 405 406 403 399 399 399 397 394 391 396 388 391 390 387 388 386 379 381 381 377 374 374 373 368 363 371 364 365 363 365 357 356 358 360 352 350 353 348 347 345 343 342 342 339 331 328 331 328 326 327 323 321 321 320 316 315 314 313 309 311 311 304 302 299 296 301 299 290 289 283 284 287 282 283 280 276 276 271 271 270 267 264 258 270 260 255 256 255 246 246 248 245 237 239 246 233 230 226 233
404 408 404 402 400 408 399 400 394 389 396 391 389 385 387 379 384 382 385 381 379 375 374 365 365 369 370 365 360 367 362 354 358 356 353 350 348 350 347 346 348 343 341 339 340 335 332 334 331 327 327 322 320 322 311 315 317 312 311 314 309 309 305 303 304 298 294 291 299 293 287 283 282 280 285 280 277 274 271 276 267 265 260 262 254 257 257 256 259 247 247 249 250 236 242 249 237 236 232 232
408 404 403 406 406 399 399 395 395 394 393 390 393 384 390 383 382 380 378 371 377 376 372 371 370 372 369 371 366 367 361 363 360 361 351 352 352 352 349 347 342 340 343 338 334 337 335 329 332 325 324 326 325 318 314 319 316 313 308 313 312 301 302 303 302 303 298 293 294 292 289 288 280 276 285 285 276 277 274 274 269 267 262 260 261 263 249 255 251 252 248 244 244 242 236 237 233 233 230 226
407 403 406 405 407 401 398 403 395 392 393 394 389 388 392 383 379 385 377 380 369 375 378 375 369 376 367 366 363 364 360 360 362 358 354 352 344 352 345 344 346 336 339 340 331 330 332 331 326 327 328 326 323 323 322 315 320 317 309 309 311 309 301 299 298 299 300 290 294 284 290 292 289 285 279 281 275 275 273 269 273 263 267 264 260 259 253 260 252 251 250 249 240 242 243 239 239 224 238 236
411 407 403 400 400 398 402 392 392 391 396 394 387 388 380 385 383 383 382 378 372 375 370 376 374 366 369 367 361 368 366 363 352 352 353 350 347 356 347 342 349 341 339 343 344 338 334 331 326 327 327 324 320 316 317 315 319 315 308 309 306 303 300 305 300 298 292 298 295 293 291 291 285 288 281 272 276 270 275 270 275 269 268 265 262 255 260 254 247 257 249 249 248 242 241 229 236 234 229 227
406 401 404 407 399 403 399 400 396 396 393 393 388 385 385 389 387 376 377 373 378 375 374 375 367 369 370 362 366 364 362 355 355 359 354 349 347 348 351 348 342 352 343 340 335 333 335 334 330 331 328 324 320 316 316 316 315 316 310 309 313 305 310 300 301 297 292 301 296 295 287 280 282 284 278 276 281 278 275 277 265 266 272 264 259 255 256 251 255 251 249 246 245 244 240 237 228 237 227 230
404 405 401 404 398 399 397 394 400 396 391 391 391 390 383 383 384 379 382 383 378 373 375 371 374 366 368 367 366 365 361 355 358 354 354 349 356 350 350 340 347 344 340 339 332 331 336 333 326 329 323 328 326 325 320 318 314 309 310 311 305 306 302 304 304 302 298 290 294 294 289 289 287 281 277 285 274 273 277 273 272 269 264 259 259 264 255 251 249 247 247 241 251 238 239 243 236 236 232 228
406 403 407 402 401 400 402 402 396 390 389 391 386 390 388 386 382 382 387 379 379 372 373 373 370 374 368 363 364 362 357 360 356 357 358 352 352 349 345 340 345 337 340 338 333 339 337 323 331 326 326 324 324 319 321 319 316 318 308 308 309 306 305 298 304 303 300 295 292 293 294 288 286 276 288 279 278 277 275 270 266 269 268 263 261 258 257 256 251 252 244 243 244 234 241 235 231 232 230 230
403 407 406 402 406 403 394 400 393 394 401 388 392 384 385 382 384 385 379 380 377 377 369 373 373 369 366 362 367 364 360 361 361 357 356 358 351 350 345 349 347 338 338 339 341 339 334 331 335 330 328 326 319 320 324 317 318 314 318 315 308 302 309 300 295 291 300 299 300 286 290 290 280 288 283 281 274 269 277 274 270 270 263 262 261 257 255 258 250 253 240 245 247 243 242 239 229 235 230 226
407 403 403 401 402 400 401 394 394 393 391 390 389 393 385 385 389 384 382 378 376 378 373 372 371 371 365 365 361 362 357 358 356 360 356 353 350 348 354 348 349 340 338 338 333 335 330 335 326 329 330 323 319 318 321 321 316 312 314 309 316 308 303 301 300 300 292 291 290 293 289 288 292 284 278 279 274 278 268 276 266 269 268 262 263 262 251 253 251 250 249 245 240 240 233 241 233 232 230 230
407 409 404 403 397 402 395 401 395 396 392 392 387 383 385 386 386 381 383 380 378 372 377 376 371 370 370 364 365 358 359 357 356 357 358 355 354 348 350 346 341 339 346 340 340 329 330 328 328 328 332 325 320 322 321 321 313 310 306 306 305 303 306 302 303 300 296 291 289 293 285 284 285 283 280 275 279 276 272 272 269 270 267 261 259 261 263 258 252 250 244 241 241 239 246 239 242 239 232 232
406 403 401 403 403 401 398 395 395 397 392 389 390 385 387 387 383 383 387 376 377 378 367 370 374 369 368 369 365 363 363 358 360 355 356 351 348 344 344 342 347 342 335 340 338 337 332 333 332 328 326 320 323 327 318 313 313 308 311 311 308 307 307 298 300 296 294 296 302 294 292 291 279 282 278 274 279 278 269 274 273 265 265 263 261 260 266 251 257 250 249 246 249 241 237 235 239 231 233 225
406 404 406 398 401 394 399 397 402 390 391 394 386 392 381 381 376 380 385 381 373 378 368 372 374 365 367 374 358 361 365 359 357 357 353 357 351 355 341 347 344 346 344 338 336 335 337 332 329 329 325 326 324 328 322 318 312 314 307 310 312 307 297 304 305 304 299 292 300 295 293 282 282 283 283 271 276 276 271 273 268 267 258 259 263 251 258 253 250 247 244 246 246 242 234 241 232 230 230 230
405 402 404 397 398 401 395 396 394 398 392 394 388 387 387 379 381 385 380 378 374 374 373 370 370 379 370 367 364 362 361 358 359 360 365 351 355 354 342 348 345 345 341 338 335 337 332 328 335 327 327 324 324 320 317 317 311 315 313 314 306 306 307 297 301 299 295 291 298 292 287 286 284 280 277 284 285 276 267 267 271 269 265 263 260 254 253 255 251 252 248 251 241 240 233 227 232 234 229 223
406 407 406 402 398 403 400 401 391 397 392 394 386 392 387 384 378 379 376 378 377 377 378 376 371 368 368 366 360 364 362 358 356 348 350 349 348 347 344 350 341 343 340 342 333 337 335 331 330 331 324 326 324 322 317 320 316 310 310 312 305 305 306 301 303 301 294 295 296 287 287 285 280 289 282 274 278 280 270 269 267 267 266 267 254 262 254 259 254 255 253 242 243 240 238 235 237 236 230 233
404 406 403 402 400 401 398 399 396 397 390 391 395 390 386 383 382 385 378 381 378 374 374 375 366 368 367 366 367 358 360 363 362 356 355 354 347 349 350 346 344 342 345 339 338 339 333 334 330 330 327 326 329 319 322 321 317 312 313 313 308 304 305 301 304 302 297 295 292 289 294 290 288 284 284 281 277 274 268 266 267 261 265 260 263 262 255 250 252 244 251 244 244 239 234 243 239 229 232 228
408 406 400 404 399 398 397 396 401 392 396 394 391 388 386 389 380 379 380 376 379 373 378 372 374 370 364 365 364 366 363 357 359 353 358 353 355 354 351 346 346 345 348 339 337 334 332 326 330 327 323 321 322 320 321 324 317 314 315 310 306 307 308 299 304 303 297 295 290 288 281 291 284 284 276 280 272 276 273 267 274 264 267 264 265 260 258 255 254 250 249 244 246 242 237 240 240 231 234 227
405 405 403 400 396 407 401 398 395 394 390 390 392 389 388 385 385 382 384 380 376 372 372 377 374 371 365 366 366 364 359 357 357 357 357 350 353 348 356 347 346 344 336 339 334 330 336 338 331 328 322 321 328 320 320 323 316 309 310 318 307 304 305 300 295 297 297 297 295 293 295 292 283 286 287 277 275 267 277 268 262 263 267 258 264 258 259 255 248 253 251 247 238 241 239 230 236 236 224 226
408 400 406 401 407 401 397 398 395 399 389 391 386 387 383 384 384 382 379 377 380 380 376 369 373 372 366 369 369 365 358 356 356 359 359 354 350 350 348 347 343 345 341 342 334 336 328 335 334 327 324 328 323 322 319 310 316 319 311 305 307 308 307 302 307 297 301 296 289 289 285 290 287 280 276 272 280 271 276 270 271 273 266 264 262 260 257 255 254 248 252 250 250 244 241 238 234 228 229 224
408 411 401 402 403 399 395 399 397 390 394 392 385 388 384 385 383 383 377 378 377 372 376 371 370 371 365 364 366 361 361 361 358 354 354 357 349 353 350 345 339 344 339 337 335 338 334 331 331 330 325 326 326 325 322 315 313 316 305 315 307 304 303 296 295 293 295 301 292 290 287 289 283 280 280 284 281 275 277 266 266 268 269 264 259 262 258 250 253 246 244 241 249 239 245 238 239 237 224 228
408 408 405 399 400 402 393 397 394 390 398 391 391 384 390 386 384 379 386 373 373 374 376 369 369 371 366 371 365 364 357 357 360 355 356 352 349 352 344 344 341 344 338 335 337 336 333 325 331 328 327 325 322 319 325 318 316 316 316 309 306 310 302 303 303 298 295 295 293 291 284 284 281 284 279 283 278 274 270 268 262 265 268 264 256 253 253 255 258 249 249 244 246 243 238 238 238 241 232 236
400 404 407 408 398 402 398 398 393 391 394 393 393 386 384 386 382 378 379 378 374 376 375 370 372 371 366 360 367 365 361 358 360 357 351 352 353 351 349 338 343 346 342 339 339 337 332 331 326 332 325 323 324 323 313 322 311 312 313 310 309 308 299 302 305 298 294 294 291 297 287 288 283 280 286 274 279 278 268 268 263 265 264 260 264 257 258 252 249 250 247 247 241 248 238 234 241 234 231 229
409 405 406 403 398 406 395 399 392 390 390 391 388 390 387 387 380 379 380 380 379 375 371 372 369 368 363 366 362 365 362 358 359 356 360 355 354 352 346 346 339 343 345 336 334 332 330 333 335 327 327 323 324 321 317 320 313 314 306 312 308 313 306 308 297 304 295 296 294 291 291 292 280 284 277 274 279 278 270 277 270 260 263 264 260 261 258 259 253 253 248 244 244 238 236 242 232 232 228 227
406 406 404 407 399 406 397 396 397 392 391 389 390 389 383 378 381 383 380 376 378 383 374 371 376 371 365 366 364 358 362 364 358 357 347 354 352 352 347 348 345 337 347 343 337 338 337 336 328 332 333 324 321 325 319 317 312 313 310 315 306 303 301 303 304 299 288 294 304 294 288 285 286 288 283 276 275 271 273 276 269 266 271 257 261 257 259 248 254 254 243 245 248 237 238 236 237 235 234 231
407 404 409 402 406 395 392 400 390 393 394 390 388 387 383 385 384 382 382 381 380 375 374 380 375 366 370 365 365 367 358 359 357 355 353 354 351 352 343 351 346 341 346 336 339 334 328 334 331 325 327 326 320 316 321 318 313 317 310 312 310 307 300 304 299 293 301 297 289 293 284 287 287 281 286 281 279 268 276 266 267 270 262 262 260 259 258 253 251 246 251 248 250 239 244 238 236 236 225 232
403 403 400 404 406 399 401 396 395 391 391 392 390 391 384 382 383 380 380 378 382 375 375 370 370 370 372 369 366 363 365 358 353 354 356 346 360 353 349 347 343 340 342 338 335 330 332 328 333 329 326 331 326 324 320 318 315 317 314 312 307 303 307 304 300 307 297 294 288 293 285 282 286 282 284 278 277 279 271 273 269 269 268 259 261 258 256 253 259 252 251 241 247 240 239 236 232 235 228 231
411 403 402 401 399 398 401 394 393 393 386 388 388 386 387 383 382 379 381 381 372 377 370 370 372 371 373 367 364 362 366 362 358 355 352 355 353 350 346 348 344 341 343 336 342 331 333 330 333 332 328 325 321 321 319 316 317 313 310 308 314 307 306 301 302 304 293 292 296 291 285 283 281 283 279 275 271 278 280 268 274 269 263 258 260 265 259 253 254 248 251 242 245 245 239 236 235 228 234 227
403 403 400 406 407 397 401 393 393 396 393 391 390 386 385 385 383 381 382 379 379 378 374 372 371 366 365 369 365 366 360 363 354 359 355 349 346 353 348 343 342 344 340 336 339 334 336 333 333 325 323 325 322 318 321 317 320 314 306 311 312 306 305 300 297 296 297 295 290 295 293 287 283 278 279 280 275 270 275 274 269 265 262 263 257 260 257 253 251 251 247 243 247 248 236 241 237 239 231 225
407 402 406 404 402 399 398 397 395 398 389 394 395 391 388 382 382 383 378 379 380 377 374 372 367 368 369 364 362 363 362 360 357 358 355 351 347 352 347 347 344 343 342 340 346 334 329 332 329 332 325 329 324 324 319 317 318 314 313 314 302 308 307 301 302 305 297 296 294 288 300 289 289 288 275 275 282 276 272 266 267 260 268 262 256 261 257 251 251 249 247 248 245 238 238 237 231 228 227 224
401 403 402 399 403 398 396 399 391 396 391 393 388 386 382 386 385 379 377 378 372 376 376 372 370 370 366 363 364 358 360 358 355 355 355 351 353 352 348 350 343 339 339 337 331 337 328 331 330 329 329 325 321 324 315 319 317 312 314 312 304 311 303 300 298 300 299 292 292 289 289 292 288 279 276 282 280 274 278 264 272 267 268 265 263 255 259 262 249 255 250 250 243 242 240 239 236 230 229 221
401 401 403 401 404 399 403 396 395 391 389 388 390 386 390 381 382 385 381 375 374 373 379 373 366 371 364 373 365 357 357 351 359 355 357 347 350 343 350 346 337 336 339 336 338 339 332 337 327 325 332 329 324 322 317 316 311 318 309 312 312 308 303 303 301 304 296 293 296 292 289 279 282 284 283 281 276 278 275 267 267 266 265 260 257 255 256 259 255 249 252 241 239 247 237 240 232 236 225 229
408 402 402 402 401 402 396 392 392 393 394 393 387 385 387 386 387 387 376 379 378 376 376 371 367 368 371 369 366 361 360 358 356 358 351 352 353 348 346 345 345 344 339 338 337 336 336 326 330 328 325 325 322 321 318 316 311 311 315 308 316 303 304 302 296 301 293 297 290 288 288 291 278 282 282 279 273 277 272 271 269 271 263 263 257 257 252 253 256 255 243 250 243 235 236 237 233 233 227 227
405 404 405 397 400 395 397 396 395 393 392 388 392 388 381 385 386 379 382 382 379 371 371 374 372 368 368 368 367 365 362 358 355 352 355 353 353 344 348 342 346 344 343 342 330 336 340 338 332 336 328 325 321 324 315 313 313 320 314 312 307 308 308 305 297 305 297 296 291 291 283 290 282 284 282 282 278 273 267 268 268 264 266 262 262 257 251 255 259 250 242 247 242 239 239 239 230 234 231 232
406 405 403 403 404 402 398 390 397 393 391 391 392 391 384 382 381 382 384 382 372 378 372 367 371 368 370 366 364 368 358 359 356 358 351 348 351 346 353 347 344 345 348 334 337 341 333 336 332 329 330 328 318 316 323 319 315 309 312 314 306 304 307 299 307 291 295 295 295 294 288 292 286 283 283 277 272 279 276 273 267 263 268 268 260 254 251 258 254 251 245 245 242 244 238 234 240 235 230 233
404 407 403 406 401 399 400 402 392 394 389 386 390 386 385 388 381 382 375 380 377 375 378 373 368 371 371 357 362 365 359 357 360 355 355 353 349 347 348 345 345 347 345 339 341 335 335 330 329 326 331 326 321 322 317 317 315 310 317 309 311 306 299 303 300 301 297 294 301 289 290 289 281 282 283 280 274 275 270 273 267 262 264 261 260 257 258 251 250 256 246 247 246 240 241 240 240 233 226 235
405 401 406 405 402 397 397 397 395 395 389 389 391 394 381 386 384 381 381 378 377 378 374 373 369 377 367 373 367 358 360 359 358 351 352 353 348 349 352 344 342 339 347 341 337 337 332 336 329 327 327 326 318 320 318 322 313 310 315 315 311 312 304 303 306 304 303 299 287 292 295 285 284 281 283 282 278 277 273 267 271 267 269 256 261 259 254 256 254 242 252 246 241 242 238 238 240 235 232 227
404 403 399 404 401 403 399 396 394 397 390 389 383 386 388 382 383 385 385 378 376 375 375 367 369 365 365 364 365 359 358 362 359 355 349 353 353 354 345 346 340 340 340 340 339 333 333 326 327 327 319 326 318 319 315 318 317 319 315 310 310 307 301 303 291 296 300 294 288 288 287 293 288 283 281 279 279 276 273 275 271 264 264 267 261 260 262 252 251 249 256 242 245 241 242 238 242 231 223 235
406 407 400 402 401 404 395 398 390 388 391 394 391 385 382 385 382 379 378 378 376 377 373 370 369 373 369 365 362 368 361 362 362 357 353 356 350 347 344 345 344 342 340 332 341 343 337 332 329 326 325 319 323 321 324 314 312 325 312 311 310 305 306 303 303 298 293 297 290 289 284 285 283 283 283 285 271 275 270 274 268 270 268 262 259 259 256 249 255 248 247 245 245 238 240 238 237 230 229 223
407 404 402 401 401 401 396 393 399 392 393 389 393 388 382 384 384 383 386 379 371 381 376 372 370 367 372 372 364 365 360 363 356 360 352 360 351 350 350 340 343 342 343 342 335 328 337 337 333 326 329 328 323 321 319 320 319 313 316 309 310 306 301 304 303 306 298 296 289 288 289 286 286 280 274 289 271 270 271 275 277 259 262 264 266 260 257 250 253 251 242 243 245 235 245 239 234 236 227 228
406 406 398 404 403 398 400 394 402 395 395 393 393 391 388 387 382 388 382 372 379 377 381 373 369 368 366 361 366 361 360 363 363 358 354 352 355 353 348 344 343 341 352 342 341 334 339 330 329 329 327 332 322 327 319 317 320 318 304 313 308 307 307 296 297 300 291 294 295 291 294 294 281 285 285 286 277 278 273 269 267 262 261 262 260 257 256 254 258 251 240 248 241 244 241 235 232 233 228 231
406 406 404 401 396 400 399 399 397 392 391 387 390 393 385 383 381 381 384 377 375 376 378 372 371 368 371 368 366 359 360 360 361 360 352 354 351 350 352 343 346 341 342 342 337 337 338 336 336 329 328 326 325 322 321 317 314 316 313 306 310 308 302 302 294 299 300 291 289 290 289 289 288 282 277 278 276 275 279 265 265 269 268 264 264 261 257 253 254 247 246 249 241 242 239 231 233 234 235 226
408 406 407 405 397 397 397 396 390 392 391 385 387 391 383 383 387 382 378 373 375 373 374 373 369 370 367 370 366 358 364 354 356 357 347 349 350 350 347 348 342 340 340 341 340 335 333 331 323 332 324 330 324 319 322 318 316 309 314 310 310 307 311 303 305 301 297 299 298 296 288 284 286 283 277 282 279 273 269 269 264 264 268 263 263 257 256 253 255 253 246 251 247 238 234 243 234 237 235 229
406 407 405 399 400 397 397 396 395 391 391 396 389 383 392 387 384 378 383 378 374 370 371 372 368 367 363 369 362 360 361 354 350 354 358 356 347 352 346 351 349 341 342 343 336 332 336 334 329 325 325 326 321 315 320 312 307 313 317 307 307 311 305 303 300 294 299 297 295 289 286 290 284 282 277 278 280 272 274 268 271 272 260 258 255 260 255 251 254 250 249 246 243 240 241 240 239 231 233 226
408 403 406 400 399 399 400 398 394 387 388 387 389 393 384 386 388 383 382 382 375 371 373 371 374 366 369 366 363 363 358 358 359 357 353 349 349 348 346 348 345 341 341 338 338 336 332 335 331 327 325 325 324 317 321 316 326 315 308 309 311 310 303 304 304 301 293 288 292 295 289 285 284 281 281 282 279 272 276 274 273 275 265 262 261 262 257 258 252 250 254 248 241 240 240 231 235 233 226 223
410 404 402 401 405 396 398 395 389 395 391 394 385 385 383 386 380 380 380 376 377 374 371 375 372 371 363 365 368 358 361 359 360 359 356 351 351 350 350 348 341 341 336 341 337 329 335 332 332 325 329 322 325 320 320 315 315 315 311 309 306 305 311 310 299 295 299 299 296 292 285 282 288 284 280 277 276 280 271 264 268 271 269 266 265 255 256 259 256 250 251 246 242 243 235 240 244 230 229 228
410 400 402 401 401 399 397 398 395 392 390 397 385 384 390 388 384 386 377 377 379 380 375 380 369 367 363 366 365 360 362 356 360 358 353 350 354 346 347 348 340 342 344 344 342 333 335 334 330 326 324 321 319 320 318 322 316 310 312 308 304 310 303 302 303 297 295 291 298 289 293 282 285 280 286 277 279 273 276 276 278 269 263 261 259 259 257 258 253 250 244 248 247 240 245 235 232 225 231 228
404 404 405 397 405 400 398 393 394 392 393 394 390 384 383 382 382 383 378 376 374 375 377 375 367 370 365 363 364 364 360 361 358 358 354 350 346 354 347 346 343 342 336 339 336 338 337 333 334 330 326 322 320 321 324 318 314 312 315 314 311 309 300 302 302 301 300 297 290 291 288 288 282 286 279 278 276 279 272 269 264 260 268 263 257 256 261 251 253 249 246 241 241 243 245 239 232 233 231 231
408 405 407 405 400 400 398 395 391 392 399 389 385 383 388 384 380 380 378 380 377 375 369 371 375 369 365 372 366 361 359 359 361 357 357 352 356 354 347 349 340 343 343 337 333 338 331 328 330 334 326 325 321 320 316 323 315 313 312 308 312 303 300 303 300 298 296 296 293 296 284 289 285 277 285 284 270 278 274 277 271 267 258 261 259 260 258 258 256 249 243 251 251 243 237 231 240 241 231 230
403 402 407 398 399 402 401 392 398 392 393 391 389 384 388 384 379 380 376 375 375 372 372 373 371 368 366 368 363 360 362 365 360 362 352 356 346 348 350 348 344 338 341 340 332 336 335 325 326 331 325 326 321 317 320 314 311 318 307 315 313 308 297 304 302 298 300 289 288 289 281 289 283 279 277 274 276 273 277 268 277 269 263 258 258 259 259 259 246 248 252 243 241 243 240 239 234 232 233 229
407 402 406 403 396 401 396 395 394 392 390 393 390 390 385 380 381 381 381 380 379 377 372 371 370 373 368 367 366 358 358 363 356 354 357 352 355 345 344 344 348 340 336 340 336 336 335 330 329 331 323 326 319 319 319 318 312 316 312 308 311 311 310 301 303 303 293 292 297 290 286 289 287 280 281 279 274 268 266 272 268 265 263 264 268 258 259 251 246 252 250 248 253 245 244 238 234 231 234 228
406 407 405 404 401 400 399 392 394 393 390 392 391 385 390 380 380 380 379 374 380 377 372 370 371 366 366 368 361 364 355 356 353 356 352 357 351 344 349 344 344 343 341 339 338 339 332 328 328 323 331 325 322 322 317 313 317 309 307 310 315 304 299 298 295 302 302 293 292 295 292 291 281 284 278 276 271 275 270 276 268 263 263 265 260 260 260 255 251 256 251 247 249 238 237 241 230 224 224 227
404 402 405 401 400 399 390 395 397 389 390 387 391 388 384 385 384 379 382 381 375 377 375 370 369 376 370 367 363 364 362 362 353 351 354 356 356 352 345 344 345 341 343 341 342 338 334 327 330 331 331 327 321 322 317 318 313 313 317 309 307 307 307 302 296 302 296 289 298 288 286 285 283 279 279 274 277 271 277 272 267 270 263 263 259 261 252 252 251 245 247 248 235 248 241 234 229 238 231 228
404 410 406 402 401 397 398 397 395 390 387 391 387 391 388 386 381 385 382 384 380 378 373 373 370 368 365 364 368 363 362 355 359 354 352 355 353 353 343 350 338 346 340 341 334 334 334 330 334 330 325 328 326 317 315 314 315 314 314 308 313 306 304 302 304 292 298 290 296 293 285 288 285 281 284 278 277 273 275 266 267 264 270 258 261 259 260 251 253 250 252 245 246 237 236 235 238 229 225 224
409 409 403 408 400 400 397 399 397 392 392 391 389 385 384 387 381 381 379 379 371 376 377 376 375 369 371 372 365 362 363 363 355 355 358 354 346 347 348 341 344 342 338 342 339 334 332 332 332 326 324 326 330 317 320 313 314 314 309 302 307 305 301 299 302 305 294 299 301 291 292 284 286 282 285 279 276 276 271 265 269 269 265 263 265 258 258 255 247 248 249 243 239 232 237 240 238 231 237 234
405 400 404 402 401 399 398 397 396 396 391 388 390 386 386 387 384 383 382 376 376 374 375 370 369 367 364 363 362 364 361 359 356 358 355 351 355 351 345 345 348 340 336 343 337 337 335 334 339 330 329 329 325 326 321 316 317 315 312 306 307 302 300 306 299 297 298 306 285 291 292 281 287 282 282 279 277 274 273 275 274 264 265 265 257 257 259 257 246 248 247 243 243 243 237 239 235 230 226 227
403 410 404 402 402 401 398 394 399 389 392 387 393 383 387 383 381 384 383 380 374 373 379 371 372 372 367 363 360 357 360 358 359 356 353 355 352 346 344 346 339 342 339 342 340 337 332 338 327 328 325 323 320 317 317 316 311 310 311 303 306 300 303 299 306 300 296 296 295 291 286 291 284 282 282 273 279 275 279 272 266 261 265 266 259 251 252 252 252 247 242 243 236 240 238 239 232 233 236 226
407 401 404 405 403 398 395 398 398 397 393 390 387 389 381 386 382 383 378 381 378 378 377 372 366 373 373 365 366 366 363 359 352 355 350 358 352 348 347 347 345 342 343 341 331 334 331 335 331 326 327 328 328 324 322 321 317 317 315 310 307 306 308 301 304 303 294 297 298 291 288 292 287 281 280 283 276 277 274 272 271 269 270 258 259 256 259 250 248 246 242 239 245 236 243 240 234 231 227 220
405 408 406 405 402 402 396 397 395 389 391 390 387 390 383 390 381 380 380 377 380 381 376 371 369 369 371 369 363 362 362 355 356 353 352 357 351 347 352 347 341 340 337 337 338 334 333 327 333 330 326 330 317 315 317 316 318 313 308 312 312 305 301 302 303 297 296 294 290 292 293 285 282 282 280 282 278 278 272 275 270 273 265 267 254 260 256 249 250 250 244 243 244 237 242 235 232 232 232 229
406 406 401 405 399 404 397 397 394 393 390 394 386 386 384 387 385 380 380 376 374 375 374 371 371 368 364 364 363 360 360 355 358 353 354 350 348 351 348 348 341 341 343 337 334 338 336 333 334 327 325 329 327 320 322 311 316 310 308 306 310 307 301 300 302 303 297 294 292 290 287 290 279 278 281 274 277 277 273 273 270 268 268 265 267 255 253 251 249 249 250 245 245 239 241 238 230 231 228 228
406 408 404 406 400 399 397 396 393 391 392 390 389 391 380 383 382 382 382 379 378 375 376 372 373 370 366 372 362 359 362 364 357 357 356 351 354 341 348 343 342 345 339 342 336 335 333 328 324 321 323 323 324 323 318 321 317 316 315 309 307 304 305 307 301 296 298 291 295 290 290 284 283 284 279 280 273 277 273 270 268 270 268 268 256 255 255 258 257 249 246 249 246 244 240 242 236 233 233 230
403 404 404 402 403 397 399 395 397 396 390 389 388 384 388 386 389 381 384 376 373 378 374 370 368 369 367 362 365 361 358 360 359 356 352 351 357 353 349 341 341 338 338 339 337 339 334 338 329 329 329 324 321 326 323 322 313 313 310 317 310 307 304 300 302 302 296 291 293 291 288 283 279 280 279 282 280 282 274 274 268 269 263 266 260 258 259 254 254 250 246 246 243 238 243 237 235 237 231 224
406 412 405 403 400 402 400 396 391 391 396 391 393 389 388 381 384 379 377 381 380 375 371 370 370 365 370 370 368 360 363 357 357 362 359 354 350 352 346 347 343 345 342 333 338 334 334 331 330 325 324 320 324 325 318 320 312 309 306 306 306 305 299 307 301 302 298 297 292 290 292 284 289 284 284 278 276 274 265 272 269 268 263 263 261 258 251 254 251 248 250 254 237 243 236 231 240 241 233 227
410 407 406 401 398 396 400 399 393 389 393 392 390 386 385 386 382 381 378 378 374 376 372 370 369 371 368 366 366 363 362 363 357 360 355 353 353 347 346 350 346 343 340 338 337 334 330 329 328 330 324 320 321 317 322 312 319 311 317 309 306 308 304 300 302 297 293 291 287 296 292 285 282 288 286 283 274 271 277 271 263 267 268 264 262 256 254 257 252 247 249 248 245 240 238 240 234 235 232 225
404 401 410 404 402 394 396 395 395 392 390 390 386 393 388 388 382 379 379 378 379 368 370 375 371 373 365 371 364 365 363 360 360 357 357 358 355 360 345 344 347 346 341 337 340 336 332 337 329 327 324 327 321 322 327 319 311 315 311 311 308 301 300 305 294 300 303 297 294 289 287 287 293 288 285 277 281 275 273 273 270 266 266 264 262 258 257 258 254 252 251 251 246 239 243 243 227 234 227 227
406 403 407 396 398 403 396 396 397 397 395 397 391 388 384 387 382 382 375 381 374 376 367 369 367 369 365 366 361 363 364 360 357 352 356 352 348 345 350 350 344 345 345 334 338 330 333 331 330 322 325 331 319 320 322 317 317 312 312 304 316 305 303 299 297 299 300 297 293 285 288 289 285 288 279 279 276 275 271 273 272 268 267 258 262 259 252 252 252 243 244 246 243 242 241 238 232 231 232 225
404 403 403 404 398 397 401 399 393 394 391 393 387 389 385 386 384 377 381 383 374 379 374 374 371 366 365 360 363 359 357 358 358 353 350 347 353 346 350 346 344 347 343 341 339 336 330 332 331 329 330 323 318 318 317 316 311 316 311 313 303 306 308 297 299 298 299 295 294 284 293 289 288 280 286 284 273 274 274 270 269 268 262 262 259 257 256 257 255 253 245 251 239 249 231 240 239 229 236 227
407 407 405 402 401 398 396 402 389 397 392 391 386 386 382 382 383 382 379 381 372 373 374 369 374 370 367 365 361 365 359 359 357 354 356 350 347 349 347 344 343 340 339 342 335 332 338 334 328 324 333 327 324 322 324 316 312 311 308 306 308 304 309 300 300 297 295 299 294 283 286 289 283 282 283 278 277 272 274 276 274 264 271 265 256 259 260 253 248 244 246 244 237 241 235 243 238 231 235 228
411 403 402 404 400 402 397 399 395 392 397 394 386 386 387 386 383 381 378 373 379 376 371 373 367 368 370 365 359 360 362 362 355 357 356 352 347 342 345 343 344 342 342 342 340 333 334 334 328 326 323 326 323 321 313 314 315 314 313 310 308 307 306 304 298 297 292 293 295 288 291 285 283 285 284 283 278 279 270 276 271 264 260 262 262 257 257 256 255 255 243 249 243 241 239 235 238 231 233 230
407 405 406 401 403 396 397 394 393 395 388 393 390 390 385 383 385 383 378 380 377 379 366 374 369 366 365 369 366 365 359 354 358 361 351 352 348 349 348 343 342 348 338 344 339 334 333 332 327 329 323 322 325 316 316 317 313 317 313 316 308 317 307 304 303 297 296 292 292 293 295 286 286 283 278 275 280 279 272 270 272 265 267 261 259 266 254 262 251 250 252 250 245 241 235 237 240 229 228 229
405 405 405 403 401 398 397 399 398 386 397 391 388 385 385 386 382 381 378 377 379 377 374 375 374 373 369 368 360 365 361 356 362 354 350 351 353 351 347 343 350 345 342 345 337 333 335 329 333 332 325 326 322 321 311 317 313 314 316 312 312 304 306 299 302 302 298 291 286 288 282 286 284 284 280 282 275 273 271 268 268 269 266 265 259 263 251 254 250 248 249 252 246 241 239 237 232 229 231 227
406 400 405 403 402 394 400 390 393 398 392 388 392 388 381 389 378 376 376 378 374 373 373 374 370 370 366 361 363 361 358 360 361 353 354 349 351 349 342 345 347 345 342 339 338 335 334 327 335 331 329 327 329 318 322 317 318 315 313 307 309 305 307 302 301 302 300 291 289 289 290 289 283 281 283 277 277 270 274 272 267 268 265 269 264 256 253 256 255 252 243 252 246 240 237 245 234 225 228 222
407 406 403 400 404 404 398 405 397 397 387 394 391 386 386 386 384 382 380 380 374 378 370 372 367 372 364 364 363 362 363 360 360 353 364 351 346 346 355 347 342 342 342 339 340 336 331 333 332 331 323 324 328 323 323 315 318 317 312 311 310 306 304 303 299 296 300 291 292 290 284 286 285 281 276 282 277 268 273 271 265 267 261 261 257 254 255 259 249 249 248 246 240 237 240 232 234 235 229 229
409 403 404 407 400 401 398 395 396 395 397 394 391 383 382 389 383 380 377 378 377 374 370 377 373 368 370 369 366 365 354 355 358 353 358 353 352 355 346 344 342 341 343 343 337 337 330 337 331 330 326 323 323 327 316 321 309 313 308 310 312 305 307 303 301 298 298 297 295 290 288 285 283 283 278 285 277 276 276 272 272 268 262 258 258 258 256 251 250 251 247 247 247 240 239 235 227 236 230 227
410 406 401 401 406 398 398 396 394 395 389 390 386 386 388 384 386 380 381 380 376 376 374 374 369 365 364 362 365 361 362 354 354 353 354 355 351 350 350 345 344 342 344 334 336 334 333 333 328 332 323 327 321 322 322 317 315 310 314 314 306 302 302 306 295 300 297 290 295 287 292 288 285 283 284 282 278 278 275 269 266 267 261 255 259 258 257 253 255 249 250 245 248 239 239 231 231 229 232 228
409 408 399 398 399 401 395 399 393 386 395 389 390 388 387 385 384 377 377 378 373 375 372 371 370 370 370 368 363 360 356 359 358 361 353 352 352 349 344 344 347 344 340 344 337 340 336 333 330 333 328 327 321 318 319 321 323 313 314 304 309 312 300 305 301 295 292 296 289 288 291 281 289 287 282 274 280 276 269 268 267 271 258 260 261 259 255 250 255 254 245 243 244 247 235 241 232 228 227 228
408 403 400 404 398 395 397 396 397 397 395 398 392 388 382 382 380 383 377 381 375 374 373 374 371 368 369 364 362 362 361 357 356 354 352 346 353 351 346 351 343 338 335 339 337 335 329 332 331 326 325 325 322 322 318 321 320 314 308 311 306 308 305 297 297 300 294 296 288 290 285 288 283 286 285 273 276 275 272 274 271 265 261 267 261 257 260 253 250 245 247 247 251 239 239 240 237 234 225 226
399 398 400 403 396 398 402 396 392 386 389 392 391 391 390 384 377 381 382 375 374 373 373 375 367 366 370 366 363 365 358 364 359 351 357 350 351 351 347 348 339 348 343 340 337 338 334 335 330 328 323 322 325 324 322 314 317 319 310 312 308 309 303 299 300 297 298 292 289 293 285 284 279 283 283 278 276 272 271 264 266 265 262 265 267 255 252 250 248 247 250 243 243 235 239 239 237 235 230 233
410 403 410 402 404 401 401 397 395 396 389 391 393 389 388 388 385 385 378 380 376 375 374 367 365 365 364 369 366 362 358 357 359 353 352 350 352 344 349 343 341 340 338 336 335 336 336 331 325 327 332 326 327 320 322 314 313 317 314 308 312 303 302 300 295 301 299 298 288 286 288 290 281 282 288 282 275 279 277 265 271 263 270 268 265 257 256 253 256 256 245 245 241 237 238 236 231 235 228 236
404 404 402 399 397 397 394 394 395 393 395 391 391 389 383 383 384 382 380 376 377 371 371 370 369 371 366 361 368 363 358 361 357 355 356 355 355 352 349 346 340 344 341 341 338 336 334 335 332 332 329 325 322 317 316 317 318 314 304 305 312 300 308 300 300 299 298 293 293 286 292 292 290 283 283 276 274 277 273 271 267 275 265 262 250 260 255 252 252 247 248 244 242 238 236 239 231 237 234 225
402 410 403 400 398 403 394 396 399 396 392 389 386 386 384 382 380 381 378 380 375 376 375 373 369 368 368 371 368 359 361 363 359 361 352 350 351 348 345 347 340 336 341 342 340 332 331 332 330 328 327 323 324 318 317 316 319 316 312 306 304 305 304 294 300 299 297 295 293 289 289 290 287 278 283 279 281 275 272 270 275 267 262 262 257 259 255 257 248 248 250 243 246 240 240 235 233 235 226 228
406 403 402 401 403 408 400 397 394 391 391 390 393 388 383 389 384 380 382 379 382 374 371 376 367 365 373 363 367 363 365 363 362 352 355 354 351 349 348 343 343 342 342 341 337 337 335 333 332 335 329 321 322 320 321 312 319 313 308 309 306 303 304 299 303 299 291 292 295 285 291 294 289 284 277 288 280 275 272 267 270 270 266 259 257 263 255 254 248 248 248 248 248 244 242 239 240 234 236 224
406 400 402 402 398 397 396 401 390 390 390 388 384 389 385 382 386 380 378 379 379 374 372 369 374 371 369 361 369 361 363 361 353 353 357 349 351 351 345 349 343 343 342 341 336 336 329 334 332 329 323 325 325 324 321 316 312 308 311 311 311 305 301 300 302 301 300 293 291 290 291 282 282 284 278 274 275 270 278 267 269 263 263 258 258 262 255 257 251 253 244 244 250 235 236 234 235 234 229 227
407 411 405 405 400 396 396 391 397 391 393 394 389 388 387 386 378 381 380 379 373 375 378 370 364 370 365 364 370 362 362 358 357 359 351 351 352 346 350 344 349 339 341 339 338 335 331 333 328 328 324 329 324 323 316 319 313 312 313 314 307 304 307 306 296 301 298 297 295 295 297 291 286 279 281 281 274 276 266 267 268 265 263 261 262 262 256 254 247 250 246 250 244 240 240 237 234 239 232 230
407 413 404 404 395 405 399 400 395 392 396 392 386 390 386 383 385 387 379 384 378 375 374 373 371 373 367 370 367 362 363 355 359 352 360 350 352 347 352 344 347 343 342 334 335 334 328 333 334 326 325 321 326 321 319 321 317 315 312 310 304 312 307 303 302 300 300 290 290 286 294 293 278 288 286 277 277 273 270 264 273 259 271 265 267 267 260 254 261 253 244 247 249 236 236 233 232 243 228 229
404 409 402 407 400 396 398 395 395 390 396 393 393 391 387 388 384 382 379 381 377 373 372 372 373 363 369 361 368 362 360 360 355 357 355 345 351 351 344 344 346 343 337 343 338 332 334 329 329 327 327 323 326 319 319 315 312 315 304 306 304 310 304 303 300 304 296 294 289 293 286 284 287 280 283 279 272 277 271 270 272 267 269 258 258 261 259 251 250 244 249 248 243 244 240 237 230 231 232 226
407 408 402 400 401 398 397 392 404 394 393 389 393 388 388 383 384 376 381 377 373 374 373 372 371 370 368 364 362 360 362 355 359 361 353 355 347 347 352 343 343 344 341 338 340 335 338 332 328 329 327 319 325 325 317 320 315 309 313 309 311 306 301 296 302 295 298 295 295 283 288 285 289 282 281 278 277 275 276 270 267 269 262 263 256 255 254 260 251 252 241 247 240 244 244 237 235 229 226 231
408 402 399 404 405 403 399 401 391 392 392 391 389 385 389 392 385 384 379 376 376 376 376 362 371 370 369 369 363 368 354 359 357 353 359 355 351 349 347 340 338 342 342 341 338 332 339 334 328 329 332 328 324 327 319 320 317 315 307 311 310 300 307 300 296 302 296 292 294 294 290 292 282 282 281 283 276 279 276 265 267 268 265 268 261 257 253 254 251 255 248 249 242 242 236 231 235 231 228 229
402 397 401 404 401 396 397 394 398 395 395 392 388 385 391 388 386 385 382 378 378 369 374 364 378 373 363 362 365 360 360 359 355 356 354 354 350 350 350 345 345 337 340 340 337 332 330 329 331 327 322 328 322 321 320 321 315 314 311 312 308 304 299 301 298 301 296 294 296 295 289 287 288 283 284 277 275 274 276 272 267 263 265 271 262 257 255 248 249 252 246 244 251 242 239 239 236 227 226 227
411 412 406 405 405 393 394 395 392 390 392 390 391 389 387 386 389 383 378 377 374 379 377 374 368 361 368 363 366 367 362 358 358 361 347 354 350 346 349 347 348 338 347 335 341 337 334 332 331 328 327 320 325 325 321 316 318 308 311 310 303 307 303 305 303 299 293 292 291 287 291 289 287 284 279 281 274 269 270 272 266 266 265 255 259 255 257 252 254 251 248 249 238 237 236 236 233 233 231 226
404 406 403 400 396 400 401 397 396 395 390 394 396 386 389 384 385 379 382 378 380 377 369 372 369 368 370 361 366 358 359 367 362 355 354 352 353 347 346 342 348 341 340 337 332 335 335 330 333 325 326 320 319 321 325 317 308 311 309 312 307 304 299 305 301 305 293 295 289 291 294 282 286 280 277 277 275 274 271 271 264 267 269 263 258 263 263 256 252 247 245 240 238 240 239 236 234 232 230 228
404 403 403 398 398 399 395 391 396 391 401 391 392 387 386 380 385 382 381 377 382 378 373 378 364 367 366 363 363 361 362 355 359 353 352 357 352 351 344 348 345 341 342 345 337 334 336 336 332 326 325 323 318 319 323 320 308 311 310 311 309 302 302 304 300 299 296 297 294 285 285 289 281 287 279 276 276 273 271 274 270 261 261 269 260 260 254 261 252 243 252 246 240 242 237 231 232 234 229 230
402 405 399 401 401 397 401 395 395 397 392 393 389 386 377 380 388 381 380 382 382 373 373 373 366 370 366 367 363 358 360 358 360 358 357 352 348 355 346 345 346 348 336 335 337 335 334 330 328 326 322 327 323 324 318 316 317 315 315 308 310 303 299 297 300 298 301 294 294 291 285 288 283 282 279 278 271 275 272 269 264 269 268 264 263 257 257 254 250 253 246 243 245 244 235 233 236 238 234 229
