55 36 50 47 41 43 42 52 53 44 59 43 59 52 51 44 41 54 50 46 48 45 57 55 49 49 46 51 46 49 53 54 51 46 61 44 49 55 57 47 56 56 48 53 47 52 60 45 51 64 53 53 61 46 66 55 53 65 60 53 52 58 67 59 65 53 58 59 63 69 67 60 59 50 65 57 59 72 62 72 67 63 59 51 64 70 61 53 54 64 55 68 62 70 57 56 61 62 66 57
49 41 53 45 39 49 51 49 50 43 49 42 54 52 48 51 45 54 48 45 49 48 43 49 54 51 54 59 52 45 48 48 54 50 56 49 49 36 50 44 46 54 55 54 61 51 63 56 60 61 49 43 51 49 55 67 54 55 52 61 46 60 75 62 61 52 55 60 53 56 52 61 64 65 62 54 50 61 64 62 72 63 75 62 67 61 58 62 59 57 65 76 53 70 59 61 72 64 60 63
53 48 52 54 44 45 52 40 50 36 52 49 55 39 47 54 54 56 50 50 50 50 46 51 52 53 51 57 48 44 57 52 56 49 54 60 50 54 59 46 47 63 59 52 60 61 47 57 52 47 56 55 59 54 56 58 48 49 62 56 58 48 49 51 52 61 68 53 49 57 71 74 58 62 63 71 64 50 62 63 71 61 66 60 67 57 59 66 75 65 79 60 60 68 66 60 78 61 48 64
41 43 48 36 42 46 44 43 52 53 48 53 51 40 50 47 55 46 48 56 44 59 45 54 49 59 48 57 52 53 54 53 59 52 53 54 51 55 51 52 47 51 42 60 50 44 53 46 56 52 55 56 46 60 52 53 49 54 58 65 56 57 68 49 56 56 58 66 64 61 74 48 70 59 59 70 74 64 64 54 61 64 67 58 49 56 60 58 66 46 64 71 55 72 68 71 66 59 77 66
49 51 43 42 45 47 40 52 43 55 53 42 43 41 49 54 48 47 53 51 43 47 49 51 63 47 51 52 45 49 55 41 46 50 52 52 54 50 52 49 56 50 58 64 57 55 49 50 61 55 54 55 37 61 52 56 59 62 56 55 51 59 57 58 62 63 67 61 51 52 60 53 61 55 63 57 53 57 62 63 56 62 52 59 61 51 66 62 69 51 63 58 84 73 79 70 61 65 70 76
41 53 43 44 48 54 49 49 52 48 43 38 45 54 56 55 59 50 50 45 44 47 42 42 52 49 52 45 54 65 54 54 49 55 57 55 52 46 45 51 65 56 59 52 57 70 46 61 56 45 47 55 55 62 55 65 66 56 60 55 58 56 45 49 60 52 61 60 50 58 56 57 58 64 53 67 61 64 66 71 67 48 59 57 56 65 61 53 70 62 60 71 58 76 66 69 77 64 75 79
49 61 56 47 51 52 44 56 46 49 55 56 52 60 52 54 44 44 43 44 42 53 55 58 50 43 52 43 41 56 45 51 38 59 52 58 57 52 41 48 53 39 51 58 46 59 48 54 57 54 53 51 52 55 54 62 56 57 65 64 57 56 55 60 61 68 51 51 64 53 52 59 56 55 54 68 50 76 70 80 64 58 74 74 56 57 61 57 76 70 64 52 68 64 53 67 66 61 53 61
46 49 52 50 68 48 52 44 44 53 44 47 45 49 41 48 49 55 49 44 55 50 55 60 52 49 50 56 54 48 49 41 60 49 52 49 48 57 59 57 50 51 49 55 57 52 51 57 51 59 49 55 44 55 60 60 59 60 43 61 71 52 56 58 55 63 54 56 60 56 51 56 53 56 61 61 50 63 61 73 56 76 60 61 68 58 74 66 73 47 68 77 63 69 61 63 58 55 63 78
49 48 54 54 49 47 49 48 49 43 52 47 53 55 53 50 55 43 49 49 46 48 49 50 39 38 61 48 50 47 58 46 48 55 62 53 53 60 52 51 56 53 56 60 54 45 47 54 50 50 53 55 53 52 59 52 55 54 59 56 61 66 52 57 54 54 66 67 56 55 50 51 60 62 63 61 57 63 60 62 65 60 59 54 82 68 63 67 69 57 64 66 69 54 67 87 62 61 54 75
45 51 48 50 47 66 44 55 45 42 52 52 52 45 49 36 51 47 58 53 55 49 52 36 42 50 53 46 44 61 50 46 53 51 49 47 44 53 55 51 58 52 50 54 59 50 50 60 53 49 59 52 49 59 44 51 57 52 57 63 61 59 56 58 62 58 55 52 66 60 57 56 53 58 65 62 57 59 62 75 57 60 54 62 49 59 65 67 76 56 65 69 75 59 70 88 67 73 70 77
47 38 44 54 56 45 51 46 52 48 46 47 57 43 53 46 45 49 46 39 47 53 44 45 54 53 54 58 58 62 51 58 59 63 49 51 52 58 56 53 50 47 60 52 47 60 56 53 65 49 46 58 60 53 42 58 56 56 46 58 63 49 51 55 58 64 62 53 63 57 59 65 51 45 66 72 57 68 59 61 63 65 60 58 63 70 53 69 60 65 66 59 61 66 60 61 66 72 63 62
47 44 54 51 55 48 53 56 52 47 48 54 46 52 63 47 43 57 49 51 38 50 60 57 43 59 48 54 47 54 51 52 57 55 49 51 44 57 47 54 54 43 57 58 41 46 46 58 49 53 58 56 55 56 57 51 62 58 50 50 63 60 53 53 55 60 65 49 56 47 63 68 67 65 58 60 55 64 61 57 72 56 64 68 63 62 58 76 62 68 64 73 58 70 74 71 80 49 82 82
57 50 40 43 51 47 54 40 45 47 54 51 47 43 38 49 49 54 50 49 46 50 44 56 53 47 53 51 50 63 59 57 41 49 50 48 45 58 51 47 55 50 50 65 65 62 52 51 49 50 59 52 51 46 51 54 60 53 48 54 53 52 51 58 57 58 51 60 60 60 64 61 64 65 59 47 60 54 68 62 80 71 67 69 68 62 76 65 53 76 63 70 73 68 69 50 74 70 62 63
42 39 47 56 45 53 47 53 48 57 48 52 48 42 48 59 55 41 45 37 53 47 48 56 43 51 54 45 52 50 51 45 45 53 52 48 46 50 58 56 46 70 55 54 47 49 59 59 53 56 60 54 51 45 48 50 53 57 57 56 66 54 65 57 60 56 47 70 62 68 53 46 54 62 60 56 68 67 63 75 58 61 76 68 62 54 63 59 69 65 64 66 70 70 69 64 57 81 61 72
41 46 41 50 40 41 46 45 58 51 48 48 53 51 44 46 52 42 52 57 53 43 56 46 54 47 52 58 54 57 51 47 49 47 50 47 61 55 56 43 60 55 50 49 46 47 57 56 44 53 45 56 58 58 57 58 55 51 54 58 48 59 56 57 64 63 62 49 63 65 59 59 66 55 52 73 56 58 72 66 71 63 63 57 56 70 63 61 58 56 62 55 74 60 68 76 68 72 72 67
48 45 51 47 48 45 56 53 49 43 40 55 42 52 53 54 45 52 63 52 53 44 49 55 53 53 49 49 52 50 46 50 50 51 60 50 55 56 46 44 58 44 49 50 44 56 60 37 61 52 52 57 54 49 59 58 56 62 46 58 53 54 57 54 62 68 63 58 60 67 69 58 59 46 69 64 64 66 61 59 54 67 68 63 61 64 68 69 64 70 58 60 65 50 66 61 58 64 64 71
42 50 51 51 53 53 46 50 47 48 62 41 55 46 46 45 47 54 46 51 53 53 43 52 54 52 48 44 55 55 50 57 50 54 52 60 53 49 45 61 57 50 45 52 55 59 54 53 66 58 56 58 45 51 67 57 57 57 67 70 51 44 65 55 49 44 66 66 71 51 65 67 51 69 66 65 54 49 67 65 60 68 58 62 66 65 61 67 62 74 50 62 73 69 67 70 55 71 65 60
46 41 47 45 49 49 52 44 46 47 48 52 47 60 48 52 59 53 51 49 46 55 52 50 52 57 47 48 45 50 48 47 50 58 53 53 47 55 64 55 60 45 49 54 43 55 45 58 48 51 57 50 48 52 60 64 57 53 62 60 73 66 56 52 58 59 50 52 55 63 61 63 73 64 55 59 54 67 51 71 54 69 70 64 67 66 56 63 60 67 66 67 60 63 60 73 62 63 69 71
45 51 50 49 40 56 46 55 46 54 51 49 42 45 44 52 56 46 53 54 47 41 59 56 50 51 56 44 53 44 46 47 45 52 56 55 55 49 56 53 48 51 63 56 61 43 46 48 48 52 64 59 50 59 59 65 48 53 51 50 53 53 55 58 58 60 59 55 53 62 51 54 57 57 61 52 63 65 58 64 62 66 69 59 63 66 75 67 69 65 58 58 62 59 84 68 81 80 73 74
44 41 42 49 48 48 45 42 52 50 43 42 50 44 49 51 48 52 62 42 51 60 38 49 54 49 49 56 53 51 54 53 56 52 54 52 46 38 49 42 58 49 45 54 58 61 52 60 58 54 52 45 55 65 54 53 53 45 55 60 58 62 61 47 56 51 50 63 73 62 64 70 48 59 55 50 65 69 53 65 68 61 62 60 61 65 81 56 73 68 67 64 79 60 63 65 72 62 74 62
45 44 53 37 47 38 48 52 58 44 49 55 40 57 43 41 33 45 55 54 44 49 41 49 53 45 50 62 36 52 55 50 50 53 52 59 49 62 40 54 50 61 59 52 56 54 59 56 48 59 50 56 58 67 61 56 46 51 49 54 65 60 45 57 65 69 63 51 71 62 64 49 58 58 61 45 63 60 59 64 59 63 54 54 68 51 66 61 60 61 58 60 71 67 56 71 60 59 64 69
45 40 49 38 43 50 46 45 47 58 47 53 48 47 52 36 42 57 46 50 45 51 50 48 46 66 56 51 50 49 48 47 54 58 69 52 59 58 42 54 52 60 56 53 50 57 49 46 64 57 55 56 57 57 50 57 50 60 57 63 52 55 61 47 57 58 52 51 72 64 55 57 58 55 51 73 73 67 50 58 63 63 63 63 66 49 59 67 59 68 67 75 60 65 56 48 63 65 64 56
51 51 50 46 45 52 53 56 39 54 43 51 44 54 49 51 38 44 42 48 52 50 62 60 46 48 53 50 45 55 51 49 50 39 47 41 45 46 45 57 46 51 50 56 47 54 56 52 53 61 52 57 55 58 48 58 57 48 50 61 52 58 58 51 60 59 59 56 62 52 50 56 49 70 65 47 61 76 56 60 57 59 63 69 50 70 62 73 70 76 72 59 63 60 64 64 69 70 67 72
42 48 43 48 49 48 45 52 50 56 47 52 56 54 48 45 49 54 43 48 52 49 51 54 42 50 47 52 56 45 52 58 53 52 52 51 43 52 58 54 55 51 65 50 50 60 51 58 51 62 52 58 64 53 58 65 57 49 60 63 54 57 57 50 62 63 61 55 61 56 67 65 64 61 64 65 61 55 51 53 62 50 61 59 70 71 59 55 63 54 66 63 66 62 56 77 71 62 68 64
50 48 38 52 44 45 48 45 57 46 55 50 49 53 49 56 42 43 48 48 55 45 61 49 57 56 43 51 53 54 50 47 54 42 56 52 59 66 56 52 55 56 66 55 51 52 50 40 53 50 48 47 55 52 56 67 60 52 63 54 53 59 68 53 66 66 58 59 58 52 50 65 58 61 52 63 50 63 61 53 71 59 67 66 72 68 68 68 65 62 67 64 72 63 64 71 79 62 74 63
46 44 44 45 43 63 55 53 46 47 41 47 54 48 50 49 49 48 57 52 50 41 48 62 58 51 49 51 55 56 48 44 47 54 53 47 56 50 68 52 59 59 43 53 44 44 62 64 53 52 55 45 61 53 58 71 59 48 51 72 57 55 56 52 46 56 59 63 64 63 73 70 54 66 70 57 58 48 68 57 46 58 66 52 72 61 67 63 54 67 71 68 58 65 64 53 65 73 53 64
51 41 51 44 62 54 45 48 48 61 41 49 42 47 43 47 49 51 49 45 55 56 52 43 57 57 45 55 56 61 50 47 51 55 58 55 49 53 53 51 49 58 52 53 47 50 46 57 61 53 52 59 55 57 57 42 57 66 50 49 57 58 59 52 70 54 68 59 53 57 55 65 64 57 53 48 72 56 69 63 64 72 67 69 61 65 65 61 70 59 71 72 79 69 66 72 65 58 64 61
46 57 43 48 50 46 42 52 50 46 53 51 38 53 48 53 52 57 45 46 51 40 58 53 51 52 43 43 54 51 56 54 55 47 53 62 47 61 55 50 45 51 50 49 49 58 55 53 54 63 50 57 58 59 59 56 54 61 46 65 55 53 55 47 48 48 59 72 62 57 56 61 57 58 63 65 69 62 67 50 59 66 71 66 60 67 67 56 63 57 57 57 71 64 77 69 71 71 57 67
49 53 48 47 42 51 38 48 46 42 60 48 51 43 55 51 49 46 58 41 43 43 55 44 47 57 47 62 55 53 46 44 59 47 50 53 51 59 49 52 47 56 49 46 53 50 53 43 56 59 54 55 53 50 65 56 58 59 64 53 51 63 54 56 62 60 54 59 61 59 53 52 55 61 57 68 61 56 58 59 49 57 70 65 55 52 59 66 74 63 64 60 70 72 66 66 73 84 70 82
33 48 54 62 43 49 49 52 42 46 51 52 56 47 44 51 47 44 53 46 44 50 49 53 53 53 47 43 55 58 52 46 54 55 47 48 56 56 55 37 51 54 57 56 59 62 52 58 47 62 56 50 58 59 42 61 51 51 59 61 56 55 53 58 60 53 55 54 53 71 55 60 55 58 72 50 64 70 52 55 52 57 62 56 70 59 69 60 57 62 65 68 61 78 59 54 78 71 67 69
52 50 53 49 43 64 42 50 41 40 44 45 51 54 50 53 42 45 47 54 50 50 46 52 48 50 43 54 46 57 55 45 53 54 64 57 58 62 49 54 45 53 59 51 51 51 51 55 62 54 56 47 62 57 54 61 54 58 44 64 56 69 59 68 51 70 57 64 62 56 65 69 55 62 50 52 64 67 54 72 63 55 62 68 63 68 65 73 61 72 62 57 64 57 63 71 56 62 58 63
47 47 48 55 49 57 45 48 56 46 48 44 53 51 43 41 46 52 48 43 51 62 49 50 60 57 48 48 52 39 53 60 53 56 36 57 54 57 50 52 50 50 61 64 52 58 62 59 58 62 68 53 50 63 54 57 50 57 56 67 57 46 49 60 68 62 47 54 79 66 53 57 66 70 61 58 59 55 65 69 65 63 76 59 62 62 71 51 70 71 53 63 75 53 62 66 71 74 75 71
49 48 55 49 55 41 37 55 45 46 51 47 48 50 42 49 52 49 52 56 50 43 54 65 60 45 52 53 51 57 47 54 49 46 48 55 49 56 45 65 53 50 65 48 57 50 51 55 53 48 55 59 50 43 59 60 51 63 56 61 60 57 45 62 58 45 65 58 52 62 48 58 64 59 71 68 64 45 67 49 59 66 59 59 61 67 63 59 68 58 68 66 78 61 75 71 70 73 57 76
43 46 44 52 55 49 51 46 43 43 43 51 49 54 44 46 49 50 49 50 61 50 51 50 53 49 60 59 54 53 63 53 42 48 57 40 66 59 56 54 50 50 57 56 52 44 49 47 58 60 55 67 61 60 55 55 54 64 58 58 54 51 60 61 63 71 59 56 50 63 54 50 63 54 70 60 60 75 56 67 62 64 70 56 67 62 62 60 75 70 70 62 75 63 63 63 60 74 66 76
51 46 44 47 47 48 52 42 42 48 39 45 46 49 52 44 43 45 47 52 45 51 46 48 50 54 60 54 50 52 57 51 52 47 48 57 59 53 51 54 52 51 58 51 63 43 55 50 59 56 55 61 51 57 54 50 57 54 49 52 68 57 58 52 58 69 52 53 62 62 51 51 51 59 61 54 49 66 72 56 73 70 59 53 61 73 71 64 71 62 72 59 64 75 65 63 67 59 77 62
37 45 43 55 57 45 55 46 47 49 52 47 50 45 44 52 51 47 53 53 51 54 49 50 56 48 46 54 50 57 50 59 49 61 50 44 46 56 56 47 50 58 56 51 58 52 60 58 59 53 48 54 55 49 58 55 62 57 45 56 66 60 58 55 55 52 63 60 52 64 70 61 59 50 56 66 60 53 67 66 63 57 60 66 52 64 64 62 60 69 63 59 68 75 62 70 74 79 65 59
52 43 49 53 46 45 47 48 46 56 40 52 55 55 55 45 48 51 43 48 53 54 55 47 45 46 56 47 49 51 54 49 52 59 50 52 43 55 54 57 53 51 54 57 68 50 51 60 52 62 54 64 58 60 57 55 58 55 55 66 44 61 62 53 60 67 60 65 65 54 83 64 66 68 52 56 71 60 61 54 58 50 68 59 57 67 62 59 67 63 62 72 65 61 62 66 60 58 61 61
39 48 44 41 48 46 47 55 44 56 50 55 47 41 41 52 50 41 43 51 42 51 58 51 49 51 43 46 56 44 49 49 46 48 52 49 59 60 51 56 47 41 45 50 43 55 46 58 57 61 57 57 51 59 47 59 60 55 62 59 49 67 53 56 56 62 63 59 59 58 59 64 65 55 51 66 66 60 72 52 73 62 67 68 68 59 65 80 60 73 70 72 65 65 65 69 67 57 69 50
37 44 44 46 53 45 58 49 50 40 44 44 48 47 59 44 47 58 51 43 48 48 57 52 41 53 45 61 54 44 45 37 52 47 57 40 53 41 55 53 45 42 51 47 58 60 50 63 44 53 63 66 59 54 51 55 49 67 58 62 67 61 54 55 61 69 58 59 62 61 61 49 52 64 61 62 57 66 70 55 60 64 62 60 55 56 65 76 71 64 70 56 57 75 65 74 61 74 54 70
50 43 48 47 47 50 48 39 43 52 55 55 44 42 52 50 57 56 41 49 53 52 55 44 41 49 54 51 52 48 49 49 50 51 51 56 54 52 49 51 54 55 48 51 52 56 62 39 56 52 49 54 56 53 54 51 47 51 60 53 71 49 60 58 50 63 47 60 55 55 57 65 47 56 61 62 57 65 59 61 61 68 60 67 58 64 53 57 72 75 56 73 64 51 57 64 64 68 62 67
49 41 52 38 47 43 47 46 47 49 47 44 51 48 44 51 59 44 56 53 53 45 47 55 53 49 55 51 59 59 53 47 47 47 51 52 57 46 57 49 58 59 57 58 40 56 69 68 59 64 58 56 52 61 50 49 54 70 61 55 59 59 65 63 52 67 60 60 55 62 47 64 55 65 64 65 64 56 50 53 59 56 67 60 62 60 51 64 82 70 56 73 65 60 63 73 54 69 68 74
50 47 45 49 51 55 48 41 53 48 45 48 48 56 46 40 47 49 57 52 42 53 47 39 54 50 54 55 49 61 42 53 55 55 45 45 49 51 60 56 52 58 69 46 53 64 55 62 59 63 63 65 49 50 59 57 55 53 54 66 52 53 67 50 72 44 57 62 62 65 60 66 60 59 65 57 51 71 70 63 61 52 68 74 60 57 49 72 67 63 59 62 63 70 64 60 76 73 67 75
43 47 46 55 49 44 52 59 41 49 41 40 47 47 45 55 46 48 39 51 51 50 57 48 48 55 57 37 45 53 46 48 54 49 55 55 52 51 50 52 49 62 54 56 61 56 57 48 55 48 64 60 48 54 56 55 58 53 66 58 62 55 49 61 55 66 58 60 73 53 61 63 57 58 64 62 56 60 56 67 59 55 55 56 61 61 68 50 63 75 64 65 69 61 66 72 77 67 58 77
48 37 53 45 49 43 45 47 50 55 45 45 52 59 41 51 51 44 52 48 52 55 51 51 46 67 50 65 57 40 50 51 50 40 45 52 48 52 61 54 48 50 64 54 55 52 54 62 52 58 57 58 49 52 51 67 51 51 63 67 64 68 57 59 71 65 72 66 52 62 70 57 61 57 64 65 63 64 62 56 63 60 71 54 62 66 62 70 66 46 71 72 60 68 66 68 72 66 70 62
42 43 39 50 50 55 50 49 45 54 48 44 40 46 52 47 42 58 61 50 47 51 55 41 46 48 50 46 49 46 47 58 54 48 42 50 53 60 49 50 48 51 51 55 56 52 55 46 47 51 40 57 48 52 50 52 60 69 66 54 60 59 55 58 40 55 62 58 49 52 57 70 65 58 59 59 71 65 61 70 63 58 58 70 61 68 75 62 60 63 81 55 71 63 72 66 83 63 53 76
45 49 41 46 49 56 43 54 36 40 47 52 49 42 42 55 49 43 49 53 47 55 44 48 53 56 50 52 48 58 54 57 59 54 51 56 52 50 47 49 54 55 52 45 61 69 63 56 49 47 53 47 58 57 65 52 48 79 58 57 59 58 61 58 65 54 57 62 54 55 48 57 56 58 64 77 52 63 53 68 61 72 67 60 64 60 58 54 65 56 62 63 70 57 65 73 70 66 61 57
44 48 44 44 49 51 48 43 54 40 50 45 52 53 43 49 51 52 60 52 44 58 57 49 52 49 58 61 49 58 50 60 46 59 46 64 51 56 56 44 51 50 59 60 52 42 61 64 56 51 59 61 56 60 54 63 65 56 63 51 60 56 48 58 62 74 59 65 50 56 59 56 62 51 48 83 52 46 58 71 77 49 57 66 74 66 65 58 63 64 54 62 69 56 74 68 68 70 63 68
46 48 39 52 53 45 50 47 56 53 54 53 57 52 50 52 47 65 54 40 51 51 64 50 46 49 47 48 52 47 51 58 61 58 47 52 60 59 52 51 52 50 72 61 61 51 61 51 53 58 58 66 55 68 58 55 61 61 41 66 60 59 62 42 47 62 50 58 62 58 70 75 53 67 73 75 60 64 66 62 55 51 57 63 65 61 59 64 73 66 52 70 60 72 67 64 65 67 66 70
44 46 45 46 44 49 48 50 53 48 48 44 50 57 48 45 44 52 59 46 45 52 58 46 49 47 52 56 51 45 51 51 58 55 52 50 54 54 62 46 57 50 57 60 50 59 57 67 64 55 57 57 60 55 60 55 57 53 55 56 59 57 52 52 44 58 67 53 54 59 60 62 66 59 54 64 57 66 73 51 52 64 63 67 71 64 65 60 66 60 66 70 61 68 62 51 65 70 74 61
50 48 50 53 43 46 46 50 40 41 45 38 47 56 43 49 51 51 42 40 44 46 46 55 47 51 50 58 54 45 53 49 49 52 38 47 51 52 51 57 47 49 53 59 58 53 50 47 45 63 54 61 58 52 66 56 60 45 60 56 60 53 71 58 66 61 63 68 68 72 56 57 60 61 51 65 67 60 58 61 53 51 68 66 65 59 63 60 69 66 59 77 70 61 57 76 69 73 80 69
48 51 50 42 47 46 51 49 52 46 47 56 51 41 57 48 51 42 56 49 48 40 48 47 45 46 40 57 47 46 52 44 39 50 56 61 45 55 51 62 64 52 55 62 54 49 58 57 54 51 52 59 50 45 59 50 38 63 64 56 54 68 59 59 60 50 62 63 62 58 56 66 53 56 56 59 64 58 62 58 65 67 53 53 54 65 61 58 65 66 69 66 64 60 72 69 72 63 72 65
50 45 54 42 45 43 48 52 47 39 33 46 49 56 45 47 60 55 49 54 47 43 48 47 55 44 51 49 51 54 48 52 55 54 52 47 48 50 50 58 51 46 52 52 55 55 56 58 56 52 51 55 58 52 61 51 76 58 49 56 63 63 55 59 66 61 56 47 58 64 61 54 61 55 63 67 63 53 66 68 67 77 61 65 64 68 68 72 62 64 77 70 59 62 68 54 66 66 56 58
54 46 43 50 55 46 45 43 35 54 51 56 39 41 42 54 44 44 47 45 52 49 49 55 51 55 43 45 61 42 52 50 55 58 56 51 57 52 61 57 50 54 49 58 55 43 58 53 63 46 62 48 56 50 57 54 57 59 55 58 53 56 70 69 54 53 59 64 65 60 53 48 71 65 55 56 56 70 59 51 63 71 70 69 71 56 66 69 71 64 76 66 60 73 52 75 82 63 65 69
53 40 47 45 45 51 44 51 46 43 46 61 41 41 60 58 49 58 45 52 54 59 53 63 46 51 41 51 52 49 56 48 57 56 53 49 55 45 54 60 47 47 62 58 61 52 60 60 57 50 51 49 51 55 53 66 56 50 56 56 49 59 57 56 64 53 57 50 70 57 69 52 56 51 73 54 63 56 63 69 73 66 59 64 60 65 67 64 63 63 56 69 71 66 79 61 61 50 66 63
47 46 50 39 53 47 51 38 47 44 50 57 53 44 43 44 48 53 51 46 45 50 55 59 40 53 47 45 49 54 48 55 52 54 51 50 46 63 56 55 49 51 47 56 48 56 59 54 61 53 58 53 52 55 63 58 53 55 62 62 61 65 53 53 60 60 67 64 53 61 60 64 58 66 59 60 59 72 59 59 54 54 71 65 56 59 75 55 66 63 60 55 60 67 80 71 63 67 63 74
49 43 55 54 47 47 47 49 44 44 63 45 39 39 54 51 46 45 45 48 54 54 46 50 60 46 46 60 55 46 49 54 56 53 54 50 64 63 51 60 46 57 55 49 48 53 54 50 57 67 54 56 49 52 52 66 54 61 56 52 61 50 47 58 58 51 53 59 56 67 54 61 59 46 69 70 52 67 64 73 67 63 50 57 59 67 67 74 77 60 56 73 78 68 60 55 79 83 67 70
41 39 51 37 44 57 56 43 53 47 51 50 50 46 51 51 41 46 40 40 49 39 46 53 52 52 51 54 48 50 58 61 52 60 52 60 45 50 53 54 55 48 54 52 46 60 63 44 52 59 52 63 51 45 57 52 49 64 47 67 63 62 48 61 61 61 61 48 52 55 46 66 57 54 51 55 59 55 69 54 79 74 57 54 60 66 68 73 55 65 74 60 58 65 66 67 64 66 74 69
48 40 53 48 42 52 47 48 45 48 40 55 52 52 47 39 52 48 49 53 54 55 48 48 50 62 49 53 54 48 45 59 45 52 59 52 58 43 40 51 60 51 50 57 51 56 53 49 50 59 50 56 46 48 57 53 47 58 56 55 65 62 68 55 62 65 56 51 70 56 54 63 64 55 60 63 55 50 48 62 61 58 57 64 74 64 71 55 56 70 70 70 83 74 71 65 64 65 71 70
47 47 52 50 47 45 48 34 45 49 45 55 54 39 56 38 45 47 45 44 58 52 48 43 54 47 50 56 44 59 44 46 44 51 48 62 48 42 54 49 55 55 54 48 51 63 53 44 47 48 63 53 57 58 51 49 55 47 45 58 69 60 46 50 49 67 71 55 60 69 61 64 52 60 53 51 50 60 54 74 61 56 55 67 65 68 74 66 64 74 71 69 79 63 63 75 59 51 57 62
46 42 51 40 48 47 35 44 55 44 41 44 53 46 45 53 47 45 50 53 47 53 51 47 50 67 54 52 52 55 54 56 41 47 50 57 62 59 46 52 52 49 60 61 60 63 54 50 55 61 61 60 53 57 52 57 49 55 63 55 56 55 59 51 50 68 55 47 71 58 50 58 56 54 58 51 63 58 69 63 61 64 59 63 62 64 54 60 61 56 63 69 50 80 68 62 54 79 68 63
41 56 50 48 45 44 46 48 48 43 42 50 45 53 53 47 45 56 55 64 58 54 49 49 51 51 45 49 55 55 55 46 53 50 51 60 55 61 43 60 47 60 54 53 49 52 51 49 58 56 52 64 57 49 52 54 59 54 62 53 69 58 58 57 68 41 65 53 64 61 51 57 58 58 66 62 66 54 70 51 60 59 75 53 63 64 71 56 66 65 76 61 75 59 60 60 71 61 56 59
53 59 44 53 47 50 50 48 53 45 54 47 54 44 44 52 47 49 46 50 38 50 56 63 61 51 58 61 56 49 54 55 47 47 56 58 43 50 48 44 57 54 48 60 52 53 50 58 59 55 54 59 69 48 53 50 57 57 46 41 52 53 51 50 62 69 56 64 76 58 64 56 63 66 66 58 59 62 55 53 61 68 63 64 70 60 64 64 51 66 65 58 57 48 61 75 72 61 79 76
44 38 48 50 49 48 52 49 52 48 46 44 49 49 49 55 51 52 52 48 50 47 53 45 50 50 41 47 44 53 51 47 50 55 54 50 61 52 53 54 63 53 43 60 55 56 52 58 69 57 64 64 65 69 59 52 58 57 56 50 60 53 53 67 57 54 63 74 44 59 66 49 69 62 66 60 61 58 60 72 70 55 61 66 56 63 69 71 53 62 64 62 63 70 61 69 65 59 56 66
41 53 49 49 51 49 48 43 52 42 45 44 59 40 49 47 49 54 54 49 48 47 59 49 52 59 47 51 45 43 49 51 52 54 48 55 56 47 48 53 42 53 50 63 60 56 50 66 50 53 50 54 52 51 52 56 46 49 54 49 59 48 53 54 69 61 57 61 64 60 55 68 60 59 61 52 62 62 69 61 55 49 61 71 62 47 56 66 65 58 54 59 50 60 63 70 60 70 75 57
50 43 48 53 50 48 48 50 56 52 46 48 46 50 39 48 43 49 46 52 53 55 53 53 43 63 61 46 60 56 56 49 42 51 48 61 55 54 53 53 54 55 61 59 43 52 48 60 59 50 56 61 65 62 62 63 59 57 64 58 58 58 63 52 63 68 54 65 72 53 63 69 68 54 61 69 57 66 66 64 69 64 73 61 58 58 65 53 55 55 54 52 73 54 71 67 60 66 57 52
47 49 54 48 54 52 47 49 45 42 43 51 47 55 43 57 42 46 49 47 51 62 55 49 47 51 59 59 47 50 50 45 52 50 48 57 52 50 61 53 46 46 46 47 50 51 54 44 58 59 55 64 45 47 48 57 59 54 47 63 59 51 57 57 66 58 55 60 55 63 69 56 55 59 61 63 59 70 64 69 63 70 64 75 54 68 63 55 60 68 61 62 68 55 67 61 62 66 67 66
48 49 48 51 44 53 49 49 49 52 46 57 42 48 45 55 55 47 53 45 48 48 52 49 49 45 47 47 53 49 48 46 53 52 51 49 49 54 58 54 47 51 57 52 48 56 57 56 59 53 49 62 61 53 63 46 54 48 52 50 59 60 51 53 60 61 59 60 57 58 60 65 51 51 61 50 61 65 63 65 67 63 69 69 75 60 62 57 61 58 71 64 63 64 66 72 59 60 57 66
48 52 49 55 52 46 47 46 44 45 46 45 52 55 40 49 44 49 57 47 51 47 52 54 50 49 52 63 48 47 52 63 48 53 53 49 57 39 57 47 48 63 48 60 53 51 51 53 40 43 53 53 60 61 54 62 57 57 58 55 58 57 56 65 61 51 61 51 59 58 60 53 52 57 56 65 54 66 61 61 58 70 69 73 51 55 62 72 70 62 64 71 71 71 69 76 66 71 70 70
33 45 50 49 55 47 49 46 52 50 45 48 46 46 52 52 57 43 56 42 38 48 48 49 46 53 48 46 54 47 49 52 55 57 51 50 58 60 60 46 47 46 46 56 52 61 56 63 55 53 58 50 52 67 62 64 55 51 59 71 62 58 55 53 59 65 61 49 62 57 57 53 50 59 57 65 69 69 66 70 58 69 62 73 63 63 68 63 67 65 62 70 68 61 75 68 65 76 70 62
46 62 56 50 49 54 50 51 45 45 55 52 51 49 54 48 49 43 43 54 56 45 48 47 46 44 51 59 61 45 54 50 52 62 62 53 47 55 51 55 52 56 59 44 57 49 55 53 55 50 52 45 53 67 56 61 54 48 46 47 54 54 48 68 61 65 59 64 57 59 66 56 67 63 66 61 60 60 46 65 60 65 59 61 63 60 55 59 64 60 67 80 55 66 61 54 78 82 70 62
52 50 52 46 41 43 50 52 40 40 52 52 52 50 43 55 45 49 50 48 45 50 50 48 47 54 46 50 56 58 51 62 53 56 52 48 59 45 51 61 57 51 52 51 54 54 50 53 50 63 53 48 52 46 61 50 60 50 69 61 51 60 59 60 61 55 56 50 51 66 70 57 52 72 68 69 53 54 69 64 50 63 69 71 67 64 56 68 64 58 66 71 70 62 63 76 66 68 74 59
47 44 59 52 49 39 43 46 45 46 44 47 43 57 54 52 44 46 52 46 56 38 44 55 51 58 48 59 52 59 57 53 57 51 55 59 62 70 52 50 51 58 53 51 59 56 51 64 52 54 54 59 51 52 73 57 44 56 57 58 52 51 51 61 44 61 72 64 62 56 57 58 72 68 63 60 70 61 63 65 65 60 69 67 67 64 64 76 68 65 74 75 78 60 76 81 52 71 59 64
47 47 51 39 41 54 45 43 51 52 54 64 51 45 45 53 49 47 43 54 47 51 36 45 44 55 48 51 45 51 57 53 53 43 56 51 48 44 55 61 54 59 62 41 52 46 49 54 52 45 56 65 47 52 60 55 59 53 59 49 72 56 57 54 48 55 64 62 55 51 58 60 66 69 58 59 58 61 59 66 69 67 65 56 69 68 58 60 67 56 54 69 66 70 63 68 62 65 73 60
45 46 49 52 44 46 49 54 45 52 46 54 43 53 48 48 47 40 50 57 47 57 50 52 53 49 46 42 49 48 44 50 58 51 47 44 58 49 58 57 50 62 57 59 56 58 49 53 55 57 59 52 47 48 49 55 48 60 56 58 52 55 64 51 61 58 68 57 62 50 73 68 65 54 68 71 52 61 62 60 59 60 57 64 59 59 66 68 71 73 60 75 56 81 49 72 72 58 79 65
48 52 51 50 52 50 50 58 35 56 47 49 39 46 43 43 49 49 48 57 42 46 53 45 60 56 47 52 45 52 50 54 50 47 53 49 44 51 51 44 51 54 50 59 51 46 64 56 48 48 64 60 56 56 66 56 49 50 49 46 55 49 64 49 55 55 51 66 62 49 55 65 58 62 69 55 59 55 63 73 70 57 78 67 58 66 71 63 57 51 63 59 54 66 56 76 74 59 76 66
56 44 48 53 44 55 44 46 43 47 58 55 48 46 51 54 47 44 47 39 55 51 48 56 44 48 52 56 43 47 50 56 47 52 56 49 46 44 44 50 57 54 56 62 62 50 57 57 49 51 49 54 57 57 45 46 55 59 60 59 57 54 59 64 55 55 52 55 62 54 62 57 58 60 66 68 64 67 59 73 68 57 51 61 63 60 64 67 71 74 56 71 70 63 64 65 74 63 72 67
52 49 49 45 52 39 48 41 45 52 42 50 54 51 43 47 54 53 47 49 47 58 37 49 48 44 46 56 56 56 51 42 55 59 45 53 48 55 54 46 53 62 51 66 56 53 51 58 51 56 50 51 61 47 51 57 50 58 60 64 57 76 58 62 64 53 55 58 59 56 69 57 64 57 55 56 70 65 57 62 71 60 65 61 61 78 58 79 60 69 71 71 65 67 55 63 74 60 62 68
45 46 52 49 46 45 48 54 55 34 57 46 47 49 43 51 52 51 49 46 55 54 49 54 60 59 55 56 47 58 51 48 62 45 47 48 57 57 54 46 62 58 54 64 54 49 58 52 59 67 51 56 52 52 42 60 51 54 62 62 61 48 62 55 59 64 62 53 42 55 51 58 59 62 57 70 58 60 59 57 59 62 66 69 59 68 51 64 58 59 65 76 70 64 60 64 59 60 71 64
47 40 53 51 50 42 52 40 43 59 47 44 54 48 41 58 38 45 42 49 42 45 51 55 46 52 49 40 52 51 49 51 61 47 53 50 56 50 42 49 61 60 56 54 56 54 56 49 64 57 60 56 70 47 66 55 58 65 59 51 55 59 65 59 56 69 64 54 47 54 59 61 58 56 67 57 61 51 61 64 60 67 63 74 71 59 58 67 71 68 57 75 70 64 60 83 63 58 66 53
49 50 45 42 51 55 49 64 51 60 40 50 55 49 47 50 53 51 52 52 44 50 43 53 43 59 48 47 51 49 56 56 60 49 69 50 43 47 69 55 48 52 56 58 59 56 52 55 63 58 47 53 68 62 68 49 58 60 61 62 58 59 58 60 53 56 67 52 59 57 52 57 60 54 55 68 63 52 63 60 58 63 58 59 53 55 61 76 59 65 65 64 59 51 65 58 66 72 64 69
48 47 45 60 49 52 45 49 52 53 57 50 50 39 44 61 49 43 45 49 46 50 41 56 52 49 56 62 54 54 39 47 48 46 66 56 56 65 46 51 51 49 61 63 50 62 50 61 59 59 57 51 55 64 50 62 42 59 50 56 61 55 64 58 62 56 62 66 64 65 60 60 57 58 54 72 57 68 68 63 69 65 62 53 52 64 60 58 62 69 63 67 72 60 68 63 56 74 63 65
55 53 44 45 54 43 52 46 48 52 47 48 43 46 53 47 57 47 51 53 50 53 49 52 50 47 48 44 49 49 51 41 48 47 51 52 55 54 57 51 51 55 60 50 50 48 55 56 55 60 44 58 48 56 55 55 57 47 59 62 48 51 55 69 51 62 59 52 63 53 65 59 62 60 67 66 62 65 66 55 55 61 55 51 61 68 68 58 70 66 70 62 77 62 64 51 59 63 69 68
51 51 42 42 43 50 41 56 48 37 54 48 51 49 50 45 53 41 40 49 46 43 48 50 48 52 57 55 47 50 46 54 52 64 50 52 51 52 50 49 58 58 53 62 53 67 57 57 55 66 59 59 57 54 55 66 66 57 65 46 61 70 52 65 59 52 58 62 50 54 64 52 68 65 62 52 67 62 50 55 63 71 51 55 65 67 60 52 74 73 60 58 68 72 57 76 62 60 59 69
47 44 40 51 44 42 47 44 56 55 50 58 56 47 44 46 47 55 46 55 49 48 50 56 47 49 54 50 49 55 55 49 49 43 49 42 63 56 50 63 50 49 42 51 54 57 42 55 55 49 52 58 58 57 54 64 66 60 49 58 53 62 57 47 56 58 52 65 53 55 47 63 54 69 66 53 62 58 64 68 67 59 54 73 62 60 70 61 62 55 58 66 83 65 65 71 75 72 55 61
32 31 46 48 37 46 57 47 37 35 42 51 50 58 55 48 43 49 54 45 45 44 47 57 43 49 59 49 46 53 49 63 59 49 57 50 53 58 53 58 43 63 59 53 57 59 56 56 54 56 45 51 61 58 60 47 62 65 55 58 57 65 55 52 57 55 61 55 55 61 52 51 51 66 65 62 61 56 57 47 59 61 59 68 73 55 57 54 53 57 67 59 63 52 66 68 66 76 66 71
54 46 59 44 52 48 52 52 45 54 44 50 53 49 53 59 51 57 45 53 48 52 54 44 40 44 47 57 55 53 51 51 57 52 49 44 52 47 52 43 49 53 46 45 51 51 56 48 47 52 64 57 62 56 64 46 54 61 59 54 68 52 53 57 47 65 62 66 53 51 62 70 55 61 75 61 60 72 68 52 64 58 73 73 72 59 63 65 75 74 60 66 62 58 63 65 58 72 62 84
46 45 47 43 40 45 44 42 50 46 53 50 49 46 44 47 53 54 51 47 50 43 47 44 48 54 49 42 56 51 43 49 54 51 56 55 57 63 57 55 44 53 53 58 54 53 51 58 56 61 60 56 56 51 50 49 59 58 45 50 63 50 61 53 59 59 60 55 63 51 69 71 68 59 64 59 56 67 60 62 59 82 62 65 44 62 63 59 63 61 62 65 65 59 60 69 60 72 73 59
41 52 45 43 44 55 39 47 59 51 48 45 43 45 41 49 44 48 45 50 47 51 51 55 47 47 53 59 59 46 53 62 52 61 49 47 50 52 50 57 43 42 57 57 58 47 50 52 53 49 60 52 56 54 47 53 61 61 60 52 49 51 59 43 55 62 62 56 63 59 57 65 65 50 63 59 63 63 61 61 75 62 58 61 59 63 60 72 56 63 66 57 73 63 74 61 59 71 56 69
46 42 43 43 50 61 53 55 40 44 48 45 58 49 46 54 54 47 56 50 57 49 45 52 45 45 60 49 55 53 60 63 56 46 57 53 50 51 54 49 48 52 55 57 53 61 58 57 61 69 58 49 57 56 61 44 60 57 46 55 55 54 62 51 60 59 47 51 64 53 69 77 67 63 57 80 68 59 65 61 64 69 65 56 61 72 64 64 55 64 65 70 78 70 69 70 76 69 82 64
47 41 45 48 43 44 45 54 40 45 42 46 41 50 47 47 56 50 51 55 54 49 50 40 55 55 58 44 58 49 60 54 44 47 54 46 54 54 50 61 50 52 59 59 57 54 50 52 58 52 48 56 62 63 54 51 52 46 58 55 66 57 49 51 61 61 67 54 55 56 62 50 51 62 55 51 58 53 72 56 61 56 60 54 55 72 62 69 64 76 60 63 74 53 62 60 63 64 65 65
48 57 54 55 53 43 45 41 53 42 49 58 48 52 51 53 44 47 48 47 49 49 59 49 39 49 48 51 66 50 54 50 50 60 46 51 57 49 58 54 63 53 52 48 57 58 46 56 54 60 54 66 60 60 50 57 51 58 58 60 53 55 62 68 50 62 59 60 67 67 72 64 60 51 61 66 56 61 54 57 60 59 57 60 67 69 65 63 57 69 64 73 63 61 68 65 64 77 71 71
46 63 49 51 40 61 49 50 49 51 57 50 44 54 53 48 54 57 48 65 51 51 55 52 55 59 47 57 54 52 53 46 57 44 60 46 51 49 60 48 57 53 56 44 46 49 46 56 59 51 51 48 61 54 56 64 61 59 56 52 50 65 62 59 61 63 62 46 54 52 69 73 49 69 72 59 62 56 57 51 69 46 80 68 74 79 75 64 83 70 57 67 76 52 57 58 59 89 63 71
44 59 42 55 49 38 53 49 48 44 54 50 55 58 49 56 46 56 44 49 51 50 48 57 56 44 55 41 55 51 49 54 48 56 55 41 55 56 52 54 56 56 47 60 55 51 52 49 56 54 52 55 63 56 51 55 50 58 44 49 49 65 61 57 62 66 63 53 52 61 57 58 67 48 67 64 53 65 56 59 69 59 71 58 60 74 66 58 58 54 65 70 63 73 70 71 59 67 72 63
49 50 46 45 47 46 48 44 60 48 51 49 59 50 53 45 50 37 51 46 41 49 53 56 50 56 56 45 48 45 54 43 53 62 48 57 44 47 63 46 49 58 54 53 59 55 61 55 47 53 56 41 61 61 55 59 55 45 65 56 65 58 51 45 60 53 61 62 68 50 58 54 70 62 61 60 57 61 67 56 59 65 53 62 57 57 61 75 61 67 53 65 61 70 75 63 69 56 62 69
48 45 42 51 58 54 53 53 41 47 52 49 52 47 55 65 57 50 46 47 49 52 55 32 57 52 53 56 53 62 39 54 51 50 60 55 54 53 51 46 42 51 55 55 55 48 63 56 48 57 69 63 60 67 54 58 54 58 51 61 60 50 65 54 52 69 61 55 63 61 60 68 56 60 60 69 62 67 71 50 62 66 61 74 64 65 55 62 66 75 66 71 63 68 58 55 69 59 64 72
38 34 43 53 45 43 44 44 56 51 52 51 50 44 56 57 54 54 53 48 52 42 52 38 63 57 44 42 51 43 50 52 47 53 50 53 54 52 58 54 52 44 52 57 55 49 50 52 55 48 44 62 58 56 60 61 60 58 52 62 53 58 51 51 56 64 57 52 66 65 61 60 72 62 64 60 57 57 65 61 60 57 63 82 64 62 55 51 64 69 61 62 75 66 68 69 70 53 56 62
58 63 52 52 51 34 43 46 46 42 46 46 57 49 54 53 62 48 49 42 47 60 55 55 46 41 53 48 50 57 54 49 55 61 40 55 55 48 58 57 61 46 62 51 57 57 53 55 57 50 51 47 60 62 59 55 61 48 59 58 50 56 56 63 62 57 52 54 56 46 65 67 64 62 57 67 58 53 56 66 57 66 59 51 60 51 67 65 66 67 64 71 51 59 59 65 61 68 71 61
47 52 48 50 35 50 53 50 54 51 47 60 66 47 53 51 52 51 55 46 52 54 47 47 53 52 53 39 54 46 49 62 58 51 53 48 55 46 52 47 59 55 53 50 44 57 56 51 62 50 50 51 45 53 67 54 45 49 56 60 53 59 43 66 59 75 54 63 52 58 72 52 60 51 56 57 58 57 55 62 51 60 74 64 59 74 77 64 65 60 63 54 52 62 65 60 67 66 67 61
42 45 46 47 45 43 44 44 47 42 61 53 55 46 46 41 55 54 51 46 59 52 47 57 38 46 50 48 49 52 51 49 51 43 48 56 55 55 47 57 60 53 59 62 55 49 64 61 59 50 54 52 46 54 59 56 41 53 54 55 61 52 51 60 57 64 55 63 61 48 51 63 55 61 58 57 54 62 58 68 65 53 57 73 63 63 61 80 67 55 72 67 59 68 68 53 61 71 61 72
41 48 41 47 47 42 52 48 43 56 48 53 43 44 35 45 57 50 53 57 55 45 48 50 44 49 50 55 53 44 51 47 60 60 58 53 45 59 49 57 58 63 46 50 57 55 55 51 49 49 50 63 56 61 56 58 59 60 62 52 60 52 46 49 53 55 65 58 62 58 54 63 56 61 57 61 52 63 55 58 55 65 69 62 69 57 66 65 60 67 60 63 65 66 61 59 64 78 73 69
