60 40 55 52 47 49 47 57 59 49 65 49 65 56 56 48 46 60 55 52 55 51 63 61 55 54 51 57 52 54 59 59 57 52 67 49 55 60 64 52 62 61 55 59 53 58 66 51 57 70 58 59 67 52 72 61 60 71 67 59 58 64 74 65 71 59 63 66 68 76 73 67 66 54 71 63 67 80 67 79 73 69 65 56 70 76 67 59 60 70 61 74 69 77 62 61 66 68 73 62
55 47 59 50 43 54 57 55 55 49 55 47 60 58 53 57 51 59 54 50 54 53 48 54 60 57 60 65 57 51 53 54 59 56 62 55 55 40 56 49 51 60 61 59 67 57 69 62 66 67 54 49 57 54 61 74 60 60 58 67 51 66 82 67 66 57 61 66 59 62 58 66 71 70 67 60 55 67 71 67 79 70 82 67 74 68 65 69 66 63 71 83 59 77 65 67 80 71 66 69
58 53 57 60 49 50 58 45 55 41 58 55 60 45 53 59 61 62 55 55 55 56 52 56 58 58 56 62 54 49 62 59 62 53 60 67 55 60 65 51 53 70 65 57 66 66 52 63 58 53 61 61 65 61 61 64 53 54 68 61 64 53 54 57 58 68 76 60 55 62 79 81 64 69 70 78 70 56 68 70 77 66 71 66 74 62 66 72 83 71 86 66 66 74 73 66 85 68 54 71
46 49 53 41 47 52 49 49 57 58 53 60 56 44 55 52 61 51 53 64 49 65 50 60 55 65 53 63 58 59 59 60 65 58 59 60 56 60 56 56 52 57 47 66 55 49 58 51 61 58 61 62 52 65 57 58 55 60 64 72 61 64 74 54 61 63 64 73 70 68 81 53 77 66 64 77 81 69 70 61 68 71 74 64 54 62 66 64 72 51 72 77 61 79 74 78 73 64 85 72
55 57 49 46 50 52 46 58 48 61 60 47 48 46 54 59 53 53 59 56 48 52 54 56 69 52 57 57 50 55 61 46 51 56 58 57 59 56 57 56 63 55 64 70 63 61 54 56 67 61 59 61 42 68 58 61 65 68 62 61 56 65 63 65 68 69 74 67 57 56 66 58 67 61 69 63 58 64 69 69 62 69 57 65 67 56 73 68 75 57 69 63 93 79 87 76 68 72 77 84
46 58 50 49 54 60 55 55 58 53 48 43 51 59 62 61 66 56 56 51 51 53 47 46 57 54 59 50 60 72 60 59 55 61 63 60 57 52 50 56 72 62 64 58 63 76 51 66 61 51 52 61 62 68 62 72 72 62 65 61 64 62 50 54 67 57 67 66 55 64 62 62 65 70 58 73 67 71 73 78 73 54 65 63 62 72 68 58 76 68 66 77 65 84 73 76 84 70 81 86
55 67 61 52 57 58 50 62 50 54 61 62 58 66 57 59 49 50 50 49 48 59 61 66 56 48 58 49 46 62 50 57 42 66 57 64 63 58 47 53 58 44 57 66 51 64 54 58 62 59 57 57 57 61 59 68 61 62 72 70 63 62 60 67 67 74 57 57 71 60 58 64 61 61 59 74 56 85 78 87 70 64 80 81 61 63 67 64 84 77 70 57 74 70 59 73 72 68 59 67
51 54 57 56 73 54 58 49 49 58 50 53 49 54 45 54 55 61 55 49 61 56 61 66 58 55 57 62 59 53 54 45 67 55 58 54 53 63 65 63 55 57 54 61 62 58 56 63 56 65 55 61 49 60 66 67 64 65 48 66 77 58 62 65 61 69 60 62 66 62 57 61 58 62 68 68 55 70 66 80 62 83 65 67 75 65 80 73 80 51 74 84 68 76 66 69 63 60 70 86
55 54 61 59 55 52 55 54 55 49 58 53 60 62 58 55 61 47 55 54 51 53 54 54 43 44 68 55 57 52 64 50 53 61 68 59 59 66 58 56 62 58 61 66 61 50 53 60 55 56 59 61 59 58 65 57 61 59 65 61 67 72 58 63 60 60 73 73 61 61 56 55 66 68 69 67 63 69 66 68 72 65 66 60 90 74 69 73 77 63 70 72 76 60 73 95 68 67 59 82
50 56 53 57 53 72 49 61 51 48 59 57 59 50 54 42 57 52 64 58 62 54 57 41 48 57 58 51 50 67 55 52 59 57 55 53 51 59 61 57 64 57 55 60 65 56 56 65 59 54 66 58 54 66 50 57 63 56 62 69 67 65 61 65 68 64 61 58 72 66 63 61 59 64 71 68 63 65 70 82 63 67 60 68 56 64 72 74 84 62 71 75 81 65 78 96 73 81 76 83
53 43 49 61 62 50 57 52 58 54 51 52 64 48 59 51 50 55 51 45 53 59 49 51 59 59 59 63 64 69 56 63 65 69 56 56 58 65 63 57 55 53 65 59 52 66 61 58 72 55 50 63 67 60 47 64 62 62 52 63 69 54 56 60 64 71 68 59 70 63 65 72 57 50 73 79 62 75 65 67 70 72 66 64 69 77 59 76 66 71 72 64 66 72 66 66 72 79 69 68
53 48 60 56 61 54 60 61 57 51 54 60 51 58 70 52 48 63 55 57 43 56 66 63 49 64 54 60 52 59 56 57 63 59 54 58 49 63 52 61 60 49 63 65 46 52 52 64 55 58 64 62 61 62 63 55 69 63 56 55 69 66 59 59 61 66 72 54 61 53 69 73 72 71 63 67 61 70 66 62 78 62 70 75 69 69 65 84 67 75 71 80 63 77 81 78 88 55 91 90
63 55 45 48 58 53 60 45 51 52 59 57 53 48 44 55 55 60 56 55 52 55 48 62 58 52 58 56 56 69 66 63 47 55 57 53 50 64 57 52 60 56 56 70 72 69 57 58 55 56 65 57 56 51 55 60 65 59 54 60 59 58 58 63 63 64 56 65 66 66 70 67 70 71 64 51 67 61 74 69 88 79 73 76 76 69 83 71 59 83 69 77 79 74 76 56 81 77 68 69
48 44 52 62 50 58 51 59 53 63 53 56 53 48 53 65 62 47 50 42 59 53 54 62 48 57 59 51 58 55 57 50 50 59 57 53 52 56 63 62 51 76 61 58 51 53 65 65 59 62 66 60 56 51 53 55 59 64 63 62 71 61 72 64 67 61 53 77 68 74 58 52 59 68 67 63 75 74 69 81 64 67 83 74 68 59 69 65 76 71 69 73 78 77 76 70 63 88 67 80
46 52 46 55 45 45 53 50 65 55 53 53 58 56 49 52 57 48 57 63 58 49 61 51 60 53 58 64 59 63 57 53 54 52 56 52 68 61 63 48 66 61 55 53 52 53 63 62 48 58 50 62 64 65 63 64 61 57 60 64 52 65 62 62 71 69 68 54 69 71 65 65 73 61 58 80 62 64 78 73 77 69 69 63 61 76 69 68 64 62 68 60 81 66 74 84 75 79 79 74
53 50 58 53 53 50 62 59 55 48 44 60 47 57 60 59 50 57 69 58 59 50 56 61 59 58 54 54 58 55 53 56 56 56 65 55 61 62 50 50 64 50 55 57 49 62 66 41 67 58 57 62 59 55 65 64 63 68 52 64 59 60 63 59 68 75 70 64 66 73 76 64 65 51 76 70 71 73 67 64 59 73 75 69 68 70 75 76 71 76 63 67 72 55 72 65 64 71 70 77
47 56 56 57 60 59 51 55 52 53 68 46 59 51 52 50 53 60 51 56 60 59 48 58 60 58 54 50 61 60 56 63 56 59 58 66 59 53 51 68 63 57 51 58 61 65 59 59 72 65 63 65 50 57 73 63 62 63 74 77 56 49 71 60 54 50 72 72 78 57 72 73 56 75 72 72 59 55 74 72 67 75 64 68 73 72 66 73 67 80 56 68 79 76 73 77 61 78 72 65
51 47 53 51 54 55 58 50 51 53 54 57 53 66 54 58 65 60 56 55 52 61 57 55 59 63 53 54 51 57 54 53 56 64 58 59 52 62 70 61 66 51 54 60 48 61 50 64 54 56 62 55 55 58 67 70 63 59 68 66 80 72 62 57 65 65 57 58 61 70 68 70 79 71 61 66 59 73 57 78 59 75 77 69 73 72 63 70 67 74 72 75 66 69 66 79 68 68 76 78
50 56 56 55 46 62 51 61 52 60 56 55 47 52 49 59 62 52 58 60 52 46 65 61 55 56 62 49 59 48 52 51 50 57 63 60 61 53 62 59 53 57 69 61 68 49 53 54 53 57 70 65 56 67 65 71 55 58 58 55 59 58 60 64 64 66 65 61 59 69 56 59 62 62 67 57 68 71 65 70 68 72 76 64 70 73 83 74 76 72 64 65 68 65 92 73 89 87 80 80
49 46 48 54 53 53 50 47 58 56 48 48 55 49 54 57 53 58 69 47 57 66 43 55 59 55 56 62 59 57 59 59 62 57 59 58 52 43 55 47 65 54 50 59 64 68 57 67 64 59 58 51 61 71 60 60 58 50 61 66 64 69 66 52 61 56 57 69 79 67 70 76 54 65 61 55 71 76 60 71 75 67 68 66 67 72 89 62 80 75 74 71 86 65 68 72 78 69 80 68
50 50 58 42 53 44 54 58 64 49 55 61 44 64 48 46 38 50 61 60 49 55 47 55 58 50 56 68 42 58 60 55 55 58 58 66 55 69 46 60 55 68 66 59 62 60 65 62 53 65 55 61 64 74 67 61 51 57 54 60 71 66 51 63 70 75 70 56 77 68 71 53 64 63 68 50 69 65 65 70 65 70 60 59 75 57 72 66 65 67 65 66 77 74 61 77 66 65 70 76
51 46 55 43 47 55 51 50 52 65 52 58 55 53 57 41 47 63 51 54 49 56 56 54 50 72 62 56 56 55 54 52 60 64 75 57 65 63 48 59 58 66 62 59 56 64 55 51 70 64 60 62 63 65 55 63 55 66 61 68 58 61 67 52 62 64 57 56 79 71 62 63 64 61 57 80 79 74 55 64 69 69 69 69 71 54 64 74 66 74 75 81 65 71 63 53 68 70 70 61
58 57 56 52 51 57 59 61 44 61 48 55 49 59 54 58 44 49 47 54 58 55 68 65 52 53 59 55 50 61 57 54 56 44 53 46 50 51 49 64 51 57 55 62 53 59 61 57 59 67 58 63 60 63 53 63 64 54 55 68 58 64 64 56 65 64 64 61 69 58 55 62 54 77 72 53 67 83 62 66 63 65 69 75 55 77 68 80 78 82 78 65 70 65 69 70 76 76 75 79
47 53 47 53 55 53 49 59 57 63 53 58 62 60 54 49 55 60 48 52 57 54 56 60 47 55 52 58 61 50 57 64 58 58 58 56 48 57 64 61 60 57 70 56 56 65 57 64 56 68 57 64 71 59 64 71 63 55 67 70 61 62 62 55 69 69 66 61 67 62 74 71 70 66 69 71 67 61 55 59 68 54 66 64 77 78 66 60 69 60 72 69 72 68 62 84 78 68 75 70
56 54 43 59 49 50 54 52 63 51 61 55 54 60 55 62 47 47 54 53 60 50 68 55 63 63 48 56 59 59 55 50 60 47 63 57 65 73 61 58 61 62 74 61 57 58 55 46 58 54 54 54 60 57 63 73 67 57 69 58 58 65 75 58 72 72 64 65 64 58 56 72 64 67 58 69 55 69 67 59 78 65 74 74 78 74 74 73 71 68 74 69 79 70 71 78 86 68 81 69
52 49 50 51 49 70 61 59 51 53 46 52 60 54 56 55 55 54 63 59 57 45 54 69 64 57 55 58 61 63 54 50 51 61 59 52 62 56 74 57 65 64 47 59 48 50 68 70 59 59 61 50 67 59 64 80 65 53 56 78 63 61 63 58 51 62 65 69 71 69 79 77 60 73 77 63 63 54 74 64 52 64 73 57 79 67 73 70 61 73 77 76 63 72 70 59 71 80 59 70
56 47 56 49 69 60 51 52 54 67 47 54 47 54 48 53 54 58 55 50 61 62 58 50 63 64 51 61 61 68 55 52 56 61 65 61 55 59 58 57 54 63 58 58 52 55 51 63 68 58 58 65 61 63 62 47 63 72 55 54 62 64 65 57 76 59 75 64 60 63 61 72 70 63 59 53 79 62 74 70 69 79 72 76 67 71 72 68 77 66 78 79 86 76 72 79 71 64 70 67
51 63 48 53 55 52 48 58 55 52 59 56 43 59 55 59 57 63 51 52 57 45 65 60 57 57 48 48 60 57 62 61 61 54 59 69 53 67 61 56 51 56 56 55 55 63 61 59 60 70 55 63 64 65 65 62 58 67 52 72 61 59 61 52 53 53 65 79 68 63 61 67 63 64 70 70 75 68 74 57 65 73 77 72 66 74 74 61 69 62 63 62 78 70 85 75 78 76 63 74
55 60 55 52 48 57 43 53 51 47 68 54 56 47 61 56 55 51 63 46 49 48 62 50 52 64 53 69 61 58 51 50 66 52 55 59 56 65 55 58 53 63 55 53 58 56 59 48 62 65 60 62 58 55 71 61 64 64 70 59 57 68 60 62 68 66 60 65 67 65 59 56 61 68 62 74 67 62 64 65 54 62 76 71 60 57 64 73 81 70 70 66 78 80 72 72 80 92 77 89
37 53 59 69 48 54 55 57 47 52 57 59 61 52 50 56 52 49 59 51 50 55 55 60 59 59 53 48 62 64 58 51 60 61 52 54 62 62 61 41 57 59 62 62 65 68 59 64 52 68 61 55 64 65 48 68 58 57 65 67 61 62 59 64 65 58 61 59 58 77 60 65 61 65 79 55 70 76 58 61 58 64 68 61 76 65 76 66 62 68 71 74 67 85 63 61 85 77 73 76
57 55 59 54 49 71 47 55 47 46 49 51 59 61 56 58 47 51 52 60 56 56 52 58 54 57 48 60 51 64 61 50 59 59 72 63 63 70 53 60 51 59 65 57 57 56 57 61 68 60 62 53 68 64 60 67 59 65 49 71 62 74 65 75 56 76 63 70 68 63 72 76 61 68 56 57 70 74 59 80 69 61 68 74 69 74 70 79 67 79 68 62 69 63 69 77 61 68 64 70
52 52 54 62 54 63 50 53 62 51 54 49 59 57 49 47 52 58 53 48 57 68 56 56 67 64 54 53 58 43 58 67 59 62 41 64 60 62 56 57 55 57 68 71 58 64 68 65 64 68 74 58 55 69 60 64 55 62 62 73 63 52 55 66 75 68 53 60 86 72 59 63 72 77 67 64 65 61 72 75 71 69 83 66 68 69 79 57 76 78 60 68 81 59 68 73 78 81 83 78
55 53 60 55 62 45 42 62 51 51 56 51 53 55 48 54 58 54 58 63 55 48 59 70 66 51 59 58 57 63 52 60 56 52 54 60 55 62 51 72 60 55 71 53 64 56 57 61 58 53 61 66 56 48 65 65 56 71 62 67 65 63 51 68 64 49 71 64 58 68 53 64 70 66 77 74 69 49 73 53 66 72 66 64 67 74 69 66 75 64 74 73 84 67 82 78 77 80 62 83
48 52 49 58 61 56 56 51 48 49 48 57 54 59 50 52 54 57 54 56 66 56 57 56 59 55 66 65 60 60 69 59 48 55 63 45 73 64 62 59 55 57 63 62 58 49 55 53 64 67 62 74 67 67 60 60 60 70 63 64 60 56 66 67 71 77 65 62 56 69 61 55 69 60 77 66 66 82 62 74 68 70 77 61 75 68 67 66 82 78 76 68 83 68 69 69 67 82 73 83
56 51 49 52 52 53 58 49 47 53 45 52 51 54 58 50 48 50 54 58 51 56 51 54 56 60 66 60 56 58 63 56 58 54 53 63 64 59 57 61 58 56 64 57 69 48 61 56 65 61 61 68 57 63 59 55 62 61 54 58 75 62 63 58 64 75 58 59 67 69 57 57 58 65 68 60 56 73 78 62 80 77 64 60 67 81 78 70 78 67 79 65 70 82 72 69 73 65 84 68
42 52 49 60 63 50 61 51 53 54 58 53 55 51 48 58 56 52 59 59 57 60 56 55 62 54 51 59 55 63 56 64 55 67 55 49 50 62 62 53 56 65 61 57 65 57 66 64 66 59 53 60 60 53 65 61 68 62 50 62 72 66 64 61 62 56 69 66 57 70 77 67 65 55 61 72 67 60 74 72 69 63 66 73 57 70 70 67 67 76 70 66 75 81 68 76 82 87 71 65
58 49 54 59 50 50 52 53 51 61 45 58 60 61 61 50 54 57 49 54 58 59 61 53 51 50 61 52 55 58 60 54 57 65 55 58 49 60 60 63 59 57 60 64 75 55 57 65 57 69 61 70 64 66 63 62 65 60 61 73 50 67 68 59 65 72 66 72 71 60 90 70 72 75 57 61 79 65 68 60 64 55 74 65 63 74 68 65 74 69 68 79 71 66 68 73 66 64 68 67
44 54 49 46 53 51 53 61 49 63 56 61 53 46 47 57 56 46 49 57 48 56 64 57 55 57 49 51 61 49 54 55 52 53 57 55 64 66 56 63 53 46 50 56 48 61 52 65 63 68 63 63 56 65 51 66 66 62 67 65 55 74 59 62 61 69 70 65 65 65 65 70 71 61 56 73 72 66 78 57 80 69 73 75 75 65 73 87 66 80 77 80 71 71 70 76 73 62 77 54
42 49 50 51 59 51 64 55 57 45 49 49 53 52 65 50 52 64 57 49 54 54 63 58 46 59 51 67 60 49 50 43 57 52 63 46 58 45 61 59 50 48 58 53 63 67 56 69 49 58 68 72 64 60 57 62 54 73 64 68 73 67 60 60 68 77 64 64 67 67 67 56 58 70 67 67 64 73 77 60 66 70 67 66 61 61 72 84 78 69 77 63 63 82 72 81 66 80 59 78
55 49 53 54 53 55 55 43 48 58 62 61 49 46 58 56 62 61 46 54 58 57 62 49 47 55 60 56 58 53 54 53 55 56 57 63 59 58 54 56 59 61 53 58 58 63 68 45 62 58 54 59 62 59 59 56 52 58 66 59 77 55 66 63 56 69 52 66 62 60 63 72 53 61 67 68 63 71 64 67 67 75 66 73 64 70 59 62 79 82 63 79 72 56 63 71 70 75 69 73
55 47 59 43 52 49 53 50 52 54 53 50 56 54 50 57 65 49 62 59 59 51 52 61 58 55 61 56 65 65 59 51 52 52 55 58 65 52 63 54 64 66 63 64 45 61 76 75 65 70 63 61 57 66 55 55 58 77 67 61 64 65 72 69 57 72 66 66 61 68 52 70 62 71 70 72 70 61 56 59 64 62 73 66 69 66 57 70 89 77 61 80 72 66 68 79 59 76 74 82
57 53 50 55 56 61 54 47 59 54 50 55 52 64 51 45 52 54 64 58 47 59 52 45 60 55 60 61 54 67 47 60 62 60 51 50 55 57 66 61 58 64 76 52 59 70 60 68 66 69 69 71 55 55 65 63 61 59 61 73 57 59 73 56 78 48 64 68 69 71 66 72 66 65 71 63 57 78 77 69 66 58 73 80 66 63 55 78 74 70 65 68 69 76 71 67 84 81 73 83
49 52 52 60 55 49 58 66 46 56 45 46 53 53 51 61 52 53 44 57 57 56 64 53 54 60 63 43 51 60 52 55 61 54 61 60 58 56 56 57 54 69 59 62 66 63 63 55 61 52 70 66 53 60 61 61 64 60 73 65 69 61 54 67 61 72 63 67 80 59 67 70 63 65 69 68 62 66 62 73 64 60 61 61 68 67 75 55 69 82 70 70 76 67 72 79 85 73 64 84
54 41 60 50 54 48 51 53 56 62 51 50 60 66 46 57 57 48 58 54 57 62 57 56 50 74 55 71 62 45 56 58 55 46 51 57 54 57 68 61 53 55 70 59 61 59 61 68 58 64 63 65 54 58 56 74 57 58 70 73 71 75 63 66 76 72 79 72 58 68 77 62 66 63 70 72 69 70 68 62 70 66 76 60 68 72 68 77 73 51 78 80 65 74 72 75 79 73 78 67
47 47 44 55 56 61 55 55 51 59 55 49 46 50 57 53 47 63 67 56 53 57 61 46 51 52 56 51 54 52 54 65 60 54 47 55 59 66 55 55 53 56 56 61 63 58 61 51 53 57 45 64 54 58 55 57 66 75 72 60 65 66 60 65 45 61 68 64 55 56 63 76 72 63 65 65 77 72 66 77 69 63 64 77 67 75 81 69 67 69 89 60 79 68 79 73 92 69 59 83
50 54 48 53 54 62 49 61 40 46 53 57 55 48 47 61 55 48 55 59 52 62 48 54 59 61 56 58 54 63 60 63 65 61 57 62 57 54 52 55 59 60 57 51 67 75 70 61 54 52 59 53 64 63 71 57 54 87 64 63 65 64 67 63 72 60 63 68 60 60 54 64 62 63 70 84 59 69 58 75 66 80 73 65 70 66 64 60 71 62 69 69 76 63 71 80 77 72 67 63
49 55 49 49 54 56 54 48 59 45 55 50 58 60 49 55 58 57 65 58 49 64 64 55 57 55 63 67 55 65 55 65 52 65 51 70 57 62 62 49 57 55 65 67 58 47 68 70 61 56 66 67 63 66 59 69 71 63 70 56 66 61 54 64 69 81 65 72 56 62 65 62 69 56 52 89 58 51 64 78 84 55 63 73 82 72 72 64 69 70 59 69 76 61 81 75 75 77 70 75
51 54 44 56 59 51 56 53 62 59 60 60 63 57 56 58 53 71 60 45 57 57 71 56 51 56 53 54 58 53 57 65 67 64 52 57 66 65 58 57 58 56 77 68 67 56 68 56 58 63 64 72 62 74 64 60 66 67 46 72 67 66 68 46 53 68 56 64 69 63 77 82 59 74 81 82 66 70 74 68 61 56 64 68 72 67 65 70 80 72 58 76 66 79 73 71 72 73 73 77
48 51 51 52 50 55 54 55 59 53 53 49 56 63 53 51 49 58 65 50 51 58 64 51 53 53 58 60 56 51 57 57 65 62 59 54 60 60 68 52 63 56 64 66 55 64 62 74 70 61 63 63 65 61 66 60 64 58 60 62 65 63 57 57 49 64 74 58 59 66 65 69 72 66 60 72 62 73 80 57 57 70 69 74 78 70 72 66 72 65 72 77 67 75 69 56 71 77 80 68
55 54 56 59 49 51 52 57 45 46 50 43 52 61 47 56 57 57 47 45 50 50 51 60 52 57 55 63 60 50 59 54 54 57 43 53 56 58 57 63 52 56 59 66 64 59 56 53 50 69 60 67 64 59 72 62 67 51 66 63 65 59 77 64 73 67 69 75 74 79 62 64 66 67 57 72 73 65 64 69 58 55 75 73 70 64 69 66 76 73 65 85 77 68 63 84 76 80 89 75
53 58 55 49 54 52 58 55 58 52 53 62 57 46 64 53 57 47 61 55 53 45 54 52 50 51 45 62 52 53 58 49 45 56 62 67 49 60 56 68 70 56 60 68 60 54 66 63 60 57 58 66 55 50 65 55 42 69 71 62 61 74 65 65 66 56 69 68 68 65 62 73 59 61 62 66 70 63 68 64 71 74 58 58 60 72 67 65 71 72 76 72 70 66 79 76 79 69 79 70
55 51 59 47 50 47 53 58 52 44 37 52 55 63 50 52 67 61 54 59 52 48 54 53 61 50 57 54 56 62 54 59 62 61 58 53 53 56 55 64 56 51 58 58 61 61 62 64 61 58 58 61 64 58 67 56 84 64 53 62 69 69 62 65 73 69 62 51 64 70 68 60 68 61 70 75 70 58 71 75 74 84 67 71 71 75 75 79 67 70 84 77 65 68 74 61 72 73 62 64
59 52 48 56 61 52 51 48 41 59 57 62 44 47 48 60 50 49 52 50 59 55 55 61 57 61 48 51 67 48 58 55 61 64 61 57 62 58 69 62 56 60 55 63 61 49 65 59 69 51 68 54 62 56 62 60 63 65 61 65 59 63 76 75 60 58 66 71 71 65 59 53 78 72 60 62 62 77 66 57 70 79 77 76 78 63 72 74 78 70 84 73 66 80 58 83 88 69 72 77
59 45 53 50 50 57 50 57 52 49 52 68 47 46 66 63 54 64 51 59 61 64 59 69 51 56 46 57 57 56 63 53 63 62 58 55 60 50 60 66 53 52 69 64 67 58 67 65 63 55 57 54 56 61 59 73 61 55 62 62 55 65 62 62 69 59 62 56 76 63 76 59 62 57 80 59 70 62 69 76 80 72 66 71 66 72 73 71 69 69 62 76 78 72 87 67 67 56 73 69
52 52 56 45 58 52 57 43 52 50 56 62 58 50 49 49 54 58 58 52 51 55 60 65 45 59 53 51 54 61 52 60 58 59 56 56 52 69 62 60 55 57 52 62 53 62 65 60 68 59 64 59 58 61 70 65 58 62 68 68 67 71 59 58 65 67 74 70 59 67 67 70 65 73 65 67 66 79 66 66 60 60 78 72 62 66 82 60 72 69 65 61 67 74 88 78 69 73 69 82
55 48 61 59 53 52 53 56 49 49 69 50 43 44 60 56 52 51 50 53 60 60 52 56 66 52 52 66 61 52 55 60 61 58 60 55 70 69 56 65 51 62 60 55 54 59 59 55 63 73 60 62 54 57 57 72 58 67 62 57 68 56 52 63 63 56 59 64 62 74 60 66 66 51 77 77 58 74 70 80 74 68 56 62 65 75 73 81 84 66 62 80 85 74 66 61 86 91 74 77
46 44 57 41 49 63 62 48 58 54 58 57 57 51 57 57 47 52 45 45 54 44 52 59 58 58 57 61 53 56 64 67 57 66 58 67 51 57 59 61 61 54 60 56 52 66 68 50 58 65 58 69 58 50 62 59 55 70 52 74 70 68 54 67 67 68 67 54 58 60 51 72 63 59 56 61 64 61 77 59 86 82 63 59 67 73 74 80 62 72 81 65 63 71 73 74 71 72 81 75
53 45 60 53 47 58 52 55 51 55 46 60 58 57 53 45 59 53 55 59 60 61 54 54 56 68 55 59 60 54 51 65 50 57 65 58 65 49 45 56 67 59 54 64 56 63 59 54 55 65 56 62 51 53 63 59 53 65 62 61 70 68 75 61 69 71 62 57 77 62 60 69 71 61 66 69 61 55 54 68 67 64 64 70 80 70 79 60 61 77 76 77 90 82 77 72 70 71 77 76
52 52 57 57 51 50 53 39 50 55 51 62 60 44 61 42 50 52 50 50 64 57 54 48 60 51 56 62 50 64 51 51 49 57 54 68 54 46 59 55 61 61 60 53 57 70 60 50 53 54 70 59 64 64 58 54 61 53 51 63 76 66 50 57 54 74 78 60 66 77 68 70 57 65 58 56 56 66 60 82 68 62 61 73 71 74 81 73 71 80 78 76 85 70 69 81 65 57 62 68
53 48 56 46 54 52 39 49 60 49 47 48 60 51 50 60 51 49 55 57 52 58 57 53 57 74 60 57 58 61 60 62 47 53 55 62 70 65 52 58 58 54 66 68 67 69 59 56 62 67 67 67 60 63 58 63 55 61 68 61 62 60 66 56 56 75 61 52 78 64 55 64 61 61 64 56 70 64 76 69 67 70 66 69 69 69 60 67 67 62 69 76 56 87 74 68 59 86 75 69
45 62 55 53 51 49 51 54 54 48 48 56 51 58 59 52 50 62 62 71 64 60 54 55 57 57 51 55 61 62 61 52 60 57 57 67 61 68 48 66 53 66 58 58 55 58 57 55 64 62 58 70 63 55 58 60 65 59 69 58 76 65 64 63 75 46 71 59 70 68 56 63 64 65 72 68 73 60 77 56 66 66 82 58 70 70 78 62 73 71 83 68 82 65 67 67 78 67 62 65
59 66 49 59 52 57 56 52 58 50 62 51 60 50 50 58 51 55 52 55 43 56 62 69 67 57 62 67 61 54 60 60 53 52 63 66 48 55 54 49 63 58 53 67 58 59 56 64 65 61 61 66 76 53 60 57 64 62 51 46 57 59 56 55 68 75 63 70 83 64 69 63 68 74 72 64 65 68 62 58 67 76 69 69 76 66 71 71 57 72 71 64 63 53 67 81 79 67 86 83
50 43 54 56 54 54 58 55 58 54 52 49 55 55 54 61 57 60 58 54 56 52 59 50 57 56 47 53 50 58 57 52 55 60 60 55 66 59 60 61 69 59 48 66 62 62 58 64 76 62 70 69 71 77 65 58 65 63 62 56 66 59 59 74 63 60 70 80 49 65 72 55 76 68 72 66 67 63 65 79 78 61 67 73 63 70 76 77 59 69 69 69 70 77 68 76 71 65 61 72
47 58 54 54 56 54 55 49 58 47 50 50 65 45 55 52 54 59 60 55 55 52 65 54 58 65 53 56 51 48 54 57 58 60 53 60 63 53 53 58 48 59 55 69 66 62 56 72 55 59 54 60 58 56 56 62 52 55 60 56 65 53 58 60 76 68 63 68 70 65 61 75 66 66 68 58 69 68 75 67 61 54 68 77 67 52 62 72 71 64 59 65 55 66 68 77 66 77 82 64
56 48 53 59 55 55 54 56 63 56 50 53 51 56 44 54 47 54 51 57 59 61 57 60 49 70 67 51 67 62 62 56 48 57 54 68 62 59 58 59 60 61 67 66 49 58 54 67 64 55 62 67 71 68 68 69 65 62 71 65 65 65 70 57 69 75 59 72 79 58 69 75 74 59 67 76 62 73 72 69 75 70 80 69 63 63 70 59 62 61 60 58 80 59 78 74 66 72 62 58
52 54 61 53 60 58 52 54 51 48 48 56 52 62 48 63 47 51 54 53 57 69 61 54 52 56 66 65 53 55 56 50 58 55 54 62 57 56 68 59 52 50 51 52 56 57 60 48 64 65 61 70 51 53 53 63 66 59 53 69 64 58 63 63 73 64 60 66 61 70 76 62 62 66 68 69 65 76 70 75 70 77 69 82 61 76 68 61 66 76 66 68 74 61 74 67 70 72 74 71
53 55 55 56 50 59 54 55 56 58 51 64 47 54 51 62 62 52 58 50 54 53 59 54 55 49 52 53 59 56 53 51 59 58 56 55 53 60 64 59 53 57 64 58 53 62 62 62 65 59 55 69 67 59 70 51 59 55 58 57 65 66 57 59 66 67 64 66 64 64 66 71 57 56 67 55 67 72 70 71 74 69 77 77 82 66 69 63 68 64 77 70 69 72 72 78 65 66 63 72
54 58 54 61 58 52 53 51 50 51 51 51 57 61 45 55 50 54 63 52 57 53 57 60 56 55 58 69 54 52 58 69 52 58 59 55 63 44 63 52 54 69 55 66 60 57 57 59 45 47 59 59 66 66 59 68 63 63 65 62 64 63 61 71 68 57 67 57 65 64 66 59 58 63 61 72 59 73 67 68 63 77 76 80 57 62 69 79 77 68 71 78 79 79 76 84 72 78 77 77
37 50 57 55 60 53 55 51 58 57 50 54 52 51 57 58 63 48 61 47 43 53 54 54 52 59 54 51 61 52 54 56 62 64 57 56 64 66 67 52 52 52 51 62 57 67 62 70 60 58 64 55 58 74 67 72 61 57 65 78 69 64 60 59 65 72 67 54 69 62 63 59 56 65 63 72 76 76 73 77 63 76 68 80 69 69 74 69 72 71 68 77 74 68 82 76 72 83 77 69
51 67 62 55 54 60 56 56 51 50 61 57 57 55 60 53 54 48 48 59 62 51 54 53 52 49 56 65 67 50 59 55 58 67 68 58 53 61 57 60 58 62 66 49 64 55 60 59 60 56 58 51 58 73 62 67 60 53 52 52 59 59 54 75 68 71 64 70 64 65 73 61 74 70 73 66 67 65 51 72 66 73 64 68 70 66 61 65 70 66 73 87 62 73 67 59 86 89 76 67
58 55 58 51 45 49 55 57 45 45 58 57 58 57 49 62 50 56 55 53 50 55 56 53 53 59 51 56 62 64 56 68 59 61 58 53 64 51 56 68 63 56 57 57 59 60 56 59 56 71 58 55 58 50 67 55 65 55 76 67 57 66 65 67 68 61 63 56 57 72 77 63 58 79 74 76 58 60 75 69 55 69 75 78 74 72 61 75 70 64 72 78 78 68 71 84 72 75 82 65
52 50 66 58 54 45 48 51 51 52 50 53 49 62 60 58 50 50 59 51 61 44 49 60 56 65 54 65 58 65 63 58 62 57 61 65 69 77 58 56 56 64 58 57 65 62 57 70 57 60 60 65 56 58 80 63 50 62 63 64 57 57 57 66 50 67 78 70 68 62 63 65 78 75 68 66 76 68 70 71 71 66 76 74 74 71 70 83 75 71 81 82 87 66 83 89 58 77 65 70
53 52 56 46 46 59 50 49 56 57 60 71 57 50 51 58 54 54 49 61 52 57 41 51 49 62 54 57 52 57 63 59 59 48 62 58 53 49 61 67 60 65 68 47 57 51 54 60 59 50 63 70 52 57 65 61 66 59 65 54 79 62 63 60 53 61 70 68 61 58 64 66 73 76 63 65 64 67 65 73 76 73 71 63 75 76 63 66 74 62 60 76 73 77 69 75 69 72 80 65
51 51 56 58 49 51 54 61 51 58 53 59 48 59 53 52 53 45 55 63 52 63 56 58 58 55 52 47 55 54 50 56 66 57 53 49 64 55 64 64 56 68 63 66 62 64 54 59 61 63 65 58 53 53 54 61 54 66 62 64 59 61 69 57 67 64 75 62 68 56 81 75 70 60 74 78 56 68 68 66 64 66 63 70 65 66 72 75 78 80 66 82 61 89 53 80 79 64 87 71
54 58 56 56 59 55 56 64 40 62 52 55 44 52 48 48 55 54 54 64 47 53 59 50 66 61 52 58 51 58 56 59 56 52 60 55 50 57 57 49 57 60 55 65 57 51 70 60 54 53 70 66 62 62 72 63 54 55 54 52 61 53 71 55 61 62 57 73 68 55 62 73 65 68 76 61 65 61 69 80 76 62 86 73 65 73 78 69 62 57 70 66 60 72 62 84 80 65 82 73
62 50 54 59 50 61 49 52 49 53 64 61 53 51 57 61 53 49 53 45 60 57 54 62 50 54 58 63 47 53 56 62 52 58 63 54 50 49 49 56 64 60 62 69 68 56 64 63 55 57 55 59 63 63 50 50 61 65 67 65 63 60 66 70 61 61 57 62 69 60 68 64 63 66 72 74 71 73 65 80 76 63 57 66 69 66 71 74 78 81 61 77 77 69 70 72 81 70 79 74
58 54 54 50 57 44 54 46 50 58 47 56 59 56 49 53 60 59 52 54 53 64 42 54 53 50 52 62 63 62 57 47 61 65 50 59 54 61 60 53 59 68 58 73 61 59 57 64 57 62 55 56 67 52 57 63 54 64 67 69 64 83 64 68 71 59 61 64 65 62 75 63 70 64 61 62 77 71 63 68 78 67 72 67 68 85 64 87 66 77 78 79 71 73 60 69 81 67 69 75
50 52 57 55 51 50 54 61 60 40 63 52 52 54 48 56 58 57 55 51 61 60 54 59 66 65 60 62 54 64 55 54 68 50 53 53 64 63 60 51 68 64 60 71 60 55 65 57 65 73 58 61 57 58 47 66 56 59 68 68 67 54 68 61 64 71 68 58 48 61 56 64 65 68 63 75 63 65 65 63 65 67 73 76 65 76 57 70 64 64 72 83 76 70 67 70 66 67 78 70
53 45 59 57 56 48 57 46 48 66 51 49 62 53 46 64 44 50 48 55 47 50 56 62 51 57 55 46 57 57 54 56 68 53 59 56 61 56 48 55 68 66 62 60 63 59 62 55 70 62 65 62 76 53 74 60 63 72 66 56 60 65 72 66 62 75 70 60 52 60 65 68 64 62 74 64 67 55 67 70 67 73 69 81 78 66 64 74 78 74 63 82 76 70 66 91 69 64 73 58
56 56 52 47 57 61 55 71 56 68 45 55 60 55 53 56 59 56 57 58 49 56 49 59 48 65 53 52 57 56 62 63 66 55 75 56 48 53 76 62 53 57 62 64 65 62 58 60 70 64 53 59 74 69 75 54 64 66 67 68 65 66 64 65 58 63 74 57 65 64 58 63 66 59 61 76 69 58 70 67 62 69 64 66 58 61 68 84 65 71 72 71 66 56 72 64 72 80 71 76
53 52 50 67 54 58 52 55 58 59 63 55 56 44 49 67 55 48 51 56 51 56 46 62 57 54 62 69 60 60 44 53 54 52 74 62 61 72 52 58 57 54 68 70 57 68 55 66 65 65 63 56 61 71 55 68 47 65 57 61 66 61 70 63 68 62 69 73 70 71 66 66 63 64 60 80 63 76 75 68 75 71 69 59 57 71 67 63 67 77 69 72 80 66 75 69 62 81 70 70
60 58 49 51 60 48 59 53 54 59 52 54 48 51 59 53 63 52 57 59 56 59 54 57 56 54 55 49 54 56 56 45 54 51 56 57 61 60 63 57 56 60 66 56 55 53 62 63 60 66 49 65 53 62 61 61 64 53 65 68 54 57 60 77 57 69 65 58 69 58 71 65 68 66 74 73 69 72 72 61 61 66 60 57 67 75 74 64 77 72 76 67 85 69 69 56 65 70 76 75
56 56 47 48 47 57 47 62 54 42 59 54 57 56 56 51 60 47 45 56 52 48 53 56 53 59 63 61 52 56 52 59 58 71 56 57 56 57 56 54 63 65 59 68 58 74 63 64 61 73 66 66 64 60 61 73 72 63 72 51 68 76 59 72 65 58 64 68 57 60 70 57 75 72 68 58 74 68 56 61 71 79 58 60 71 74 66 56 81 79 66 65 75 78 63 84 68 66 65 76
53 50 44 57 50 48 52 49 61 61 56 64 62 53 49 52 54 61 51 62 55 53 55 63 52 55 60 57 55 61 62 55 54 49 54 48 71 61 55 69 56 55 47 57 59 64 47 60 61 54 59 65 63 63 60 70 73 67 54 64 59 69 64 53 62 64 58 71 58 61 53 70 59 77 73 59 68 64 71 74 74 65 59 81 68 66 76 68 68 61 64 72 92 71 72 78 82 78 61 67
37 36 53 53 42 52 63 54 41 39 47 57 55 63 60 52 49 54 61 50 51 50 52 63 49 54 65 55 51 59 55 70 65 55 63 56 59 64 59 64 49 70 65 59 64 65 62 62 61 63 51 57 67 65 66 53 68 70 62 63 63 72 60 58 62 61 68 61 62 68 59 57 56 72 72 69 68 63 63 52 65 68 66 75 80 61 63 60 59 62 73 65 69 58 72 74 72 84 72 78
61 51 66 49 58 54 58 58 50 59 49 56 58 54 59 65 56 63 49 58 53 59 61 50 45 49 53 64 60 59 57 57 63 58 56 49 57 52 58 46 53 59 50 51 57 56 62 53 53 58 69 64 67 63 69 52 59 69 65 60 75 58 59 63 54 72 68 74 59 58 69 76 61 68 81 66 66 79 75 58 70 65 80 80 79 66 69 72 83 80 67 74 69 63 69 71 63 78 67 92
52 51 53 48 45 51 49 48 56 52 57 56 53 51 49 53 59 60 56 53 55 49 52 49 53 60 56 48 62 57 50 53 60 58 62 60 63 70 64 60 48 58 59 65 60 59 57 64 61 68 67 62 62 56 56 54 65 64 51 56 69 54 67 59 65 65 66 60 69 56 76 78 75 65 71 65 61 74 67 68 65 90 68 72 49 68 70 66 68 66 68 72 72 66 66 75 67 79 80 65
45 58 50 48 49 61 44 54 65 56 54 51 48 51 45 55 49 54 50 55 52 57 58 61 53 52 59 65 65 52 59 68 57 67 55 52 56 57 56 63 48 48 63 63 64 53 56 57 58 55 66 57 63 60 52 60 68 67 66 56 56 57 65 48 61 68 68 62 70 66 63 72 71 55 69 65 69 69 69 67 83 69 64 68 65 70 67 80 61 69 72 62 80 70 81 67 65 78 61 75
51 47 49 48 56 68 58 61 45 50 54 50 65 54 51 59 61 53 61 56 63 55 51 58 51 50 65 55 61 59 67 69 61 51 63 59 56 56 60 54 55 58 61 63 58 68 65 64 68 75 65 54 63 62 67 49 66 63 51 62 61 60 69 56 67 65 54 56 70 59 76 85 74 70 63 88 74 65 71 66 71 76 72 63 67 79 71 71 60 70 71 77 86 77 75 78 83 75 90 71
52 47 50 54 48 48 49 59 46 51 47 51 46 55 52 53 63 56 57 62 61 56 56 46 61 62 64 50 64 55 67 60 50 53 59 53 60 59 55 67 55 58 65 66 64 61 56 57 63 57 53 62 69 70 59 56 57 51 64 60 73 63 54 57 67 67 74 60 62 61 68 55 56 69 61 56 63 59 79 61 69 63 66 59 61 79 69 77 70 83 68 70 82 59 68 66 70 70 71 71
53 63 59 61 59 50 50 47 60 48 54 64 54 59 56 58 49 52 54 53 54 54 67 56 44 54 54 56 73 55 59 57 56 66 53 56 64 56 64 59 70 59 57 53 63 65 51 61 59 67 60 73 66 67 57 63 57 65 64 66 60 61 69 75 56 68 64 66 74 75 79 70 67 57 67 72 62 67 61 63 67 65 63 65 73 76 73 69 64 75 71 79 69 66 73 71 70 83 78 78
51 70 55 56 45 68 55 56 55 57 63 55 49 60 59 53 60 63 53 73 57 57 63 57 61 65 53 63 60 58 60 51 63 50 65 53 56 54 66 54 63 59 62 49 52 55 51 62 64 57 56 54 68 59 61 70 68 66 62 57 55 71 68 66 68 69 68 50 60 58 76 79 55 76 79 66 68 62 63 57 77 51 88 75 80 86 82 70 91 76 63 74 83 58 63 64 66 97 68 78
51 66 48 60 55 43 59 55 54 50 60 55 62 65 54 62 52 64 50 54 57 55 54 63 63 49 60 46 61 57 55 60 53 61 61 47 62 62 57 60 63 63 53 67 62 57 58 55 63 61 58 61 70 63 57 61 56 64 49 55 54 70 67 62 69 72 70 58 59 67 61 65 74 53 74 71 59 72 62 66 76 65 78 64 66 82 72 64 63 59 72 77 70 80 77 78 64 74 80 69
55 56 52 50 53 52 54 49 66 54 57 55 66 56 60 49 55 43 57 51 46 55 59 62 56 63 62 50 53 50 60 48 58 69 53 63 49 52 69 50 54 64 59 59 66 61 67 62 52 59 62 46 66 67 60 65 60 50 72 63 72 63 57 51 66 58 66 69 76 55 63 59 77 69 66 66 62 66 74 62 64 71 58 69 63 63 68 82 68 74 58 72 67 77 83 70 75 62 70 76
54 50 47 57 65 60 60 60 45 52 58 54 58 53 60 72 63 56 50 52 55 57 60 37 63 57 58 62 59 67 44 61 57 56 66 61 60 60 56 51 47 58 60 60 62 54 68 61 54 64 77 69 66 73 60 63 60 63 56 67 66 56 72 60 58 76 68 60 70 66 66 75 61 66 66 75 69 74 78 56 68 73 66 81 71 71 61 68 73 82 73 78 70 75 63 61 76 65 71 80
43 38 48 59 51 48 50 50 63 57 57 57 55 50 61 62 60 60 59 55 58 47 58 43 69 64 50 48 56 49 55 58 53 59 56 59 62 58 64 59 58 49 57 64 61 54 56 59 61 54 50 67 64 63 67 66 67 64 57 69 59 64 57 57 62 70 63 58 72 71 67 67 80 68 70 66 62 63 71 66 66 64 69 90 71 68 61 57 70 75 68 68 82 73 75 75 77 58 62 68
64 69 59 57 57 39 49 52 51 47 51 52 64 55 59 59 68 54 55 47 54 68 61 61 52 47 60 53 56 63 60 55 61 68 46 61 61 53 64 63 67 52 68 58 63 63 59 61 64 55 57 53 66 68 66 61 66 54 66 64 56 62 63 70 68 64 58 60 62 52 73 73 71 67 63 75 64 59 62 73 63 72 64 57 66 56 74 71 72 74 71 78 55 65 65 72 67 75 78 67
53 58 55 56 41 56 60 57 59 57 52 66 73 53 58 57 59 58 60 51 57 60 52 52 59 59 59 45 60 51 55 68 64 56 59 53 62 51 59 53 64 61 58 56 50 63 62 57 69 56 56 57 51 58 74 60 51 53 63 67 59 65 49 73 65 82 60 69 58 63 79 59 66 57 62 63 64 63 61 68 57 66 82 70 65 81 85 70 71 66 70 59 58 68 72 65 74 73 74 68
47 50 52 52 51 48 50 50 54 47 67 58 60 51 51 46 60 60 58 52 66 57 53 63 44 51 56 54 55 58 57 56 57 49 53 61 61 61 52 63 67 59 64 68 61 54 71 67 65 56 60 58 51 60 65 62 46 58 60 60 68 58 56 67 63 71 60 69 67 54 56 69 61 67 64 62 59 68 64 74 72 59 63 81 68 70 68 88 75 61 79 74 65 74 76 60 68 78 67 79
47 54 46 53 53 48 57 55 47 63 54 60 48 49 40 52 64 55 59 63 61 50 54 56 49 55 55 61 59 49 56 52 67 66 65 59 51 65 55 64 64 70 52 57 63 62 62 57 54 55 57 69 62 67 62 64 66 67 68 58 65 58 52 54 59 61 72 64 69 63 59 70 62 68 63 67 58 71 60 65 61 71 76 69 77 62 73 71 66 73 66 68 71 73 68 65 70 85 80 77
