6.123876803786030415e-02
6.989503274195624227e-02
7.808480083459837240e-02
8.529008181888969586e-02
9.184364222434898695e-02
9.794547146137955185e-02
1.039069132601029982e-01
1.090965386115540225e-01
1.139215701268592035e-01
1.185242758148123410e-01
1.226400255867087785e-01
1.264841016682398123e-01
1.302384826350389824e-01
1.335675905154601606e-01
1.365880263087902446e-01
1.394738631370429360e-01
1.420302438899779807e-01
1.445980920332710640e-01
1.469602507440586070e-01
1.493202851299843259e-01
1.515796067024707816e-01
1.536574045948545797e-01
1.557477903011855735e-01
1.576504120395276487e-01
1.595511564366391688e-01
1.613407611812160414e-01
1.630269884313320095e-01
1.645850612968871585e-01
1.661402953222277379e-01
1.676039858596367338e-01
1.689386445525245528e-01
1.702731110129937220e-01
1.715459205582901825e-01
1.727686119505770501e-01
1.739059432982896503e-01
1.750018632553553277e-01
1.760832865051520923e-01
1.770995483411504923e-01
1.781082083207566613e-01
1.790295000496644195e-01
1.799690391882103058e-01
1.808101762254298028e-01
1.816561656441459394e-01
1.824535075146286323e-01
1.832038763142008198e-01
1.839730843271542293e-01
1.847072172557127634e-01
1.854426679749573703e-01
1.861155288737990354e-01
1.867613786622888128e-01
1.873865912205660011e-01
1.880029295471836170e-01
1.886053716303150440e-01
1.891917129329086511e-01
1.897357741595889769e-01
1.902845657410211500e-01
1.908294008873203662e-01
1.913458963314390027e-01
1.918583613578458136e-01
1.923387388469762760e-01
1.928148614830067498e-01
1.932770304075433765e-01
1.937311655722563919e-01
1.941562025013460757e-01
1.945569222106416640e-01
1.949663369219361564e-01
1.953767329465421476e-01
1.957440373718648263e-01
1.961210091837505831e-01
1.964758221251812487e-01
1.968469994769583287e-01
1.971928143400712707e-01
1.975285718166955584e-01
1.978746741911563967e-01
1.982029226150490431e-01
1.985063914744115698e-01
1.988150428214237597e-01
1.991129165504357257e-01
1.994233321159258054e-01
1.997191430831724845e-01
2.000068697698384745e-01
2.002631966077777215e-01
2.005272781722075848e-01
2.007871616766256362e-01
2.010688167497441114e-01
2.013417197599296771e-01
2.015843210599176649e-01
2.018234598229503851e-01
2.020529207866011145e-01
2.022909216692078960e-01
2.025145250798436047e-01
2.027398611001928197e-01
2.029486553191161002e-01
2.031721121074413494e-01
2.033923863751426475e-01
2.036017924322429395e-01
2.038195693966144140e-01
2.040142428757770465e-01
2.042214340142520235e-01
2.044197959292325673e-01
2.046086912892020881e-01
2.047972381483015858e-01
2.049855240611854479e-01
2.051847841413386719e-01
2.053727450818233768e-01
2.055418399759660897e-01
2.057158290889086749e-01
2.058973209615481970e-01
2.060863418448268258e-01
2.062615936079914003e-01
2.064331615463564640e-01
2.066043467725310057e-01
2.067595166899244274e-01
2.069217481429691807e-01
2.070746862133278909e-01
2.072407986690647796e-01
2.073945833333553368e-01
2.075603626443197625e-01
2.077131999844288035e-01
2.078627167348960081e-01
2.080157116880615997e-01
2.081721936544226603e-01
2.083105682359545352e-01
2.084567163375824483e-01
2.085982442659617964e-01
2.087352387241303564e-01
2.088665349130370552e-01
2.090012614583877659e-01
2.091442934860441860e-01
2.092829062521488481e-01
2.094211913850146378e-01
2.095613601890135291e-01
2.096795355107685388e-01
2.098012273293606011e-01
2.099345605303253037e-01
2.100742243126624553e-01
2.102151044227329180e-01
2.103420982423128693e-01
2.104795296808628646e-01
2.106049994936347869e-01
2.107250546520659518e-01
2.108484127329496027e-01
2.109692380925934363e-01
2.110952614888547407e-01
2.112228605308481832e-01
2.113439698303905268e-01
2.114685827463556322e-01
2.115872481533753180e-01
2.116947777027769761e-01
2.118037017756397300e-01
2.119214949729916475e-01
2.120333468140818411e-01
2.121295723515897735e-01
2.122334577461516825e-01
2.123485825906193114e-01
2.124553529178599132e-01
2.125644112788436790e-01
2.126717553092665469e-01
2.127713809192243732e-01
2.128750347616880367e-01
2.129726242664383984e-01
2.130726369327215486e-01
2.131638247629904781e-01
2.132627866592307075e-01
2.133667159148304182e-01
2.134479968459810362e-01
2.135508608174401524e-01
2.136463788977950584e-01
2.137519520773815407e-01
2.138526865739268923e-01
2.139390684912446661e-01
2.140262392468499919e-01
2.141233774419012414e-01
2.142178261233191605e-01
2.143122016677325437e-01
2.144029879467978239e-01
2.144960522101490297e-01
2.145888651011154113e-01
2.146771558651301148e-01
2.147652926384899241e-01
2.148536286908981074e-01
2.149492509813818175e-01
2.150383041523891148e-01
2.151315915851864657e-01
2.152240045179485417e-01
2.153079460404513090e-01
2.153930168192184080e-01
2.154817124613315205e-01
2.155659012639406236e-01
2.156590605953587203e-01
2.157481131569035648e-01
2.158323235178079835e-01
2.159135262526853116e-01
2.159916274372193079e-01
2.160810379115497559e-01
2.161674672186697510e-01
2.162443058695120990e-01
2.163310587529294893e-01
2.164052443002268400e-01
2.164808406354394310e-01
2.165676004253419829e-01
2.166481054850733223e-01
2.167332814418558296e-01
2.168169724503223317e-01
2.168994676428354085e-01
2.169763558438587425e-01
2.170570602001844762e-01
2.171381914251454825e-01
2.172223731149052484e-01
2.173016962618580794e-01
2.173826531151388242e-01
2.174539189684107643e-01
2.175374448629785740e-01
2.176193087089039468e-01
2.176941805517418616e-01
2.177626326461478412e-01
2.178394588634458562e-01
2.179187246741906558e-01
2.179895951796010090e-01
2.180682061908568725e-01
2.181431000905899031e-01
2.182183089559909528e-01
2.182886660597654904e-01
2.183634561083843129e-01
2.184444942417567148e-01
2.185236610234749244e-01
2.186047390224440667e-01
2.186796434833457037e-01
2.187554131530935198e-01
2.188242267454503232e-01
2.188976303332458850e-01
2.189703746803710049e-01
2.190414706174959036e-01
2.191161946033100272e-01
2.191910344362497931e-01
2.192636778243343687e-01
2.193356303522704942e-01
2.194063414530736666e-01
2.194777956630630800e-01
2.195436735893240565e-01
2.196153542975972095e-01
2.196899795075057393e-01
2.197625798286793886e-01
2.198326154996851356e-01
2.199038574588202399e-01
2.199714945662494259e-01
2.200389793550363293e-01
2.201099361608872818e-01
2.201801252383373264e-01
2.202492164978900879e-01
2.203164890764875983e-01
2.203848465211766805e-01
2.204565189102377643e-01
2.205278364829144078e-01
2.205877560606033794e-01
2.206563667477375035e-01
2.207246664205677056e-01
2.207943311894722260e-01
2.208598745519321505e-01
2.209241626670364056e-01
2.209925388095803078e-01
2.210616345860106913e-01
2.211174585973440243e-01
2.211831782605544472e-01
2.212499269709127248e-01
2.213170785593429890e-01
2.213841812048237268e-01
2.214411220601377184e-01
2.215094887083262631e-01
2.215729379196116622e-01
2.216391626006107285e-01
2.217057314161754999e-01
2.217715732983200350e-01
2.218335767384755353e-01
2.218934605795571946e-01
2.219560332555931825e-01
2.220189873450460760e-01
2.220841183016503684e-01
2.221438981399430912e-01
2.221976920496342711e-01
2.222578200112308167e-01
2.223186487683226076e-01
2.223796016597846537e-01
2.224345690335963188e-01
2.224890943524666653e-01
2.225507253222686888e-01
2.226071485304677855e-01
2.226711393161482644e-01
2.227283393746725682e-01
2.227884794301353832e-01
2.228421705687496923e-01
2.228911223394656194e-01
2.229518804298074308e-01
2.230126306950598603e-01
2.230709102100688068e-01
2.231233861636909566e-01
2.231799278226088146e-01
2.232416032981188181e-01
2.233024837210933200e-01
2.233590905280199157e-01
2.234180400664884658e-01
2.234758125306354759e-01
2.235271708894583653e-01
2.235872609279569434e-01
2.236442512507196001e-01
2.236972969094203623e-01
2.237562460699958899e-01
2.238094852803545476e-01
2.238620645815692645e-01
2.239188437212995542e-01
2.239785597688200569e-01
2.240368815843633565e-01
2.240936840172671751e-01
2.241486305419724545e-01
2.242067814739090448e-01
2.242636745152943312e-01
2.243204379856445774e-01
2.243752673717044066e-01
2.244279175942783533e-01
2.244816002219016116e-01
2.245376425963995781e-01
2.245943830778281414e-01
2.246510275687647884e-01
2.247097251836175369e-01
2.247602249026196541e-01
2.248178021489899425e-01
2.248737988087824435e-01
2.249256622285868701e-01
2.249801166998414426e-01
2.250345860784644103e-01
2.250924918906228867e-01
2.251504358335401912e-01
2.252013305937279330e-01
2.252554147659686645e-01
2.253048257648209707e-01
2.253595766297460390e-01
2.254106999739883266e-01
2.254613171948000039e-01
2.255160403423520088e-01
2.255615250513582082e-01
2.256110640981912052e-01
2.256649841231043174e-01
2.257179251950966747e-01
2.257685434245825795e-01
2.258219075749420546e-01
2.258728478251890437e-01
2.259270582748490186e-01
2.259765095798890733e-01
2.260267910695331339e-01
2.260727795045670563e-01
2.261252719768073738e-01
2.261707030734645685e-01
2.262225560579419481e-01
2.262745431378114236e-01
2.263244105525437644e-01
2.263761094352412795e-01
2.264319643318429831e-01
2.264855278799335903e-01
2.265374419265431538e-01
2.265911366381613834e-01
2.266421998579398744e-01
2.266917510542357239e-01
2.267458005228749629e-01
2.268006065034628149e-01
2.268513682888753380e-01
2.269010513972818666e-01
2.269492328958271354e-01
2.270012201958434561e-01
2.270490769419416521e-01
2.271034867765453769e-01
2.271586414184778580e-01
2.272112883734363487e-01
2.272566777941453231e-01
2.273110720274050256e-01
2.273624168212004804e-01
2.274124217414865978e-01
2.274691897294403298e-01
2.275191623621841686e-01
2.275689995685939715e-01
2.276194829258892105e-01
2.276720282053470712e-01
2.277293852343573455e-01
2.277772147588047191e-01
2.278304222441265847e-01
2.278810210535939240e-01
2.279358608552990717e-01
2.279882798478913841e-01
2.280391753562648893e-01
2.280870110465966771e-01
2.281425715602639626e-01
2.281947761717878775e-01
2.282485476418740222e-01
2.282994039442390322e-01
2.283552170284932625e-01
2.284048190648291787e-01
2.284567765719976995e-01
2.285095266791910273e-01
2.285634811388984056e-01
2.286161552207817138e-01
2.286596766662709612e-01
2.287096875667123941e-01
2.287643001363084128e-01
2.288181416639457066e-01
2.288659801898803303e-01
2.289147904956332913e-01
2.289618608331633054e-01
2.290128141173158050e-01
2.290585996199196728e-01
2.291091103017565689e-01
2.291580121433192119e-01
2.292068008303050908e-01
2.292630616910432129e-01
2.293150371099044182e-01
2.293650883054502709e-01
2.294171806022417270e-01
2.294716403054763709e-01
2.295219928088414740e-01
2.295701739312667189e-01
2.296243893464662289e-01
2.296775513382264822e-01
2.297304317830139164e-01
2.297802966282848358e-01
2.298305909942256475e-01
2.298842280799066884e-01
2.299387928418328564e-01
2.299891655278118174e-01
2.300374400966993804e-01
2.300842031892816331e-01
2.301327470420070354e-01
2.301861991374127281e-01
2.302389327410443720e-01
2.302890632585748720e-01
2.303348478842616454e-01
2.303866349346773701e-01
2.304401010541280992e-01
2.304910456468880764e-01
2.305369617614670963e-01
2.305825493953005401e-01
2.306312890629104717e-01
2.306846355655041703e-01
2.307353974653867934e-01
2.307884715370228101e-01
2.308420745324520351e-01
2.308891706077375316e-01
2.309409340280942358e-01
2.309899452266960529e-01
2.310398402639252391e-01
2.310902821479856040e-01
2.311406474717972448e-01
2.311843268728741019e-01
2.312362113242442119e-01
2.312817023170995190e-01
2.313353040751936207e-01
2.313829257692993913e-01
2.314322924559465977e-01
2.314848558615417995e-01
2.315383670634835744e-01
2.315919332831548050e-01
2.316378745030503450e-01
2.316875908944615869e-01
2.317388865822828659e-01
2.317882344433453701e-01
2.318377594632931027e-01
2.318852601349541964e-01
2.319362892639392770e-01
2.319849722524404134e-01
2.320371882568271482e-01
2.320860556445432377e-01
2.321364003016391231e-01
2.321841039583732447e-01
2.322293754515058484e-01
2.322779506467061716e-01
2.323250956533813305e-01
2.323717835282917143e-01
2.324178028429008114e-01
2.324692183092762487e-01
2.325169866471116786e-01
2.325641661580816200e-01
2.326084702087269640e-01
2.326562128968361065e-01
2.327050968313988943e-01
2.327540533816044033e-01
2.328021937033990796e-01
2.328504474586416129e-01
2.328993239709449548e-01
2.329504352398921452e-01
2.330014663371788031e-01
2.330508332075033329e-01
2.330993615829179688e-01
2.331472685173534842e-01
2.331964441517893893e-01
2.332398978859379912e-01
2.332882144864119045e-01
2.333333883401691733e-01
2.333813837822679704e-01
2.334275157441592918e-01
2.334741873925500755e-01
2.335217691273061280e-01
2.335707507979212783e-01
2.336155178696660561e-01
2.336639514182935751e-01
2.337118943216386635e-01
2.337603040164235590e-01
2.338108617501354902e-01
2.338607563338770956e-01
2.339077634987094811e-01
2.339526126848579801e-01
2.339959737868534673e-01
2.340445134098622648e-01
2.340936005662772879e-01
2.341391657305179896e-01
2.341860945874285338e-01
2.342343015950918428e-01
2.342833623564346268e-01
2.343274976091475614e-01
2.343734471315283285e-01
2.344172067850105734e-01
2.344625520558138443e-01
2.345096769555532479e-01
2.345584796348615109e-01
2.346029465414155024e-01
2.346522690526723354e-01
2.346943013827956781e-01
2.347407781966041607e-01
2.347870644998653333e-01
2.348324435281863298e-01
2.348775631862011215e-01
2.349284887863959947e-01
2.349781186040568737e-01
2.350278408509348660e-01
2.350768017341834104e-01
2.351226038776855765e-01
2.351722086954488866e-01
2.352212526904069734e-01
2.352654378086531106e-01
2.353158791528622840e-01
2.353626134752758170e-01
2.354102288036311885e-01
2.354556183241458545e-01
2.355011480507307187e-01
2.355514911018098678e-01
2.355932495570816632e-01
2.356418901034225688e-01
2.356855070091129767e-01
2.357313962895105086e-01
2.357777972677445044e-01
2.358244686688216185e-01
2.358631197938138024e-01
2.359113778487537949e-01
2.359563593089796518e-01
2.360014425585276188e-01
2.360456082749798068e-01
2.360967406613375952e-01
2.361422681962671577e-01
2.361909270156668239e-01
2.362402458041533149e-01
2.362876246197329611e-01
2.363388260166232602e-01
2.363857696520521301e-01
2.364345717320513185e-01
2.364818307159355648e-01
2.365235934751186431e-01
2.365693163164699908e-01
2.366186638689426747e-01
2.366651249301544024e-01
2.367108312148251126e-01
2.367552974067440030e-01
2.367986577803127546e-01
2.368480721084771645e-01
2.368909598966531249e-01
2.369329457376633252e-01
2.369806753376238750e-01
2.370222141794757209e-01
2.370706051405182258e-01
2.371173048915791171e-01
2.371659628223141691e-01
2.372130342093025368e-01
2.372521548897063015e-01
2.373003962840733172e-01
2.373492590712973915e-01
2.373984340272167481e-01
2.374434992658683574e-01
2.374891405624731111e-01
2.375344812498731972e-01
2.375807413374816379e-01
2.376318166825592826e-01
2.376797823537335486e-01
2.377277410695698978e-01
2.377749142892769396e-01
2.378220397557399279e-01
2.378726301083736727e-01
2.379176959501168309e-01
2.379632187441413638e-01
2.380112423095234742e-01
2.380614286196624241e-01
2.381109868637891480e-01
2.381573006697373651e-01
2.382063615429743930e-01
2.382526734822340009e-01
2.383034402115651040e-01
2.383443732461827391e-01
2.383914006279370945e-01
2.384409584947946581e-01
2.384834760688074595e-01
2.385272594774670574e-01
2.385717249817827235e-01
2.386201721989292812e-01
2.386697212565174475e-01
2.387123720846733577e-01
2.387616497431121476e-01
2.388060636140932891e-01
2.388516890312548102e-01
2.388957745104820785e-01
2.389430170305746892e-01
2.389858593734504044e-01
2.390325512506026318e-01
2.390813500528043423e-01
2.391307236715706774e-01
2.391773556638963072e-01
2.392262969403635697e-01
2.392698007580438269e-01
2.393163522908967056e-01
2.393626482892580176e-01
2.394129120547991429e-01
2.394577694412997337e-01
2.395048773027940170e-01
2.395523749526378143e-01
2.396009158948946283e-01
2.396463195684803704e-01
2.396950769382567847e-01
2.397400505910900759e-01
2.397911630537759575e-01
2.398385135545788582e-01
2.398870792440603583e-01
2.399356092973852494e-01
2.399803961691164833e-01
2.400210007742877572e-01
2.400612531760071278e-01
2.401100242759760528e-01
2.401577809426005405e-01
2.402027170399159695e-01
2.402479395312200339e-01
2.402874812443458463e-01
2.403333070476479094e-01
2.403796554555349130e-01
2.404242893370886203e-01
2.404716025128942891e-01
2.405195367745638080e-01
2.405643831198016336e-01
2.406110668613649362e-01
2.406601356155592675e-01
2.407054379161308322e-01
2.407474998233763708e-01
2.407920437570587324e-01
2.408360519013488243e-01
2.408815961813313422e-01
2.409212920523158552e-01
2.409712532557442555e-01
2.410174184613389781e-01
2.410654215004102707e-01
2.411099393287550463e-01
2.411573859535039444e-01
2.412073067030124640e-01
2.412539619511995803e-01
2.413013156751876720e-01
2.413488244613803679e-01
2.413951694730472886e-01
2.414357743746048945e-01
2.414854715754896075e-01
2.415344138513428884e-01
2.415819711054229546e-01
2.416312531399560093e-01
2.416756885145390499e-01
2.417251155056953371e-01
2.417704591891134680e-01
2.418108839684062483e-01
2.418572522570790195e-01
2.419016096063100474e-01
2.419459651701532654e-01
2.419903410625317552e-01
2.420395453961594612e-01
2.420860587467353886e-01
2.421350505114552021e-01
2.421795779722865083e-01
2.422228762869282070e-01
2.422715713351026867e-01
2.423161353805570462e-01
2.423593934525626326e-01
2.424058114877337966e-01
2.424529616621074191e-01
2.424946939628625231e-01
2.425405341907392043e-01
2.425858201380676205e-01
2.426337162833733518e-01
2.426820256644288409e-01
2.427268755224016028e-01
2.427716063588932771e-01
2.428193025965120766e-01
2.428657243763467921e-01
2.429120571245186599e-01
2.429539560181111224e-01
2.430034274351371981e-01
2.430483163657716494e-01
2.430949288450552359e-01
2.431345410400423956e-01
2.431725906012378868e-01
2.432122011720475319e-01
2.432543560276008709e-01
2.432965248308461281e-01
2.433456305543596487e-01
2.433911366101249862e-01
2.434359217251012009e-01
2.434757107336780746e-01
2.435246121729632007e-01
2.435732877286739262e-01
2.436146232255462230e-01
2.436630444909845816e-01
2.437044477547780363e-01
2.437484516451879912e-01
2.437915257964705928e-01
2.438386169865524034e-01
2.438825065167701811e-01
2.439247628469996265e-01
2.439670402504983127e-01
2.440146682200741712e-01
2.440603996207584558e-01
2.441078200239978901e-01
2.441563221087723334e-01
2.442017303202387302e-01
2.442493785643115312e-01
2.442946484132662022e-01
2.443361077298809581e-01
2.443822977300426913e-01
2.444286328407112296e-01
2.444719276679756248e-01
2.445150110881187111e-01
2.445596975869313572e-01
2.446031704336008028e-01
2.446477208686808902e-01
2.446908145927763067e-01
2.447374923611101982e-01
2.447799229815662558e-01
2.448275047168290419e-01
2.448661699554427473e-01
2.449123375731204477e-01
2.449582538826615141e-01
2.450028107605508876e-01
2.450425008179525632e-01
2.450877129289986689e-01
2.451340463169889017e-01
2.451763417262766698e-01
2.452228253727893881e-01
2.452674377232514358e-01
2.453138015275515560e-01
2.453586777261347884e-01
2.454034477207861498e-01
2.454447700525262122e-01
2.454856294657255245e-01
2.455282491074340101e-01
2.455724112452341568e-01
2.456143236413516062e-01
2.456577589915913407e-01
2.457043932050308466e-01
2.457490449187067494e-01
2.457908189816642996e-01
2.458287721120389346e-01
2.458705972608475065e-01
2.459185010640330682e-01
2.459649374337581629e-01
2.460080881350695525e-01
2.460536748442762878e-01
2.461004293636219198e-01
2.461459319667148871e-01
2.461871906076875116e-01
2.462339269102620798e-01
2.462791388859223440e-01
2.463273317453505973e-01
2.463718879813506790e-01
2.464152009340561389e-01
2.464603121471915514e-01
2.465049962178411658e-01
2.465485840164310938e-01
2.465941403359214190e-01
2.466354989797809039e-01
2.466781963614999573e-01
2.467198157993010788e-01
2.467650076886604427e-01
2.468093324761660712e-01
2.468540761859424060e-01
2.468984467322387355e-01
2.469409747629852381e-01
2.469851061509707735e-01
2.470284264196552226e-01
2.470742199661612182e-01
2.471147661055625999e-01
2.471581849080781157e-01
2.472046302294084175e-01
2.472506258913118038e-01
2.472929631396654782e-01
2.473396677215198292e-01
2.473840006856226348e-01
2.474227752264264446e-01
2.474692542404704210e-01
2.475122276947850364e-01
2.475566141197965142e-01
2.475989507221364738e-01
2.476417012561915876e-01
2.476800523489513239e-01
2.477261484598194397e-01
2.477685427878598690e-01
2.478092108452625841e-01
2.478563066994378949e-01
2.478985423262693721e-01
2.479368937686431129e-01
2.479824154821987647e-01
2.480271744510466614e-01
2.480709554980990161e-01
2.481117194269018000e-01
2.481540942094912217e-01
2.481958324436288610e-01
2.482369631832252177e-01
2.482822267707528174e-01
2.483291330659024299e-01
2.483711425332792988e-01
2.484170325795761469e-01
2.484612850147899232e-01
2.485064286199349937e-01
2.485485560567856078e-01
2.485889030609860495e-01
2.486314599288125260e-01
2.486739703242724642e-01
2.487172721439942780e-01
2.487617992976460246e-01
2.488050506647748183e-01
2.488493581029927182e-01
2.488917652305873973e-01
2.489362617756897822e-01
2.489798366705301969e-01
2.490251771225808486e-01
2.490682420095097216e-01
2.491094329743611391e-01
2.491547826703694457e-01
2.491951864694874896e-01
2.492403263291615434e-01
2.492845769661316824e-01
2.493277075523695208e-01
2.493718718521663325e-01
2.494128531721570841e-01
2.494556016371232698e-01
2.494952073953674021e-01
2.495350998302915402e-01
2.495740390639918649e-01
2.496140057527319600e-01
2.496570531810966276e-01
2.496982091774547774e-01
2.497394670933551775e-01
2.497825998782517709e-01
2.498240209695200553e-01
2.498649887819706095e-01
2.499096283366564197e-01
2.499515642164942542e-01
2.499954882443779225e-01
2.500395339541133799e-01
2.500809316879628041e-01
2.501224202082580339e-01
2.501649380101353959e-01
2.502051258759638297e-01
2.502430861877062984e-01
2.502861216599744920e-01
2.503258185066618569e-01
2.503660941918730565e-01
2.504088790265310283e-01
2.504495883165643311e-01
2.504934220835735026e-01
2.505334287480682209e-01
2.505722522131919039e-01
2.506139274696101427e-01
2.506561353703699591e-01
2.506956141574054331e-01
2.507381044198975784e-01
2.507781247404745062e-01
2.508230016565074494e-01
2.508659090699343341e-01
2.509103861839401817e-01
2.509554984342753370e-01
2.509993817361296786e-01
2.510411824268355963e-01
2.510816488470471453e-01
2.511205374979956217e-01
2.511642439519511938e-01
2.512073059868688563e-01
2.512464440197548776e-01
2.512880913415697082e-01
2.513306831552477583e-01
2.513730611588914088e-01
2.514157456716511474e-01
2.514545906950726994e-01
2.514968308440808653e-01
2.515372758622519966e-01
2.515759461979576450e-01
2.516183754261070993e-01
2.516578135406115080e-01
2.517010503154663570e-01
2.517390282705418425e-01
2.517803130360858344e-01
2.518222188610814705e-01
2.518627358516137282e-01
2.519025939121793400e-01
2.519425184025360087e-01
2.519843394501904976e-01
2.520244348462966633e-01
2.520678603096357939e-01
2.521062119628382781e-01
2.521474656547041948e-01
2.521874646889114002e-01
2.522310494535736636e-01
2.522710440957449674e-01
2.523104807876272448e-01
2.523511171379834161e-01
2.523888029528151278e-01
2.524221649645094212e-01
2.524616123827032044e-01
2.524978916547013230e-01
2.525381392572979555e-01
2.525789564274011911e-01
2.526218319058610162e-01
2.526621471266954355e-01
2.527041762825232296e-01
2.527476802304413073e-01
2.527884397137314387e-01
2.528269939868523219e-01
2.528668951768369144e-01
2.529052934054960566e-01
2.529456411484080069e-01
2.529832295580899948e-01
2.530236015323265031e-01
