1.000000000000000000e+00
9.333333333333334592e-01
8.861071428571434261e-01
8.510772861029380909e-01
8.237095572173086522e-01
8.013678870303134749e-01
7.829512747106690540e-01
7.676031050739902106e-01
7.545212839854766873e-01
7.423300241883630246e-01
7.313031648287036113e-01
7.214070523369684462e-01
7.123930698553389007e-01
7.037901148482736957e-01
6.959898252989611400e-01
6.884088341100040864e-01
6.811477345869887401e-01
6.741898724384466357e-01
6.680303768827811073e-01
6.618939132753369758e-01
6.561876472879911715e-01
6.503568480096556526e-01
6.448114989542861331e-01
6.397010417336305155e-01
6.347910259633032792e-01
6.299698957955195411e-01
6.250598821345918488e-01
6.200076568533525734e-01
6.151926904364516391e-01
6.106291274680689662e-01
6.061043921219190223e-01
6.017282448715529641e-01
5.975325257400903034e-01
5.934880733771791261e-01
5.895021200602587053e-01
5.855736342791569848e-01
5.814770315533555056e-01
5.777433377304079798e-01
5.739492025293739808e-01
5.702598844679929169e-01
5.667344322645255783e-01
5.632037280981839755e-01
5.597615700814203565e-01
5.563228095436310028e-01
5.529421243640509909e-01
5.494754564634214411e-01
5.462125151772331266e-01
5.428800764156862524e-01
5.398457655337923766e-01
5.367332403102577087e-01
5.336116517712197194e-01
5.306068617594117409e-01
5.277006880130719058e-01
5.248040385854360057e-01
5.220377319372728753e-01
5.192192149947072455e-01
5.165039607913384234e-01
5.138006947854224515e-01
5.110097845486016865e-01
5.082842668381648554e-01
5.056289810409317909e-01
5.029920582381421923e-01
5.004515280743553340e-01
4.979587318145909935e-01
4.954840515865123751e-01
4.930596335325596602e-01
4.917319837750731004e-01
4.903964813543985612e-01
4.895306585747292161e-01
4.889658577178738752e-01
4.884816332078177892e-01
4.878411326861424868e-01
4.876388055396059795e-01
4.874910535038573522e-01
4.873749645913165729e-01
4.874726496451076141e-01
4.876165183021615723e-01
4.876849355981401346e-01
4.879850985942242314e-01
4.884038342202014493e-01
4.888095983776486464e-01
4.893706801554064123e-01
4.898251541002614506e-01
4.903641252350384172e-01
4.907973506578435785e-01
4.912341540676042895e-01
4.917522014779725503e-01
4.921874854924386811e-01
4.927124091145628770e-01
4.931662822056947504e-01
4.936514986769458546e-01
4.941700933680220342e-01
4.947342075855453158e-01
4.952486574162148769e-01
4.957939013668752337e-01
4.963930952575648092e-01
4.969320892579438542e-01
4.974873408625226090e-01
4.980310541243351818e-01
4.986170383512875115e-01
4.992034394801847519e-01
4.997568653475744083e-01
5.003292406621134836e-01
5.008756958957443217e-01
5.014688074450852628e-01
5.020047321238966243e-01
5.025977620644460631e-01
5.031602309048895938e-01
5.037365546371681546e-01
5.043193599513275949e-01
5.048584123017235692e-01
5.054043296522441331e-01
5.059229073764333062e-01
5.064714075608552912e-01
5.070258881309314125e-01
5.075710762345984062e-01
5.081071689261568158e-01
5.086241891233703738e-01
5.091348109643238917e-01
5.096704480602665122e-01
5.101833095697482223e-01
5.106727387489683467e-01
5.111681524633457929e-01
5.116516434656588341e-01
5.121470735262709795e-01
5.126294360224671331e-01
5.131082193989264795e-01
5.135785522081213195e-01
5.140613173488717269e-01
5.145529434468216756e-01
5.150203519426861387e-01
5.154701625823491229e-01
5.159486451222913272e-01
5.164016345110307160e-01
5.168622095331520949e-01
5.172915645664141193e-01
5.177351671033145752e-01
5.181760826143413379e-01
5.185911025790583828e-01
5.190123525228933499e-01
5.194452763865917699e-01
5.198579243730562238e-01
5.202721105071335117e-01
5.206612314920159301e-01
5.210540639209034763e-01
5.214456671540731447e-01
5.218584114365526494e-01
5.222539375321629818e-01
5.226447375384800642e-01
5.230020323560552464e-01
5.233584188642609325e-01
5.237348184028471909e-01
5.241092174862225228e-01
5.244827052963112468e-01
5.248353040769533351e-01
5.251961651438533663e-01
5.255479183290785450e-01
5.259064879625600097e-01
5.262434882818790571e-01
5.265752554044078604e-01
5.269084428763748384e-01
5.272283003459056205e-01
5.275629177173811746e-01
5.278784079973248833e-01
5.281953993494873378e-01
5.285156948750401318e-01
5.288287399674308498e-01
5.291343356873132731e-01
5.294224066090922332e-01
5.297148586311416496e-01
5.300242789868182536e-01
5.303207897537103310e-01
5.306034872449921780e-01
5.308721844780805998e-01
5.311490304096164738e-01
5.314237068728434599e-01
5.316943926502204487e-01
5.319754782796730641e-01
5.322433232846210949e-01
5.325140042816118857e-01
5.327668922872644819e-01
5.330284898871326948e-01
5.332705519913424341e-01
5.335197092200981706e-01
5.337687714293669616e-01
5.340090214751694875e-01
5.342395719311529012e-01
5.344844752480085726e-01
5.347174549042695846e-01
5.349504411712907581e-01
5.351831301762559612e-01
5.354193172180573557e-01
5.356458874319818264e-01
5.358606988585311592e-01
5.360745535723165922e-01
5.362855138667051991e-01
5.364899771324332933e-01
5.367129310085245741e-01
5.369294229701929710e-01
5.371284409493884970e-01
5.373169757009733649e-01
5.375006608399237606e-01
5.376947034776236034e-01
5.378740678923236151e-01
5.380633794279620075e-01
5.382560634880588779e-01
5.384402708552584738e-01
5.386238370205131964e-01
5.387985489884247192e-01
5.389684553304484593e-01
5.391417342795480350e-01
5.393085744422380090e-01
5.394775014335390084e-01
5.396552294370066116e-01
5.398290103565372977e-01
5.399908770503905053e-01
5.401564946992349903e-01
5.403342137460409589e-01
5.405018948902469145e-01
5.406546131206160233e-01
5.408132187106461375e-01
5.409659899018692819e-01
5.411180492657043928e-01
5.412763415860927241e-01
5.414262287391014006e-01
5.415814156634599641e-01
5.417305897185284991e-01
5.418875068038976339e-01
5.420320496609909444e-01
5.421690048838656573e-01
5.423302866865639116e-01
5.424637830164656949e-01
5.426031042418812955e-01
5.427288755897820005e-01
5.428580681555533749e-01
5.430001945417116671e-01
5.431385269241431057e-01
5.432625391696529471e-01
5.433887972053035309e-01
5.435132435984355581e-01
5.436387902751579349e-01
5.437575732440835807e-01
5.438778816506876224e-01
5.440002450045380300e-01
5.441217199692853779e-01
5.442412701793866159e-01
5.443483487460365478e-01
5.444613356334355725e-01
5.445683704888504284e-01
5.446749415933198613e-01
5.447891714458878987e-01
5.449006671756594367e-01
5.450056686423725427e-01
5.451137513875652374e-01
5.452097440650621740e-01
5.453090070620458807e-01
5.454108568416864422e-01
5.455148916609199317e-01
5.456205943087234500e-01
5.457114873071534644e-01
5.458040613885337677e-01
5.459058298138799170e-01
5.459936211612158585e-01
5.460947609181835416e-01
5.461938934381674882e-01
5.462781866845514145e-01
5.463685985130584122e-01
5.464514470178341021e-01
5.465347830864334400e-01
5.466180172529535586e-01
5.467066533716404830e-01
5.467885337226761067e-01
5.468689947965603704e-01
5.469441136151869109e-01
5.470241876340357079e-01
5.471013420391244164e-01
5.471867257647837768e-01
5.472551985005761344e-01
5.473246129879423272e-01
5.474014713196914128e-01
5.474841422448895045e-01
5.475561296328188554e-01
5.476239976166720202e-01
5.477022636827412194e-01
5.477689853456528812e-01
5.478381870785089536e-01
5.479057638045180534e-01
5.479766578590156145e-01
5.480408967744062609e-01
5.480984261274273184e-01
5.481582266949545090e-01
5.482143087028016337e-01
5.482755523827843591e-01
5.483372807650289671e-01
5.484027566286332478e-01
5.484626235024119278e-01
5.485230822182637356e-01
5.485836346356171012e-01
5.486390488467847160e-01
5.486923882544290088e-01
5.487477546225941749e-01
5.488013369089436155e-01
5.488548968333455402e-01
5.489082950374168934e-01
5.489661668012947304e-01
5.490179912882574564e-01
5.490648422355726144e-01
5.491122978692080103e-01
5.491630623995781280e-01
5.492108895808689439e-01
5.492623441227192371e-01
5.493127273489729623e-01
5.493576632040801933e-01
5.494025077213038344e-01
5.494459669785191069e-01
5.494912915309689838e-01
5.495360500041848173e-01
5.495754857941974603e-01
5.496135093353465839e-01
5.496654899454217480e-01
5.497063597960863968e-01
5.497461224730394447e-01
5.497844191015558435e-01
5.498252783028263480e-01
5.498654416171956383e-01
5.499017734238919042e-01
5.499359453337987480e-01
5.499855291697024473e-01
5.500223212765389391e-01
5.500564181157485688e-01
5.500905350114012604e-01
5.501218155937883658e-01
5.501650778114887119e-01
5.501929573669310791e-01
5.502273703710985897e-01
5.502563500179467049e-01
5.502863988079198521e-01
5.503150777934953108e-01
5.503477028378214175e-01
5.503825184879476140e-01
5.504115118312422616e-01
5.504400040633299351e-01
5.504638177694622936e-01
5.504946817439190232e-01
5.505317020100157777e-01
5.505620554345669326e-01
5.505904126041237800e-01
5.506182264671820592e-01
5.506519947140866567e-01
5.506852213879062097e-01
5.507098564171508670e-01
5.507393808855772788e-01
5.507593901883841570e-01
5.507865057382588247e-01
5.508105337303238480e-01
5.508414028973769305e-01
5.508769907887692829e-01
5.508970956169715327e-01
5.509161852918835756e-01
5.509374938006615929e-01
5.509657788162590775e-01
5.509877319556175657e-01
5.510029748335102395e-01
5.510195779393274318e-01
5.510393275249549916e-01
5.510572908108543055e-01
5.510767463092891560e-01
5.511015700920505189e-01
5.511161846601048131e-01
5.511355829998145772e-01
5.511575035878737427e-01
5.511723535994963452e-01
5.511925272586978286e-01
5.512131110521224509e-01
5.512269311731428090e-01
5.512383581022354262e-01
5.512504977566029529e-01
5.512649919583951785e-01
5.512807746628991534e-01
5.512904526971008634e-01
5.513011787807251540e-01
5.513124853221067490e-01
5.513259758600215221e-01
5.513413200597682140e-01
5.513545650524478425e-01
5.513650423938042389e-01
5.513746739954412668e-01
5.513825613592107100e-01
5.513875517712576446e-01
5.514027120178028873e-01
5.514084918182899919e-01
5.514157270237790565e-01
5.514270080094055837e-01
5.514350141994672772e-01
5.514421373506975810e-01
5.514454251000794338e-01
5.514496392628367438e-01
5.514612068911717291e-01
5.514675697797166709e-01
5.514806960962312932e-01
5.514855854969691329e-01
5.514929661200901334e-01
5.515025713081866954e-01
5.515039226822181506e-01
5.515190716873722421e-01
5.515291606371041100e-01
5.515343730796835597e-01
5.515392594562905648e-01
5.515461647293231628e-01
5.515490257938132634e-01
5.515546256381244072e-01
5.515557581321344216e-01
5.515623867276021608e-01
5.515670652875891422e-01
5.515768789305085518e-01
5.515781069710339324e-01
5.515869400731330252e-01
5.515875910774278301e-01
5.515894380052642765e-01
5.515938232858776935e-01
5.515933792609509778e-01
5.515891478594379116e-01
5.515857055526787178e-01
5.515842935730961294e-01
5.515801522398261492e-01
5.515788550811220325e-01
5.515780949429465174e-01
5.515722755101414299e-01
5.515651312694607178e-01
5.515630444242435315e-01
5.515623058420479063e-01
5.515636424009506822e-01
5.515593935243233714e-01
5.515605218567781742e-01
5.515529042337276033e-01
5.515430748158484109e-01
5.515369748718237375e-01
5.515396382919692808e-01
5.515301526897593565e-01
5.515240478796590295e-01
5.515203181815105937e-01
5.515068024501791344e-01
5.515001173900183629e-01
5.514944501071168403e-01
5.514880809083173574e-01
5.514785207284501611e-01
5.514622349505341470e-01
5.514575470038418636e-01
5.514458923418819047e-01
5.514365870174602335e-01
5.514211539601032719e-01
5.514099868840118823e-01
5.513996347385053953e-01
5.513934846412621438e-01
5.513774495052313762e-01
5.513651231830370980e-01
5.513515732334671737e-01
5.513395517474957153e-01
5.513224857109183530e-01
5.513123611879892083e-01
5.512983652866924045e-01
5.512841514789714736e-01
5.512680599590701336e-01
5.512533469153558796e-01
5.512488862348938756e-01
5.512366004771471761e-01
5.512180815394195355e-01
5.512002908243056609e-01
5.511896050501901012e-01
5.511779600768630383e-01
5.511661282001880657e-01
5.511502064353642760e-01
5.511413840240829698e-01
5.511250789479548162e-01
5.511117321579280803e-01
5.510976625423268382e-01
5.510745491216809677e-01
5.510559672193968694e-01
5.510394357229592144e-01
5.510218082221260971e-01
5.510001456294865152e-01
5.509821469922205894e-01
5.509670699209155975e-01
5.509450374452695698e-01
5.509240731629634347e-01
5.509030946074434665e-01
5.508848065537692573e-01
5.508666631560006355e-01
5.508446754133498047e-01
5.508196656160423421e-01
5.508000870412940175e-01
5.507844325815032249e-01
5.507696840612253952e-01
5.507518638037621761e-01
5.507270225390636931e-01
5.507033288896807655e-01
5.506828463963691078e-01
5.506679788949290222e-01
5.506460604813346871e-01
5.506216034533685244e-01
5.505994728005459971e-01
5.505829180443704285e-01
5.505668269059910136e-01
5.505473059306258410e-01
5.505215734950368311e-01
5.504982776479957485e-01
5.504726411490166171e-01
5.504458552314088760e-01
5.504269298323293258e-01
5.504023673535737293e-01
5.503805776228175572e-01
5.503577661048685288e-01
5.503335891096583499e-01
5.503094812181378304e-01
5.502931907693755509e-01
5.502663526194355725e-01
5.502470375194363772e-01
5.502166577164530059e-01
5.501953553779839190e-01
5.501714001552553412e-01
5.501432724189788681e-01
5.501141031903395984e-01
5.500844726185362132e-01
5.500633734588668000e-01
5.500375474950972565e-01
5.500098622765304812e-01
5.499852138530978429e-01
5.499593466770090755e-01
5.499349057708112776e-01
5.499068071272726899e-01
5.498809963207962337e-01
5.498508591682355062e-01
5.498259213573551962e-01
5.497971228753663064e-01
5.497721287271564172e-01
5.497499154584630787e-01
5.497234804710564582e-01
5.496995081473933231e-01
5.496751341158434556e-01
5.496514916808604712e-01
5.496210456174472903e-01
5.495949470330707687e-01
5.495693741820766309e-01
5.495475348974507845e-01
5.495209698183706193e-01
5.494921252763034225e-01
5.494626852610506873e-01
5.494350190031669356e-01
5.494072182730533882e-01
5.493777138958730877e-01
5.493453835274815233e-01
5.493124328220776453e-01
5.492822986450146550e-01
5.492523476557700235e-01
5.492231081923065750e-01
5.491927633448097090e-01
5.491701020526519317e-01
5.491407712750974168e-01
5.491149589393459207e-01
5.490849209245416418e-01
5.490569218317287170e-01
5.490282171605663786e-01
5.489988730486962121e-01
5.489677556971979122e-01
5.489414592508725654e-01
5.489092178742283057e-01
5.488784356097982098e-01
5.488466140971065554e-01
5.488128981969121467e-01
5.487788238177990774e-01
5.487486530193306233e-01
5.487218857517698334e-01
5.486970528894934418e-01
5.486647892656032477e-01
5.486307680173746482e-01
5.486024198819057229e-01
5.485704775829044477e-01
5.485380652712901206e-01
5.485048692969352047e-01
5.484775221506913434e-01
5.484472740547134961e-01
5.484195629085418799e-01
5.483898943979081952e-01
5.483578671029512019e-01
5.483231569160517127e-01
5.482941852387530624e-01
5.482580711559207343e-01
5.482318779260672015e-01
5.481998519728464858e-01
5.481681614450100160e-01
5.481364446807408530e-01
5.481055050342178436e-01
5.480673507453321935e-01
5.480319455655842109e-01
5.479955924882624618e-01
5.479586359082899705e-01
5.479263086156360707e-01
5.478893711418781898e-01
5.478519886049560972e-01
5.478214658622417854e-01
5.477823989236660918e-01
5.477487834677448042e-01
5.477132878215108525e-01
5.476793890343715221e-01
5.476464004453446277e-01
5.476065709891638766e-01
5.475785695753885296e-01
5.475410723293189230e-01
5.475104082248325454e-01
5.474763436062960453e-01
5.474420833968044464e-01
5.474068223665640165e-01
5.473810790308339946e-01
5.473436538733031931e-01
5.473100132249953953e-01
5.472756119412983677e-01
5.472430800048870836e-01
5.472012280836778819e-01
5.471663078262953839e-01
5.471276838189049752e-01
5.470873158025635341e-01
5.470502433136300580e-01
5.470076755017231340e-01
5.469699385933131097e-01
5.469297716228376238e-01
5.468921538301274587e-01
5.468617621538561790e-01
5.468265530532927521e-01
5.467856092982712468e-01
5.467473034078852434e-01
5.467113606375630930e-01
5.466763781349994744e-01
5.466419849389617669e-01
5.466003216438980461e-01
5.465668112944702672e-01
5.465345355389321647e-01
5.464945540111166844e-01
5.464621563261716775e-01
5.464210140724415909e-01
5.463825562493774823e-01
5.463415367269399692e-01
5.463027016568099414e-01
5.462725359685052240e-01
5.462315223037385037e-01
5.461900505885076695e-01
5.461480489093326618e-01
5.461105970896605877e-01
5.460724915441442784e-01
5.460347963491856138e-01
5.459947899692814133e-01
5.459493129103267783e-01
5.459077614164220549e-01
5.458649328174134396e-01
5.458241500335480056e-01
5.457836037836965026e-01
5.457380014730442985e-01
5.457000384475265697e-01
5.456614785161358894e-01
5.456178582675571542e-01
5.455721658436385457e-01
5.455273551502872742e-01
5.454867780428578339e-01
5.454430881725526037e-01
5.454014649392810998e-01
5.453552010690132512e-01
5.453212963196402141e-01
5.452791441779610837e-01
5.452329934409224643e-01
5.451966313467311309e-01
5.451579027494589669e-01
5.451181825123564417e-01
5.450738298722018760e-01
5.450284779705064642e-01
5.449907123649531115e-01
5.449450954429938543e-01
5.449053440450677410e-01
5.448638038253131866e-01
5.448249374993792138e-01
5.447816232502517009e-01
5.447427943481805146e-01
5.446996397120031919e-01
5.446544731235826164e-01
5.446086754414891651e-01
5.445654285177734533e-01
5.445184537493961141e-01
5.444790429479251515e-01
5.444356543359338829e-01
5.443923672408417236e-01
5.443437582627158600e-01
5.443021499899773907e-01
5.442580268102257257e-01
5.442124085955003521e-01
5.441660578365646872e-01
5.441234115264337312e-01
5.440768486525802139e-01
5.440342275668309524e-01
5.439837929511825987e-01
5.439388599111796285e-01
5.438928226014714262e-01
5.438455006095122002e-01
5.438037897742515892e-01
5.437666669087815041e-01
5.437299874785661569e-01
5.436827817421552300e-01
5.436367683584650834e-01
5.435940589723072813e-01
5.435506251045779669e-01
5.435143914391167286e-01
5.434695585364717196e-01
5.434246119682462073e-01
5.433813564277379937e-01
5.433351741958507564e-01
5.432875716166500890e-01
5.432446017619694256e-01
5.431990645126139050e-01
5.431513904293733264e-01
5.431074186734970999e-01
5.430679575373580370e-01
5.430246307580474108e-01
5.429819167896910992e-01
5.429381807573337992e-01
5.429009433284835984e-01
5.428502066821693228e-01
5.428039138066952374e-01
5.427556360734123730e-01
5.427117754023018659e-01
5.426638840278404929e-01
5.426133094040384020e-01
5.425665457839078387e-01
5.425189662049492156e-01
5.424710252150904966e-01
5.424249504508455999e-01
5.423857808600327512e-01
5.423345921205320330e-01
5.422841401867144473e-01
5.422370251831652999e-01
5.421865795596660931e-01
5.421417275236255495e-01
5.420910664622150543e-01
5.420469588236630498e-01
5.420082053290701252e-01
5.419611209625412318e-01
5.419162601821699843e-01
5.418712525623147203e-01
5.418274876377662252e-01
5.417760897502810202e-01
5.417284181744004279e-01
5.416773984503763240e-01
5.416321023525300093e-01
5.415886104662395173e-01
5.415368663386976866e-01
5.414912117580965578e-01
5.414470220009761636e-01
5.413986835403074016e-01
5.413496795994940936e-01
5.413077067033738032e-01
5.412604792601757309e-01
5.412138653127371857e-01
5.411635795711036145e-01
5.411132309991977252e-01
5.410663751862404558e-01
5.410197858508299928e-01
5.409693451162314037e-01
5.409205557457764657e-01
5.408728040579018348e-01
5.408295468031201203e-01
5.407762253765899807e-01
5.407281491399453799e-01
5.406791515262253656e-01
5.406390864288661557e-01
5.406014768483999866e-01
5.405609447386013899e-01
5.405177669328972145e-01
5.404729056470383153e-01
5.404209932854342480e-01
5.403722458955374508e-01
5.403249730425886410e-01
5.402836458043199785e-01
5.402314034907064189e-01
5.401779556233702317e-01
5.401344736492759147e-01
5.400819032435272282e-01
5.400384349753004631e-01
5.399918743804805743e-01
5.399459980128169523e-01
5.398951315958163688e-01
5.398477765882658819e-01
5.398036824593792637e-01
5.397589057001148660e-01
5.397075027701360161e-01
5.396582230126086843e-01
5.396061641991012348e-01
5.395527342005602689e-01
5.395036265783853535e-01
5.394515669609016850e-01
5.394024464669567864e-01
5.393583945474873520e-01
5.393077707562230483e-01
5.392566482964094021e-01
5.392101620606697399e-01
5.391635257694403771e-01
5.391150728592495334e-01
5.390673793779945377e-01
5.390184621802022180e-01
5.389722060822612626e-01
5.389205323870263076e-01
5.388746311666772204e-01
5.388218487774439902e-01
5.387801459018071171e-01
5.387301178715625527e-01
5.386792659867232214e-01
5.386303404788533866e-01
5.385879156229722575e-01
5.385377820886908529e-01
5.384858381444124209e-01
5.384399306027557452e-01
5.383890354285317814e-01
5.383390541454902145e-01
5.382860593123690585e-01
5.382367311007274502e-01
5.381877357085662616e-01
5.381423204484887535e-01
5.380978779527355593e-01
5.380512408741761066e-01
5.380018278411785593e-01
5.379559126859637663e-01
5.379079832751511026e-01
5.378553395861870312e-01
5.378046045534166097e-01
5.377584298314401767e-01
5.377171192775935804e-01
5.376701661898075635e-01
5.376152771505252614e-01
5.375627779353819857e-01
5.375142159264513220e-01
5.374628368764162722e-01
5.374099619204865119e-01
5.373583174722610378e-01
5.373115962730408146e-01
5.372591668972972467e-01
5.372078203563088739e-01
5.371517854695154748e-01
5.371011347260656876e-01
5.370519167975135177e-01
5.370011349933755396e-01
5.369508596824437152e-01
5.369010433339248545e-01
5.368486728187398249e-01
5.368016385133842494e-01
5.367530789004671954e-01
5.367058127443702364e-01
5.366535735247548455e-01
5.366027603750428421e-01
5.365518239077105012e-01
5.365007875442779905e-01
5.364529828992278260e-01
5.364024308689099296e-01
5.363527416699079842e-01
5.362994920291176415e-01
5.362537700078677805e-01
5.362044218972186194e-01
5.361505416057098516e-01
5.360969298423896578e-01
5.360477298849309902e-01
5.359936622464186451e-01
5.359422240913777058e-01
5.358988435314412380e-01
5.358442137350631906e-01
5.357944154433793571e-01
5.357429043036894267e-01
5.356937765862678225e-01
5.356446451438162670e-01
5.356013199150985171e-01
5.355472735311660459e-01
5.354978475114738901e-01
5.354518275183888232e-01
5.353962060982223603e-01
5.353475675478165385e-01
5.353032767735614872e-01
5.352504998787666057e-01
5.351983224369223358e-01
5.351469811006185351e-01
5.350993215377295442e-01
5.350500184192287234e-01
5.350012213732588950e-01
5.349526975056981826e-01
5.348990881688837629e-01
5.348430050009875814e-01
5.347944362285196318e-01
5.347415474175970518e-01
5.346895128662950691e-01
5.346366634128641993e-01
5.345871077025181606e-01
5.345398348790580956e-01
5.344902916242421087e-01
5.344402850019364104e-01
5.343895442724209133e-01
5.343372663870428196e-01
5.342868366176025674e-01
5.342343768991436592e-01
5.341844572931635504e-01
5.341311464347276994e-01
5.340797838800718234e-01
5.340264259381186651e-01
5.339756794510637228e-01
5.339261313322356539e-01
5.338722527740639157e-01
5.338251051300659800e-01
5.337708926091506711e-01
5.337188682944509210e-01
5.336674075122022076e-01
5.336151033055287485e-01
5.335661868538634778e-01
5.335147916915005117e-01
5.334677717185517531e-01
5.334202487719504893e-01
5.333744224504196607e-01
5.333271446444930453e-01
5.332759187943899581e-01
5.332269011253891744e-01
5.331777523859589918e-01
5.331264453497610578e-01
5.330764065437915145e-01
5.330285727003838403e-01
5.329747487515382742e-01
5.329246019814271040e-01
5.328723087637119438e-01
5.328190213865878766e-01
5.327700482561404938e-01
5.327191154390521488e-01
5.326694397901581279e-01
5.326208792368413159e-01
5.325754960523864101e-01
5.325238743408502451e-01
5.324759437434543052e-01
5.324277860660122652e-01
5.323759632449801549e-01
5.323268642826022301e-01
5.322736892537461850e-01
5.322256686951756244e-01
5.321789040229513157e-01
5.321283400159437793e-01
5.320784781835153909e-01
5.320313585155620473e-01
5.319803029956291507e-01
5.319320242049091485e-01
5.318771289539251379e-01
5.318244464716536113e-01
5.317705210738218335e-01
5.317163957936591467e-01
5.316627223478880282e-01
5.316125541235839913e-01
5.315634507511408646e-01
5.315168611108019858e-01
5.314636325589165988e-01
5.314110143092833916e-01
5.313636708080602400e-01
5.313128986341822957e-01
5.312605222400502702e-01
5.312095962272289640e-01
5.311578678707364887e-01
5.311105972362081262e-01
5.310598502143668576e-01
5.310095994644143946e-01
5.309635738337461497e-01
5.309118375081388619e-01
5.308645866332073471e-01
5.308117986324897286e-01
5.307656770365790644e-01
5.307150200245864813e-01
5.306637899697179694e-01
5.306137441473927074e-01
5.305647074723086609e-01
5.305155265179662960e-01
5.304638276594686452e-01
5.304148444042838806e-01
5.303612377244052434e-01
5.303137898596017585e-01
5.302637369697937864e-01
5.302153417262642776e-01
5.301619311422498537e-01
5.301132511323272123e-01
5.300646930622080477e-01
5.300149305351367079e-01
5.299683928514761222e-01
5.299276555298680913e-01
5.298787853363099432e-01
5.298342423586658301e-01
5.297844512548151030e-01
5.297332800453483648e-01
5.296801427427942910e-01
5.296307683417725842e-01
5.295787719280040662e-01
5.295251013074342428e-01
5.294734685505937399e-01
5.294264236622787667e-01
5.293771378562146523e-01
5.293294983597642833e-01
5.292796592450009774e-01
5.292336406291614503e-01
5.291836720920757298e-01
