0.000000000000000000e+00
6.666666666666654084e-02
1.138928571428565739e-01
1.489227138970619091e-01
1.762904427826913478e-01
1.986321129696865251e-01
2.170487252893309460e-01
2.323968949260097894e-01
2.454787160145233127e-01
2.576699758116369754e-01
2.686968351712963887e-01
2.785929476630315538e-01
2.876069301446610993e-01
2.962098851517263043e-01
3.040101747010388600e-01
3.115911658899959136e-01
3.188522654130112599e-01
3.258101275615533643e-01
3.319696231172188927e-01
3.381060867246630242e-01
3.438123527120088285e-01
3.496431519903443474e-01
3.551885010457138669e-01
3.602989582663694845e-01
3.652089740366967208e-01
3.700301042044804589e-01
3.749401178654081512e-01
3.799923431466474266e-01
3.848073095635483609e-01
3.893708725319310338e-01
3.938956078780809777e-01
3.982717551284470359e-01
4.024674742599096966e-01
4.065119266228208739e-01
4.104978799397412947e-01
4.144263657208430152e-01
4.185229684466444944e-01
4.222566622695920202e-01
4.260507974706260192e-01
4.297401155320070831e-01
4.332655677354744217e-01
4.367962719018160245e-01
4.402384299185796435e-01
4.436771904563689972e-01
4.470578756359490091e-01
4.505245435365785589e-01
4.537874848227668734e-01
4.571199235843137476e-01
4.601542344662076234e-01
4.632667596897422913e-01
4.663883482287802806e-01
4.693931382405882591e-01
4.722993119869280942e-01
4.751959614145639943e-01
4.779622680627271247e-01
4.807807850052927545e-01
4.834960392086615766e-01
4.861993052145775485e-01
4.889902154513983135e-01
4.917157331618351446e-01
4.943710189590682091e-01
4.970079417618578077e-01
4.995484719256446660e-01
5.020412681854089509e-01
5.045159484134875694e-01
3.880311789172203873e-01
3.755432781402363029e-01
3.637913555413264666e-01
3.531808849614768153e-01
3.432883785276033550e-01
3.340189993143956593e-01
3.251074437287680974e-01
3.169900548354426806e-01
3.093455299983838835e-01
3.020400841916415224e-01
2.952577237297934198e-01
2.888163853724819985e-01
2.825937318522109276e-01
2.767721238739753176e-01
2.712942393752939552e-01
2.660325033108026371e-01
2.610899766988795112e-01
2.562651262376586248e-01
2.516724269062210473e-01
2.471992720875824667e-01
2.428981451598904440e-01
2.387964913657418253e-01
2.347873988982256965e-01
2.309709992815337232e-01
2.272482668553527652e-01
2.236710011127422404e-01
2.202302519583936302e-01
2.169271059640104360e-01
2.137031087633752269e-01
2.105967396988113471e-01
2.076174982190502616e-01
2.047039416917840193e-01
2.018861892448393924e-01
1.991490864751547241e-01
1.965107313283099288e-01
1.939444843110642025e-01
1.914392989338996320e-01
1.890136441610331952e-01
1.866441219418475128e-01
1.843601490221914163e-01
1.821113972362820299e-01
1.799493282249166048e-01
1.778285504516551596e-01
1.757694890385594344e-01
1.737674429644915919e-01
1.717961822006641437e-01
1.698783017341425616e-01
1.679956365006317620e-01
1.661728595522241059e-01
1.643929786122500514e-01
1.626542791022388135e-01
1.609500818211639372e-01
1.592807506008825924e-01
1.576481960757721290e-01
1.560592362806069999e-01
1.544959763453999935e-01
1.529618600623424696e-01
1.514639492565424683e-01
1.499935791439519217e-01
1.485580180542601103e-01
1.471480544690960679e-01
1.457663416196284256e-01
1.444106412248748472e-01
1.430864774270758644e-01
1.417921907585112107e-01
1.405148972412032793e-01
1.392597292069278625e-01
1.380380004736954935e-01
1.368320697217868254e-01
1.356528686135840267e-01
1.344856317675606761e-01
1.333452213006940390e-01
1.322246896126181848e-01
1.311180339689840268e-01
1.300338122884653613e-01
1.289733444146144437e-01
1.279260473249639318e-01
1.268981429188298093e-01
1.258805123721119523e-01
1.248820886450757728e-01
1.239006914178974184e-01
1.229409869681780676e-01
1.219935803687097475e-01
1.210610092862667575e-01
1.201353075664217118e-01
1.192248017772108148e-01
1.183356353238405601e-01
1.174592186279385386e-01
1.165972441571540008e-01
1.157442617348503899e-01
1.149072174625784815e-01
1.140809015343749733e-01
1.132689435105635190e-01
1.124642775171384168e-01
1.116711777405259287e-01
1.108910610897653748e-01
1.101189178987868056e-01
1.093626093152177958e-01
1.086130797025531280e-01
1.078751467892022919e-01
1.071491617837285470e-01
1.064317525806182385e-01
1.057236736615548567e-01
1.050213878685648805e-01
1.043303107454685019e-01
1.036525538351915354e-01
1.029817375377709843e-01
1.023176797752383405e-01
1.016595268480331715e-01
1.010126870247726183e-01
1.003737743049844255e-01
9.974312107643451553e-02
9.912377193374563578e-02
9.850962969776402844e-02
9.790483107985964439e-02
9.730320725627072953e-02
9.671141423008680627e-02
9.612342091416148371e-02
9.554516492746187306e-02
9.497415750371571153e-02
9.440871262372657613e-02
9.384848239106594048e-02
9.329885026655415636e-02
9.275280924724965681e-02
9.221433679982124487e-02
9.168227658677605141e-02
9.115754599460995644e-02
9.063730739840009099e-02
9.012126483288035450e-02
8.961170952498251352e-02
8.910759007176083379e-02
8.860834793669508658e-02
8.811898372163173843e-02
8.763376956305429788e-02
8.715110367990952511e-02
8.667210302624656082e-02
8.619772207018436272e-02
8.573080026380922036e-02
8.526655158112347865e-02
8.480948248366210196e-02
8.435850700922523093e-02
8.391095278140320302e-02
8.346851056066764696e-02
8.302934417613139217e-02
8.259412760879467075e-02
8.216449162544625651e-02
8.173838836114974415e-02
8.131739255250827747e-02
8.090258775875383557e-02
8.049168846685883505e-02
8.008298190486026757e-02
7.967943079601738643e-02
7.928204287408874285e-02
7.888733666465194694e-02
7.849436378360785671e-02
7.810671072793129444e-02
7.772188666952858926e-02
7.734092773433784429e-02
7.696532832216662623e-02
7.659215538230373932e-02
7.622333147879323256e-02
7.585754412539377767e-02
7.549674198698497207e-02
7.513739743402716997e-02
7.478052225516895746e-02
7.443131668714320082e-02
7.408076647812983362e-02
7.373499162439781096e-02
7.339029580309278100e-02
7.304951176865973062e-02
7.271428335872248683e-02
7.238182332667514318e-02
7.205008469135451565e-02
7.172210450148189254e-02
7.139688456052081800e-02
7.107466995060984782e-02
7.075468400326245799e-02
7.043787380345015170e-02
7.012452054631021503e-02
6.981376510450959527e-02
6.950567383302366786e-02
6.919838295754038304e-02
6.889503106619626616e-02
6.859355154561141976e-02
6.829473452622983332e-02
6.799994358644184667e-02
6.770726569879167989e-02
6.741625607338930237e-02
6.712814533915900661e-02
6.684098115986286670e-02
6.655693215641492189e-02
6.627581305299617975e-02
6.599730158291147730e-02
6.572153931441906960e-02
6.544611317405404916e-02
6.517338024172167343e-02
6.490451516621942307e-02
6.463572722191707198e-02
6.437115440383611720e-02
6.410873223477453475e-02
6.384638449551954809e-02
6.358719184931024837e-02
6.332904081971091337e-02
6.307313980341730519e-02
6.281932675676388245e-02
6.256847095680534432e-02
6.231877299519444913e-02
6.207086767167610541e-02
6.182434743068523919e-02
6.158046889233839694e-02
6.133829064036352974e-02
6.109918088161278571e-02
6.085970848112168263e-02
6.062219912101859953e-02
6.038781709719137636e-02
6.015582498969215819e-02
5.992427249540682732e-02
5.969403094439995616e-02
5.946726048177855550e-02
5.924052297123641453e-02
5.901604102377755456e-02
5.879298746574745937e-02
5.857208360280422021e-02
5.835223614624021615e-02
5.813309830777277365e-02
5.791595400728180576e-02
5.769997363458370665e-02
5.748628427944940666e-02
5.727434071509276969e-02
5.706456072824689363e-02
5.685557131153431976e-02
5.664821533076164206e-02
5.644244230467465595e-02
5.623757528376993609e-02
5.603401889547188208e-02
5.583212533252021603e-02
5.563151979387229162e-02
5.543245136977578702e-02
5.523486133712357526e-02
5.503923740367389073e-02
5.484429220847225617e-02
5.465010317688870356e-02
5.445745512559477253e-02
5.426661726596690438e-02
5.407686778582568299e-02
5.388872967836652594e-02
5.370196090801754307e-02
5.351590885893620086e-02
5.333113689071533603e-02
5.314747464184255143e-02
5.296540116793641007e-02
5.278444425626405145e-02
5.260415728000314428e-02
5.242488040855736164e-02
5.224858441183369284e-02
5.207219482216809969e-02
5.189681596808501385e-02
5.172252766005033808e-02
5.154965468834871167e-02
5.137796615806378142e-02
5.120697097434520617e-02
5.103691977406035751e-02
5.086990365987867357e-02
5.070246523700722152e-02
5.053580372365637507e-02
5.037024033759773811e-02
5.020551840638795560e-02
5.004315699878864043e-02
4.988024708641017324e-02
4.971906551212726399e-02
4.955838552053429269e-02
4.939888084496160681e-02
4.924027071653472309e-02
4.908311156282330057e-02
4.892717201309074171e-02
4.877161036530774929e-02
4.861710801508398183e-02
4.846306175465756039e-02
4.831068987702177853e-02
4.815990441004963651e-02
4.800954572178842139e-02
4.785993562668666712e-02
4.771113621724099030e-02
4.756393312631257420e-02
4.741744350132343078e-02
4.727111995439364778e-02
4.712629232882220576e-02
4.698131168182115291e-02
4.683802890382735007e-02
4.669526211096533541e-02
4.655410042234647827e-02
4.641429025885759896e-02
4.627370163159819083e-02
4.613388016009925541e-02
4.599519406606575322e-02
4.585801600473093931e-02
4.572103308608754801e-02
4.558422788623947564e-02
4.544836683753858408e-02
4.531365096622941291e-02
4.517953974567692765e-02
4.504637837862965344e-02
4.491454643172232419e-02
4.478249842143824933e-02
4.465170690051109559e-02
4.452195253758378657e-02
4.439219773201397157e-02
4.426380330847864975e-02
4.413622754730578412e-02
4.400862638891414602e-02
4.388157437294046281e-02
4.375538116140942346e-02
4.363004300038056393e-02
4.350562559626205972e-02
4.338127126602536743e-02
4.325779025401976785e-02
4.313505362707389934e-02
4.301323581722063527e-02
4.289224015638040677e-02
4.277179477240150574e-02
4.265176141810123056e-02
4.253233434281880609e-02
4.241337118608110024e-02
4.229482113061389104e-02
4.217785595992748493e-02
4.206070313333024058e-02
4.194433946245826328e-02
4.182903533357396064e-02
4.171400426111063209e-02
4.159955334768983271e-02
4.148535980406578560e-02
4.137188400819974410e-02
4.125969164678980339e-02
4.114766330804012218e-02
4.103682896855528894e-02
4.092590641248294858e-02
4.081574222026984611e-02
4.070631639060284801e-02
4.059683046558648645e-02
4.048920022526528162e-02
4.038164324317095044e-02
4.027423485202030751e-02
4.016741064664375305e-02
4.006136745534386034e-02
3.995545061900709904e-02
3.985029493743752482e-02
3.974532612581832547e-02
3.964139259909654767e-02
3.953781674611950292e-02
3.943522912393301882e-02
3.933240679637095560e-02
3.923080574835210999e-02
3.912907150510311349e-02
3.902792936042470684e-02
3.892762015652043162e-02
3.882721158136379080e-02
3.872709244599290002e-02
3.862756127814745422e-02
3.852872538670007452e-02
3.843014686321921669e-02
3.833231836738359988e-02
3.823499414955827680e-02
3.813774284631077371e-02
3.804091794020689199e-02
3.794494420025493198e-02
3.784954785200292382e-02
3.775481504393540799e-02
3.766016402293381748e-02
3.756638092795269723e-02
3.747234950895086958e-02
3.737862438976863322e-02
3.728569366108075434e-02
3.719386680657413291e-02
3.710153284191303191e-02
3.700989102457652447e-02
3.691887592973375209e-02
3.682754836229371054e-02
3.673728621700408925e-02
3.664745121669982231e-02
3.655800093611535906e-02
3.646879989725390625e-02
3.637943992522232883e-02
3.629143186264816023e-02
3.620323969926067531e-02
3.611565136189537339e-02
3.602802783976050138e-02
3.594117285621878377e-02
3.585477149415311482e-02
3.576916414898859142e-02
3.568316596173345956e-02
3.559786275988818804e-02
3.551283987067332948e-02
3.542840194604604531e-02
3.534392465986466170e-02
3.526036337709498314e-02
3.517690938376277776e-02
3.509385776591009143e-02
3.501103222639762036e-02
3.492870030993144859e-02
3.484747089024869959e-02
3.476604173851277624e-02
3.468455638745590597e-02
3.460351299161629202e-02
3.452338393313575393e-02
3.444353761821719595e-02
3.436400253443161468e-02
3.428456453219094757e-02
3.420599427264581216e-02
3.412716953656555474e-02
3.404902097655151949e-02
3.397105240678530147e-02
3.389283450442864831e-02
3.381538545711329502e-02
3.373835520296680768e-02
3.366159215778100067e-02
3.358486948928124383e-02
3.350877292786097472e-02
3.343318981534015855e-02
3.335742528644541904e-02
3.328207902098995197e-02
3.320705968984261069e-02
3.313253049423278696e-02
3.305839075067837363e-02
3.298428907114703268e-02
3.291028943770349380e-02
3.283702770950924776e-02
3.276436213764932770e-02
3.269206425947995820e-02
3.261986101805020022e-02
3.254745202067566012e-02
3.247543458283716489e-02
3.240399083262168745e-02
3.233322668237759157e-02
3.226228948785997419e-02
3.219145142418716743e-02
3.212105736406020706e-02
3.205139148669927662e-02
3.198206399775385678e-02
3.191274609001365503e-02
3.184329472626040713e-02
3.177429532571024451e-02
3.170544639397260278e-02
3.163680049245826131e-02
3.156898035088792631e-02
3.150107750290948028e-02
3.143363738430829391e-02
3.136642351481300217e-02
3.129937809867486265e-02
3.123259765898414586e-02
3.116661734620004842e-02
3.110020378290423437e-02
3.103460464202309477e-02
3.096850489786509564e-02
3.090332815627930274e-02
3.083820938809761492e-02
3.077308573377604550e-02
3.070815123765857635e-02
3.064345064320136980e-02
3.057960835975517822e-02
3.051571898105862046e-02
3.045190208564760304e-02
3.038859632778287412e-02
3.032545276478235130e-02
3.026261723329071174e-02
3.019983225731390220e-02
3.013749356840497717e-02
3.007506476700633202e-02
3.001322654708349358e-02
2.995138322759827165e-02
2.989002301830898101e-02
2.982916336217814046e-02
2.976820826561421551e-02
2.970767420527106739e-02
2.964731755824637216e-02
2.958728277798558515e-02
2.952701752568170912e-02
2.946723707820028682e-02
2.940776442169634741e-02
2.934883066891733061e-02
2.928975905409128555e-02
2.923078483041388620e-02
2.917196184607590004e-02
2.911351985884083615e-02
2.905527353161252435e-02
2.899715137654737540e-02
2.893907168453080381e-02
2.888116914571517424e-02
2.882365923362303906e-02
2.876641051533351812e-02
2.870943564932135206e-02
2.865258040129911588e-02
2.859643066579223292e-02
2.854008223461396154e-02
2.848416344740420381e-02
2.842820133219153833e-02
2.837258884761881261e-02
2.831709924127254197e-02
2.826180957670157423e-02
2.820660366415420062e-02
2.815192401225535823e-02
2.809705295224157462e-02
2.804244862144553152e-02
2.798802907400665951e-02
2.793367668462390374e-02
2.787950263070812507e-02
2.782576876897308038e-02
2.777247387634854126e-02
2.771954986776406504e-02
2.766629336232603875e-02
2.761311291482920760e-02
2.756048559126511588e-02
2.750780047588438637e-02
2.745529436449889449e-02
2.740294606218951490e-02
2.735112887745130839e-02
2.729937498189777267e-02
2.724794979537664696e-02
2.719658181146725195e-02
2.714525084884031325e-02
2.709395297745773035e-02
2.704321571760570642e-02
2.699216348469138382e-02
2.694187797052624567e-02
2.689148380335662503e-02
2.684123072964214596e-02
2.679117417170029380e-02
2.674133264000608246e-02
2.669124815617798796e-02
2.664153308407940512e-02
2.659191174119687751e-02
2.654243900716493632e-02
2.649340442537320706e-02
2.644428934574211132e-02
2.639533066614285772e-02
2.634698695817808134e-02
2.629828492013905339e-02
2.625009861833343949e-02
2.620193456011074562e-02
2.615408087202189535e-02
2.610641713028233335e-02
2.605849745066884937e-02
2.601145235950125256e-02
2.596399130491625074e-02
2.591710087808501983e-02
2.587021232760478018e-02
2.582341764397588779e-02
2.577674682010594465e-02
2.573074228296295951e-02
2.568420780393548819e-02
2.563813045814078428e-02
2.559214153079875098e-02
2.554640068332644787e-02
2.550028075745292000e-02
2.545468326431007955e-02
2.540906807310172599e-02
2.536348249530889776e-02
2.531827533494482307e-02
2.527290487329253432e-02
2.522793188495883743e-02
2.518300575970944255e-02
2.513836702430036207e-02
2.509426156344751746e-02
2.505008932004942901e-02
2.500571013303207191e-02
2.496160497469362971e-02
2.491778877381553570e-02
2.487413670294280621e-02
2.483073741555949510e-02
2.478707628649962080e-02
2.474399845261307518e-02
2.470112403261895406e-02
2.465797134563979531e-02
2.461535543159357187e-02
2.457244697926816435e-02
2.452983825000587537e-02
2.448719204343918765e-02
2.444481668332951219e-02
2.440306143309928233e-02
2.436082929676500197e-02
2.431873666004361056e-02
2.427671389250923850e-02
2.423512782842598967e-02
2.419361928262026007e-02
2.415224705367591262e-02
2.411086814552668156e-02
2.406934625138842931e-02
2.402815053978465953e-02
2.398703500991580806e-02
2.394614692545671275e-02
2.390542597247644063e-02
2.386454453763908745e-02
2.382420819781599919e-02
2.378398897005709611e-02
2.374358136512913497e-02
2.370321111405335190e-02
2.366303006431902389e-02
2.362318725508072426e-02
2.358331383919673452e-02
2.354365259701443613e-02
2.350389213355591478e-02
2.346490662006220362e-02
2.342562807467671315e-02
2.338622445275156947e-02
2.334749280928541393e-02
2.330871571947712440e-02
2.327001637190762029e-02
2.323122327996277048e-02
2.319249878754300886e-02
2.315428361265761681e-02
2.311579909965089108e-02
2.307769613037052858e-02
2.303967372919349388e-02
2.300191557336436765e-02
2.296404097709936476e-02
2.292645808084414760e-02
2.288880201056722741e-02
2.285115843310969730e-02
2.281360951340591359e-02
2.277628933894143559e-02
2.273886884783452023e-02
2.270195886390047324e-02
2.266496651193744549e-02
2.262810727231662211e-02
2.259108032874374006e-02
2.255449207710472082e-02
2.251790417301019476e-02
2.248137741070221907e-02
2.244492127125613523e-02
2.240875861136465419e-02
2.237250704654070166e-02
2.233652361631546790e-02
2.230030784777059516e-02
2.226446362614523111e-02
2.222866254500638350e-02
2.219293081411358171e-02
2.215757612157215339e-02
2.212257900679842626e-02
2.208766619296095857e-02
2.205236405427901669e-02
2.201721927463307082e-02
2.198233595515602934e-02
2.194749615669763787e-02
2.191307567155670322e-02
2.187841913117599679e-02
2.184381757855527462e-02
2.180940073653486744e-02
2.177493962270102279e-02
2.174051988068134711e-02
2.170648799903721060e-02
2.167238338747262683e-02
2.163827848886606953e-02
2.160446210491215324e-02
2.157095889103582964e-02
2.153735724571545496e-02
2.150387775840553739e-02
2.147046021969567509e-02
2.143743738445169633e-02
2.140387818273878362e-02
2.137062938144582147e-02
2.133735550179113871e-02
2.130441964071222438e-02
2.127136653888983542e-02
2.123827094472169330e-02
2.120545648729457722e-02
2.117270199701842825e-02
2.114001980872848296e-02
2.110752739554092039e-02
2.107544175641301587e-02
2.104288127265641073e-02
2.101044081917749495e-02
2.097827477996985768e-02
2.094602507966358829e-02
2.091416100964235691e-02
2.088208328515636647e-02
2.085039908642929984e-02
2.081906511805689530e-02
2.078742561705651526e-02
2.075601359084167097e-02
2.072466123725849596e-02
2.069347166423357587e-02
2.066198302813795906e-02
2.063074309990714506e-02
2.059944775690406016e-02
2.056851753486699241e-02
2.053779433877792049e-02
2.050674085851869610e-02
2.047604536774363937e-02
2.044548840921811550e-02
2.041484753579206335e-02
2.038425155003140143e-02
2.035405359813668991e-02
2.032368223357980397e-02
2.029344498208054959e-02
2.026312190845694361e-02
2.023287449974506269e-02
2.020290312788111664e-02
2.017301604529031511e-02
2.014302179239763069e-02
2.011319498313760001e-02
2.008347779834251945e-02
2.005406222473402056e-02
2.002427070147311250e-02
1.999479950463189937e-02
1.996534820352646733e-02
1.993637817267557288e-02
1.990764427058416830e-02
1.987877114635017151e-02
1.984992296106541376e-02
1.982107712729322402e-02
1.979196884894743325e-02
1.976306538875816088e-02
1.973434073050467363e-02
1.970595043649803202e-02
1.967713881595448133e-02
1.964836753376295042e-02
1.962010646384873547e-02
1.959151488298596644e-02
1.956340334800868441e-02
1.953524570689715856e-02
1.950717936493701066e-02
1.947895754678843905e-02
1.945094019319199008e-02
1.942321683635489515e-02
1.939546500975369847e-02
1.936751477109349695e-02
1.933973923499457404e-02
1.931191426967412972e-02
1.928409811006337460e-02
1.925655332312362078e-02
1.922893796340402472e-02
1.920153100469906837e-02
1.917440423628533064e-02
1.914705469233468627e-02
1.911975418951819550e-02
1.909274147870607119e-02
1.906580328627216492e-02
1.903887374152579692e-02
1.901201652599879277e-02
1.898518251870609519e-02
1.895854456885662231e-02
1.893174004248113218e-02
1.890524431531079297e-02
1.887851902975615226e-02
1.885235046735453390e-02
1.882586629787919019e-02
1.879942515605742548e-02
1.877315016370553757e-02
1.874726218749220297e-02
1.872104875306296323e-02
1.869484161872408956e-02
1.866893972913327704e-02
1.864290931950940422e-02
1.861699557814791572e-02
1.859098859985824914e-02
1.856521629186660971e-02
1.853952804571920576e-02
1.851406474965314186e-02
1.848868469700862271e-02
1.846328961289073201e-02
1.843783779835353465e-02
1.841259147562410159e-02
1.838731650746527890e-02
1.836193512281206197e-02
1.833668277248204359e-02
1.831169903332438564e-02
1.828696528213283323e-02
1.826210079989426527e-02
1.823692519026937076e-02
1.821191486814832672e-02
1.818714370583987550e-02
1.816230445185809672e-02
1.813746294708018514e-02
1.811272843866171267e-02
1.808825929292631751e-02
1.806363129940080636e-02
1.803911169887523203e-02
1.801444707321409044e-02
1.799006867065758297e-02
1.796579850272719825e-02
1.794153248678231893e-02
1.791735605241581708e-02
1.789325040918757215e-02
1.786911630301524223e-02
1.784524377309212873e-02
1.782138457284435096e-02
1.779760472490624079e-02
1.777370624340354754e-02
1.774988971663382653e-02
1.772615241824782029e-02
1.770246673423092609e-02
1.767897571797200085e-02
1.765541694561209574e-02
1.763198478192387619e-02
1.760844423071533660e-02
1.758525178888178941e-02
1.756197227856207133e-02
1.753856317318308600e-02
1.751522242202888102e-02
1.749211386831550641e-02
1.746886972889824530e-02
1.744579320217071183e-02
1.742309697937297064e-02
1.739999898439872905e-02
1.737711979163281129e-02
1.735426725373939716e-02
1.733155444347328489e-02
1.730889156872753021e-02
1.728654034511262205e-02
1.726378590045232753e-02
1.724127234124134267e-02
1.721895039071186240e-02
1.719630187035572910e-02
1.717399985002365792e-02
1.715189333873382016e-02
1.712949930774018692e-02
1.710719796504378554e-02
1.708499322640791296e-02
1.706295236898647261e-02
1.704091352133807469e-02
1.701897543354613518e-02
1.699708408156269668e-02
1.697503377723674767e-02
1.695294007689315818e-02
1.693119814514978949e-02
1.690933878848446814e-02
1.688756647618974704e-02
1.686580079304902946e-02
1.684420911216666372e-02
1.682276684118846899e-02
1.680130257063244814e-02
1.677987021174459636e-02
1.675843965900308818e-02
1.673699486628707489e-02
1.671568048851107546e-02
1.669431634250598262e-02
1.667309437926295379e-02
1.665180029960558472e-02
1.663063976167161728e-02
1.660945198130930889e-02
1.658842099819399230e-02
1.656748237963426296e-02
1.654642137882325614e-02
1.652569301799430845e-02
1.650470497730946451e-02
1.648385667700644208e-02
1.646307105426844664e-02
1.644230301624807766e-02
1.642170395745817801e-02
1.640107937391999116e-02
1.638064228849034354e-02
1.636024514064390867e-02
1.633998574517048219e-02
1.631967693089428351e-02
1.629927390267879583e-02
1.627901593701905347e-02
1.625877822818297402e-02
1.623852330769098851e-02
1.621835219341660750e-02
1.619831361213555643e-02
1.617809171624801090e-02
1.615804384789362724e-02
1.613795619569435846e-02
1.611789139292960082e-02
1.609804188973146255e-02
1.607815016720354206e-02
1.605835570374439247e-02
1.603864075166919201e-02
1.601907421972925682e-02
1.599933773020287275e-02
1.597976286086483233e-02
1.596021084416598956e-02
1.594059092563254731e-02
1.592113100079567412e-02
1.590155313553218153e-02
1.588219828396619793e-02
1.586294267263729796e-02
1.584358382941411514e-02
1.582431048471674706e-02
1.580515764029638559e-02
1.578590209948704803e-02
1.576681905745178081e-02
1.574751516341812985e-02
1.572833397446343762e-02
1.570914813331208970e-02
1.568999702759801829e-02
1.567090336633464309e-02
1.565199049989743352e-02
1.563315624614200483e-02
1.561446377067512992e-02
1.559555004471860351e-02
1.557669440507350456e-02
1.555808960641832939e-02
1.553940779280130191e-02
1.552067716787694507e-02
1.550205627099776606e-02
1.548343971717713874e-02
1.546502126343637928e-02
1.544653927887329470e-02
1.542809150920082528e-02
1.540983131620687896e-02
1.539141066344676401e-02
1.537322201209431749e-02
1.535485060559735326e-02
1.533675654145183476e-02
1.531853449874953643e-02
1.530032971227027194e-02
1.528221033745860713e-02
1.526415229546360108e-02
1.524614813410174463e-02
1.522808788106311262e-02
1.521016301983679764e-02
1.519211008064799695e-02
1.517429960930027910e-02
1.515646043563684264e-02
1.513870404923875479e-02
1.512081014818345004e-02
1.510312602772909130e-02
1.508546385085185459e-02
1.506782631223591018e-02
1.505032901434114057e-02
1.503307441568560443e-02
1.501558024336596686e-02
1.499825881970018315e-02
1.498077884310947128e-02
1.496330584884936199e-02
1.494579403433368703e-02
1.492843624630890709e-02
1.491104580337601626e-02
1.489362875021485455e-02
1.487631856267998542e-02
1.485919543504926610e-02
1.484204749380232946e-02
1.482497866599985503e-02
1.480787063931932046e-02
1.479093432917200079e-02
1.477389536956477678e-02
