5.767041951235963443e-02
6.282970534273435437e-02
6.772736226967659978e-02
7.199837464490425887e-02
7.590212153017372732e-02
7.955389601640699970e-02
8.314451032498643146e-02
8.627460101339740062e-02
8.924184637089953298e-02
9.206067540222956369e-02
9.462960103839015980e-02
9.708299465711663079e-02
9.948284991460999704e-02
1.016751870163402349e-01
1.037139000957142815e-01
1.056840351745058915e-01
1.075090992557360958e-01
1.093116276288089439e-01
1.110031971146820118e-01
1.126830921245896566e-01
1.142880940700344711e-01
1.157939025614311418e-01
1.172773253081501044e-01
1.186661795643756678e-01
1.200342945023132463e-01
1.213367390290959053e-01
1.225726662422523677e-01
1.237536251535571036e-01
1.249079384981821167e-01
1.260053730746766021e-01
1.270507619708603764e-01
1.280908580372784322e-01
1.290805493343477328e-01
1.300512474499331272e-01
1.309662870221128261e-01
1.318502129533957179e-01
1.327205492133739229e-01
1.335575668357028289e-01
1.343719738416514764e-01
1.351415434830588735e-01
1.359148314516110678e-01
1.366427334852075015e-01
1.373550529993093072e-01
1.380404488096437787e-01
1.387093207699799935e-01
1.393723211704580855e-01
1.400101513579005419e-01
1.406387881479775892e-01
1.412402040131215952e-01
1.418197545945297233e-01
1.423880534425967792e-01
1.429398197054956299e-01
1.434896886454319898e-01
1.440252800269953282e-01
1.445345414995375111e-01
1.450361483438306343e-01
1.455360003013688175e-01
1.460220019486727361e-01
1.464964160325434028e-01
1.469561695724926342e-01
1.474076480254300492e-01
1.478484085739016907e-01
1.482796409947474414e-01
1.486960027227063330e-01
1.490979435840254219e-01
1.494984138941744256e-01
1.498933752641808947e-01
1.502693170321483251e-01
1.506452865834318755e-01
1.510090997280826575e-01
1.513758041890668760e-01
1.517267972559200873e-01
1.520706559563448912e-01
1.524161892608011937e-01
1.527509125735922735e-01
1.530749877243822166e-01
1.534009854805560846e-01
1.537168300236009533e-01
1.540349240199463399e-01
1.543447043508482386e-01
1.546467716581909346e-01
1.549374049874915893e-01
1.552252039269196582e-01
1.555070914986275421e-01
1.557938433277789581e-01
1.560750595985986033e-01
1.563452252133946119e-01
1.566081040628885812e-01
1.568671297599336656e-01
1.571295125189883513e-01
1.573820923137245753e-01
1.576313190363536620e-01
1.578759132077603711e-01
1.581201220935411766e-01
1.583611804799235356e-01
1.585987036016168195e-01
1.588332123586931877e-01
1.590602300916239553e-01
1.592870782858699652e-01
1.595096579320778307e-01
1.597264520520292053e-01
1.599422693036493259e-01
1.601564665899464501e-01
1.603714213810042144e-01
1.605820855415664994e-01
1.607813272020241213e-01
1.609816436196100098e-01
1.611815120182212568e-01
1.613819468290594028e-01
1.615766889576195076e-01
1.617693572758156229e-01
1.619581395008140023e-01
1.621412330966568727e-01
1.623252988746457237e-01
1.625064784252005512e-01
1.626891017874000367e-01
1.628655125494251343e-01
1.630456644501763197e-01
1.632219258680111251e-01
1.633943543320213465e-01
1.635665542130423367e-01
1.637397520233585257e-01
1.639061062494827636e-01
1.640730195108983103e-01
1.642369777629262007e-01
1.643993545128376310e-01
1.645566018742956049e-01
1.647155437112303167e-01
1.648737428225443002e-01
1.650308306505520461e-01
1.651857046765193293e-01
1.653403147418581187e-01
1.654885497590751209e-01
1.656355801373921577e-01
1.657858948403766464e-01
1.659366969601176467e-01
1.660865126671589309e-01
1.662323980162543069e-01
1.663798508456900416e-01
1.665221385947411314e-01
1.666603748506499671e-01
1.668003636303886927e-01
1.669384143262257203e-01
1.670768453465891756e-01
1.672145565299086867e-01
1.673498042646151818e-01
1.674844544502566146e-01
1.676178578605773961e-01
1.677474051014625767e-01
1.678755994009641372e-01
1.680046460717575796e-01
1.681307276906657822e-01
1.682541710282805247e-01
1.683773106989494561e-01
1.685024405051568086e-01
1.686247176435626549e-01
1.687477121497584498e-01
1.688692676906912160e-01
1.689869491725162765e-01
1.691065811169068234e-01
1.692226285913084050e-01
1.693392292233561747e-01
1.694519264461269159e-01
1.695677662457511781e-01
1.696837569461349671e-01
1.697903997803118514e-01
1.699045896879643192e-01
1.700155252359258351e-01
1.701288765297436778e-01
1.702397335018600022e-01
1.703464536083211800e-01
1.704534105023317592e-01
1.705639986970912958e-01
1.706712721698954160e-01
1.707776701733110802e-01
1.708835518274343934e-01
1.709916905425049316e-01
1.710953794447468146e-01
1.711980785840216401e-01
1.712992222877151027e-01
1.713994272966916088e-01
1.715040173150412517e-01
1.716053291479790466e-01
1.717064863803516861e-01
1.718063193625017637e-01
1.719029389272189456e-01
1.719990503063304754e-01
1.720963628229066344e-01
1.721922020093351324e-01
1.722902141797162390e-01
1.723859476246356326e-01
1.724810065875093945e-01
1.725742805034832794e-01
1.726662389396381725e-01
1.727613616072427305e-01
1.728550911510748078e-01
1.729453491503885609e-01
1.730395928639375802e-01
1.731288403777535012e-01
1.732165336916185461e-01
1.733078283945870546e-01
1.733961041525580171e-01
1.734862307205991550e-01
1.735751046598269232e-01
1.736631883474471505e-01
1.737485198276954301e-01
1.738356330819449680e-01
1.739219461066180417e-01
1.740091658392226015e-01
1.740936472117678158e-01
1.741777142053732297e-01
1.742601743851926732e-01
1.743476481553236090e-01
1.744338791821351264e-01
1.745165310313753493e-01
1.745974001192704961e-01
1.746801390083284611e-01
1.747632467647373677e-01
1.748408806558792161e-01
1.749222854922538317e-01
1.750026718071235887e-01
1.750829397737435345e-01
1.751625924784146748e-01
1.752434109709692100e-01
1.753239813230431932e-01
1.754021582742887608e-01
1.754809786401705929e-01
1.755585198544205305e-01
1.756329653667847435e-01
1.757084558976695354e-01
1.757841748528078674e-01
1.758583277706036174e-01
1.759324524422123392e-01
1.760071812661353208e-01
1.760825584138493161e-01
1.761564422205512404e-01
1.762315129449135986e-01
1.763063103438050061e-01
1.763790479623964513e-01
1.764509222057073223e-01
1.765223622056730779e-01
1.765950750800329427e-01
1.766676671765178286e-01
1.767377048347698321e-01
1.768083851744851331e-01
1.768774316326648111e-01
1.769463323879731653e-01
1.770164917760963241e-01
1.770862301496435032e-01
1.771573418817482537e-01
1.772268182246070078e-01
1.772946592183744507e-01
1.773638380155616312e-01
1.774337737731816467e-01
1.774981695821411798e-01
1.775650786340080001e-01
1.776323951383078359e-01
1.776987220489215924e-01
1.777651924568927899e-01
1.778324295577041747e-01
1.778987167921825818e-01
1.779655003061302032e-01
1.780271085730748548e-01
1.780920352258993922e-01
1.781578511896823314e-01
1.782221460916580125e-01
1.782884847949999518e-01
1.783506431295849293e-01
1.784173068383324845e-01
1.784806261971624841e-01
1.785461018609082740e-01
1.786089889309430412e-01
1.786730781916499311e-01
1.787356088608797466e-01
1.787968489194044497e-01
1.788608445478568065e-01
1.789239005765400070e-01
1.789890021742297777e-01
1.790507302391161071e-01
1.791107015303003147e-01
1.791705788324138293e-01
1.792310030008669453e-01
1.792910356557922968e-01
1.793495031260044503e-01
1.794082407583036942e-01
1.794682983061867965e-01
1.795271782551327300e-01
1.795881588136464257e-01
1.796471259832412570e-01
1.797057247285754333e-01
1.797623261115268989e-01
1.798175966129074987e-01
1.798773223216228456e-01
1.799373038529573088e-01
1.799964019232038470e-01
1.800528190153190267e-01
1.801113071356860718e-01
1.801711939821314667e-01
1.802295715020406641e-01
1.802879309807956798e-01
1.803451293769803010e-01
1.804010627814457146e-01
1.804567125867687916e-01
1.805140559904999942e-01
1.805684588489547271e-01
1.806232469651221084e-01
1.806792025984937933e-01
1.807341841524689741e-01
1.807885968190025006e-01
1.808455987166434908e-01
1.809015077560040541e-01
1.809572394976242671e-01
1.810112810239570824e-01
1.810649691988663323e-01
1.811214945629647244e-01
1.811773564499607470e-01
1.812320230651747743e-01
1.812855209510534360e-01
1.813385221895730259e-01
1.813920399532490402e-01
1.814455535916949525e-01
1.814986085839117858e-01
1.815530398859434014e-01
1.816079019145109275e-01
1.816592071196499736e-01
1.817130028993898250e-01
1.817661347049802367e-01
1.818182944284335856e-01
1.818708648395806482e-01
1.819237232231481760e-01
1.819767232052318939e-01
1.820280408954233209e-01
1.820777708683105345e-01
1.821293521462745424e-01
1.821776491703924472e-01
1.822289314608018795e-01
1.822805916856516939e-01
1.823297951064104527e-01
1.823832065098433541e-01
1.824302030360042681e-01
1.824781320215337344e-01
1.825264079451918153e-01
1.825754047019690074e-01
1.826239243907503973e-01
1.826736160122375829e-01
1.827222315992490242e-01
1.827718574671982343e-01
1.828197110934122183e-01
1.828683268967582209e-01
1.829151124409913731e-01
1.829642142557877382e-01
1.830115511050502963e-01
1.830607813595271083e-01
1.831080894964995931e-01
1.831541460050581105e-01
1.832032997224439519e-01
1.832517953627262053e-01
1.833012052892402377e-01
1.833495391136606423e-01
1.833985642587932507e-01
1.834466266935544931e-01
1.834951598532594819e-01
1.835441811206728335e-01
1.835933442868695753e-01
1.836406430866261985e-01
1.836870949086673033e-01
1.837323096592867744e-01
1.837792222568993550e-01
1.838240202733274764e-01
1.838712594807761502e-01
1.839196593759050979e-01
1.839660430936591595e-01
1.840098171073112632e-01
1.840572424409225860e-01
1.841036442745639656e-01
1.841483841472690564e-01
1.841964594580868253e-01
1.842434340307933793e-01
1.842890991075893659e-01
1.843344352296780730e-01
1.843806511689488614e-01
1.844289398898861787e-01
1.844738063747052570e-01
1.845204457147308352e-01
1.845667405670504690e-01
1.846149573448371550e-01
1.846605604118779498e-01
1.847064184110766005e-01
1.847503401631525877e-01
1.847968129727712017e-01
1.848422378852868364e-01
1.848870392539854746e-01
1.849326423622192073e-01
1.849783726007237228e-01
1.850224563700866298e-01
1.850679487575471183e-01
1.851124640759274076e-01
1.851574266756338405e-01
1.852017975539309580e-01
1.852439662085864636e-01
1.852876702176276535e-01
1.853330619368161458e-01
1.853780545201323404e-01
1.854210308267938145e-01
1.854637118092864745e-01
1.855080084322170142e-01
1.855524149151289715e-01
1.855940220833515453e-01
1.856386412137230602e-01
1.856812347222011883e-01
1.857244842205827695e-01
1.857695546828471711e-01
1.858136102135854173e-01
1.858571207686237070e-01
1.858994190178511752e-01
1.859433445757558701e-01
1.859870872710769618e-01
1.860295663324775250e-01
1.860731479218187823e-01
1.861162964778201312e-01
1.861594139197000064e-01
1.862023663237131199e-01
1.862443550990953434e-01
1.862868074355964743e-01
1.863312521044213077e-01
1.863737197213849173e-01
1.864137651841480670e-01
1.864540484900130135e-01
1.864955281361805883e-01
1.865393263028479187e-01
1.865823037864376976e-01
1.866240995124343327e-01
1.866639465384317409e-01
1.867050150961279686e-01
1.867468440683162090e-01
1.867884241885057195e-01
1.868287287074631986e-01
1.868685597009545896e-01
1.869086589164500323e-01
1.869504962131985915e-01
1.869920295609072136e-01
1.870334409199879699e-01
1.870752697436808276e-01
1.871149192090452162e-01
1.871556211154225546e-01
1.871958397661780960e-01
1.872359701163932300e-01
1.872767506436811835e-01
1.873172736510807790e-01
1.873558650115502988e-01
1.873972322734159812e-01
1.874366555214410091e-01
1.874795333104882777e-01
1.875183906964373870e-01
1.875580980007004461e-01
1.875987859857032869e-01
1.876393785085182508e-01
1.876801434551076120e-01
1.877191436783276768e-01
1.877591426293825361e-01
1.877993490555390499e-01
1.878379553757739129e-01
1.878774410949154705e-01
1.879172168609438143e-01
1.879570713514741309e-01
1.879965378583583757e-01
1.880368878079310135e-01
1.880747964510180725e-01
1.881150935953962988e-01
1.881537442961613571e-01
1.881915457278529324e-01
1.882303606166231547e-01
1.882677219939542790e-01
1.883057647976184579e-01
1.883434226982531323e-01
1.883827185475947519e-01
1.884208292416172659e-01
1.884586952381454017e-01
1.884951642249049208e-01
1.885330582307019887e-01
1.885719930618837969e-01
1.886112995112690094e-01
1.886492674345931486e-01
1.886870607366924746e-01
1.887258107566345822e-01
1.887651095480955277e-01
1.888049316950283774e-01
1.888432089138589731e-01
1.888818802459784896e-01
1.889201876410185887e-01
1.889582121021017858e-01
1.889935693956178442e-01
1.890309320038767171e-01
1.890674892730807022e-01
1.891054939609988494e-01
1.891429735764931785e-01
1.891804962056110040e-01
1.892175482472960857e-01
1.892548898407266089e-01
1.892910988672060202e-01
1.893297777552365446e-01
1.893672214471175952e-01
1.894050528124632260e-01
1.894425633683284593e-01
1.894809172176157019e-01
1.895178147129868151e-01
1.895530276870236452e-01
1.895874234558890259e-01
1.896244039622084487e-01
1.896625185015188564e-01
1.896979287963111716e-01
1.897356273537826321e-01
1.897723387691191421e-01
1.898088222844406536e-01
1.898438513627097868e-01
1.898799038318604027e-01
1.899152805110708997e-01
1.899509717348107085e-01
1.899872050926552369e-01
1.900244104716290461e-01
1.900596525022257288e-01
1.900974963067155465e-01
1.901319427206108748e-01
1.901678860271927285e-01
1.902035433254825048e-01
1.902399376193725233e-01
1.902755991395749524e-01
1.903129123120938238e-01
1.903484027462795103e-01
1.903846549196057947e-01
1.904221233503616828e-01
1.904576830813051458e-01
1.904941308169308123e-01
1.905314280384940717e-01
1.905661093709270226e-01
1.906034370033325709e-01
1.906385044386459393e-01
1.906745488147472134e-01
1.907109117694607281e-01
1.907460343736423203e-01
1.907834404583574062e-01
1.908167285080285547e-01
1.908530462623422574e-01
1.908869838879694580e-01
1.909220477765886659e-01
1.909567016914751614e-01
1.909919621445084204e-01
1.910250588923892434e-01
1.910607604740075238e-01
1.910954970078841686e-01
1.911308039693752625e-01
1.911649110368066617e-01
1.912017504975316029e-01
1.912367407131273789e-01
1.912723210923264749e-01
1.913089558979742533e-01
1.913438567316921579e-01
1.913805936083610715e-01
1.914163598696759228e-01
1.914526508854016151e-01
1.914876484296366144e-01
1.915203828075776604e-01
1.915540413101878281e-01
1.915900166997540066e-01
1.916259666872667244e-01
1.916600193737962587e-01
1.916941877553137163e-01
1.917286198651659834e-01
1.917645299611251686e-01
1.917982303562635327e-01
1.918313946907855561e-01
1.918667993056196452e-01
1.919002740627590298e-01
1.919359338077720190e-01
1.919703006090375252e-01
1.920053084073066740e-01
1.920394474505580096e-01
1.920722477086891922e-01
1.921072521154231771e-01
1.921419536801513284e-01
1.921768031709413516e-01
1.922107758160450652e-01
1.922447486107623504e-01
1.922784753472652763e-01
1.923136005477102672e-01
1.923495241557255098e-01
1.923843056900597370e-01
1.924202911031008545e-01
1.924547887517183420e-01
1.924889304880871288e-01
1.925248238809429413e-01
1.925580574045406002e-01
1.925913137696656507e-01
1.926273180577902366e-01
1.926631944226456783e-01
1.926986279216045539e-01
1.927327340323240767e-01
1.927672364452762688e-01
1.928022089814704632e-01
1.928374665858657300e-01
1.928694238141148432e-01
1.929038271194251086e-01
1.929398236115313081e-01
1.929723997751759956e-01
1.930061220535968514e-01
1.930400761339532145e-01
1.930747746489060723e-01
1.931093019854330795e-01
1.931426319377159140e-01
1.931774557142431070e-01
1.932108962104684413e-01
1.932448334142385094e-01
1.932773724167743401e-01
1.933113187420742451e-01
1.933448881975249334e-01
1.933790070268269490e-01
1.934130183905033440e-01
1.934469913735342439e-01
1.934809264793888040e-01
1.935163804624057959e-01
1.935491974301305484e-01
1.935830268612319660e-01
1.936168771975836367e-01
1.936522493537412570e-01
1.936855884916181547e-01
1.937191917139700625e-01
1.937538390411596145e-01
1.937881049972845493e-01
1.938215102937212442e-01
1.938555673626222997e-01
1.938891982257635038e-01
1.939247361472708486e-01
1.939581629080962821e-01
1.939914356094618320e-01
1.940259592789889687e-01
1.940582379350597741e-01
1.940897533101323125e-01
1.941210931524657568e-01
1.941548299275897005e-01
1.941882314243013052e-01
1.942208880326207199e-01
1.942539392075043614e-01
1.942850516449807219e-01
1.943187152847043742e-01
1.943519149976636051e-01
1.943849534986385186e-01
1.944182836685539317e-01
1.944523717281047559e-01
1.944845271191917302e-01
1.945174852385485320e-01
1.945501954662013366e-01
1.945826813054599147e-01
1.946135837482297626e-01
1.946459682391784018e-01
1.946781535505545391e-01
1.947097628416391835e-01
1.947403272347488501e-01
1.947746618793476381e-01
1.948080383505199631e-01
1.948415869243862175e-01
1.948738656282308634e-01
1.949073634797657273e-01
1.949411129482274407e-01
1.949740357775980037e-01
1.950070161228446841e-01
1.950401305148006526e-01
1.950723526805661912e-01
1.951030030089493383e-01
1.951370550313219487e-01
1.951710051427651693e-01
1.952027289314418879e-01
1.952361422207143093e-01
1.952684229521930437e-01
1.953017347469332421e-01
1.953321829007941823e-01
1.953618455844667312e-01
1.953942011633232334e-01
1.954261166206782974e-01
1.954581210302735184e-01
1.954886996354684436e-01
1.955223818254215595e-01
1.955547799789570385e-01
1.955881032812644138e-01
1.956198021403164899e-01
1.956507189080543552e-01
1.956848214676809306e-01
1.957166074936027567e-01
1.957480961372430883e-01
1.957806574361667384e-01
1.958131071883670860e-01
1.958435457356269838e-01
1.958753043155052609e-01
1.959068695671146443e-01
1.959395822370660900e-01
1.959718688366283712e-01
1.960038461634768248e-01
1.960355917449864149e-01
1.960683304948588890e-01
1.961005248947391422e-01
1.961316610192369858e-01
1.961624349540347367e-01
1.961960764867997087e-01
1.962287349896510713e-01
1.962605714251929312e-01
1.962899943584158757e-01
1.963182882797779583e-01
1.963480829430009067e-01
1.963779540784365008e-01
1.964094923948223326e-01
1.964414073112586701e-01
1.964735521055794021e-01
1.965047645018054845e-01
1.965346930255039148e-01
1.965668455203758991e-01
1.966003891141928916e-01
1.966307966613291269e-01
1.966635373825022237e-01
1.966937139219128161e-01
1.967244282674342759e-01
1.967552968257754442e-01
1.967872938708427888e-01
1.968187767017719469e-01
1.968483378572662146e-01
1.968785890396331228e-01
1.969103142386963157e-01
1.969416381316382858e-01
1.969741015072267454e-01
1.970068455806040231e-01
1.970380897782522955e-01
1.970701165113827591e-01
1.971013741150779430e-01
1.971310934863463593e-01
1.971628768213995742e-01
1.971949646733611727e-01
1.972251687926485642e-01
1.972556598561687469e-01
1.972863558122933125e-01
1.973174336624058667e-01
1.973486344324107966e-01
1.973784347561058083e-01
1.974102352093823620e-01
1.974402015364457308e-01
1.974721274759708156e-01
1.975013336753956017e-01
1.975316782574378094e-01
1.975630549745578390e-01
1.975936985968901882e-01
1.976223213715829763e-01
1.976534562292475150e-01
1.976852739198745879e-01
1.977147879418343079e-01
1.977452298791694263e-01
1.977765125531104340e-01
1.978091505602211364e-01
1.978393748812711517e-01
1.978692885249283828e-01
1.978988447493318925e-01
1.979278078845302935e-01
1.979572204054991513e-01
1.979879231152337493e-01
1.980171721970605259e-01
1.980469412257922779e-01
1.980783320859700603e-01
1.981096677553945973e-01
1.981390521535711380e-01
1.981671433282346517e-01
1.981971357494506647e-01
1.982292965951722996e-01
1.982603697627115247e-01
1.982905522326392500e-01
1.983211838274493433e-01
1.983521457688113832e-01
1.983830221223623624e-01
1.984129538263453563e-01
1.984432748930398671e-01
1.984739290588935501e-01
1.985064357119198375e-01
1.985369086219260504e-01
1.985670837657031451e-01
1.985970203726505900e-01
1.986267880472993019e-01
1.986571222404564796e-01
1.986880705423235138e-01
1.987176187337427180e-01
1.987473401651884963e-01
1.987767667314224440e-01
1.988077125431811643e-01
1.988380174321572602e-01
1.988679474880992726e-01
1.988982989892523479e-01
1.989270666198149351e-01
1.989570460345072012e-01
1.989868471285129170e-01
1.990178437740058037e-01
1.990462120976878302e-01
1.990754209161411936e-01
1.991062649916986449e-01
1.991372218442696573e-01
1.991671931070880253e-01
1.991978003031632805e-01
1.992279820208289476e-01
1.992552842627593468e-01
1.992865330400676593e-01
1.993162370702027952e-01
1.993462143227746619e-01
1.993757182481224188e-01
1.994047620312646152e-01
1.994320873908375369e-01
1.994627921085621869e-01
1.994923373594248983e-01
1.995200112456367303e-01
1.995511853319840156e-01
1.995798902758904314e-01
1.996079361190615797e-01
1.996375853312944426e-01
1.996673051469872173e-01
1.996970701748745358e-01
1.997260066663821831e-01
1.997549738499419802e-01
1.997839707495661088e-01
1.998132552295139031e-01
1.998436512831266720e-01
1.998749218562168306e-01
1.999032230930512799e-01
1.999320812143423332e-01
1.999616356427252606e-01
1.999911071741517776e-01
2.000201271285295679e-01
2.000484952187673859e-01
2.000769458763129172e-01
2.001058744620465291e-01
2.001347439245817206e-01
2.001639394490240809e-01
2.001924322291115388e-01
2.002219486553576400e-01
2.002506830969860985e-01
2.002807914899769337e-01
2.003097396877263625e-01
2.003389449579911774e-01
2.003676575412325633e-01
2.003969533137689440e-01
2.004265431767433825e-01
2.004540153824522219e-01
2.004840760843783209e-01
2.005126980624109545e-01
2.005418138811598250e-01
2.005707218260568414e-01
2.005992560165212601e-01
2.006285272974562273e-01
2.006563785975905012e-01
2.006844062571140619e-01
2.007115527404179922e-01
2.007391726718807112e-01
2.007677541218346184e-01
2.007958737601369947e-01
2.008240022925028567e-01
2.008524314642961828e-01
2.008812202932718227e-01
2.009081249055099938e-01
2.009375311955572951e-01
2.009657899541850146e-01
2.009942467962157753e-01
2.010235532663691427e-01
2.010509781661652395e-01
2.010803141854862752e-01
2.011072664959620837e-01
2.011353541355256624e-01
2.011623435401780347e-01
2.011906662689723901e-01
2.012184748890190056e-01
2.012459088979486888e-01
2.012745668028562696e-01
2.013024164000377647e-01
2.013313355271481309e-01
2.013587042727899568e-01
2.013859010912194825e-01
2.014141486850319629e-01
2.014410759613979029e-01
2.014678696867361340e-01
2.014956904849862229e-01
2.015230319971645645e-01
2.015523542261492829e-01
2.015813104839486170e-01
2.016099446089258951e-01
2.016381087444674980e-01
2.016669925496476501e-01
2.016942729496829789e-01
2.017217441556699853e-01
2.017481376205272625e-01
2.017765734444136039e-01
2.018049852987742476e-01
2.018317955657665530e-01
2.018596022314466942e-01
2.018881174368250264e-01
2.019152863428818612e-01
2.019429467404352252e-01
2.019697908052827950e-01
2.019967796626789824e-01
2.020250331641327834e-01
2.020506486520893263e-01
2.020783764023072748e-01
2.021043778140868274e-01
2.021323004464465611e-01
2.021585381514272584e-01
2.021861324405781479e-01
2.022136614569302882e-01
2.022413096635349572e-01
2.022685463200483980e-01
2.022958069453959506e-01
2.023237450092777445e-01
2.023505577295826585e-01
2.023787918853109657e-01
2.024056985682596843e-01
2.024323369398651762e-01
2.024584895355855674e-01
2.024862092559930327e-01
2.025125787441987291e-01
2.025393622993128528e-01
2.025661260146439657e-01
2.025924751813676095e-01
2.026171050899368831e-01
2.026440220376208856e-01
2.026696071669326638e-01
2.026966306447774702e-01
2.027244576784010821e-01
2.027522313170110058e-01
2.027786482852230732e-01
2.028060059860966879e-01
2.028335897119095954e-01
2.028617731729948359e-01
2.028873869158196452e-01
2.029139194731461038e-01
2.029402295687398050e-01
2.029668289672716952e-01
2.029921954835765541e-01
2.030188310060329904e-01
