31 32 28 31 35 29 37 37 32 38 37 38 40 35 40 41 39 40 44 44 42 41 42 42 42 46 45 44 45 45 43 44 45 44 47 46 45 45 45 46 47 48 47 46 48 48 46 47 47 49 49 46 48 47 46 45 48 46 48 48 48 50 45 45 41 45 41 44 40 33 33 32 21 22 24 16 16 16 10 9 15 5 7 7 4 8 6 6 6 3 3 4 2 3 2 2 3 3 3 3
32 33 31 33 36 32 39 35 33 39 40 31 39 36 38 38 41 35 40 41 43 43 43 44 42 45 42 43 47 45 44 44 47 46 47 46 44 46 47 47 46 48 48 50 47 47 46 48 48 47 49 47 48 48 48 47 47 48 47 47 49 46 46 45 42 45 43 40 36 36 39 30 24 22 18 18 17 13 18 17 10 9 6 5 6 5 4 4 4 3 4 4 4 2 2 3 2 2 3 2
35 30 31 38 28 35 36 33 37 37 38 39 41 37 36 37 43 40 41 41 44 40 43 45 42 45 42 46 45 47 44 46 44 44 45 48 44 48 48 46 46 45 48 47 46 47 47 48 48 48 44 46 50 45 47 48 48 48 48 46 47 46 45 47 43 42 46 45 38 43 36 26 22 27 26 17 14 18 10 13 11 8 9 7 6 5 6 5 3 3 3 3 2 3 3 3 3 3 2 3
30 32 33 34 37 33 34 37 35 35 38 37 40 36 39 42 39 41 40 44 45 41 43 45 43 44 43 46 44 46 46 44 45 47 43 47 47 46 47 46 47 48 47 48 47 48 47 47 47 48 49 49 46 45 48 48 49 49 46 46 50 47 46 49 45 44 39 40 40 40 40 33 26 20 21 21 20 17 14 13 13 5 8 7 7 3 5 4 3 3 2 4 2 4 3 3 2 3 2 3
33 34 34 37 34 36 35 36 35 39 36 41 38 40 42 43 37 37 42 44 45 42 41 46 45 42 43 43 46 44 44 45 46 47 46 47 47 45 46 47 48 47 48 48 47 46 48 48 46 46 50 50 48 48 48 48 49 47 47 46 46 46 50 44 47 45 45 39 41 37 35 29 30 24 21 20 12 16 17 14 16 9 5 7 7 8 7 4 4 3 3 2 3 3 3 2 3 2 3 2
33 33 33 37 35 38 42 38 34 41 39 39 38 41 41 39 40 42 41 43 44 46 45 47 42 44 44 45 41 46 46 46 46 47 45 46 48 44 47 45 46 47 46 46 48 47 50 47 47 49 47 48 47 48 48 49 47 48 47 47 47 49 45 47 45 41 41 39 45 42 36 28 29 22 21 14 15 20 14 9 13 12 9 6 7 5 4 5 3 5 4 3 3 2 3 3 3 2 2 3
31 37 29 34 40 34 39 37 38 41 41 40 44 43 43 41 40 41 43 40 45 43 44 45 45 44 46 45 46 45 46 47 48 48 47 46 47 45 47 49 46 46 47 47 46 48 48 46 48 47 48 47 47 49 47 48 48 50 45 48 45 47 47 46 45 42 47 38 40 39 40 34 30 27 17 16 20 16 15 17 12 11 8 10 5 4 8 3 5 5 4 3 2 3 2 2 3 3 3 3
32 35 31 33 39 40 36 38 42 40 38 40 42 43 39 45 38 42 42 39 45 43 43 44 45 45 44 45 45 46 47 48 44 45 44 46 48 48 46 45 49 47 47 47 46 46 47 46 48 46 48 49 50 49 48 48 47 47 50 46 48 46 44 44 43 41 43 43 47 47 37 40 29 24 23 23 14 16 19 18 13 6 11 9 6 10 5 7 5 3 3 2 3 3 3 2 3 2 3 2
33 34 34 33 37 37 40 38 38 41 37 37 44 40 44 41 44 41 44 44 41 43 43 43 44 46 46 48 46 47 45 47 46 46 46 49 46 45 48 48 47 46 48 46 49 50 48 49 47 48 48 49 47 47 47 48 50 48 46 47 48 45 45 47 45 42 41 41 41 42 40 32 22 28 21 19 19 22 15 13 8 7 9 9 9 5 8 4 4 4 3 3 3 3 2 4 2 3 3 3
32 37 36 33 36 40 36 39 41 40 38 42 40 42 39 42 40 43 43 45 40 45 48 44 46 45 45 47 47 47 46 46 46 48 49 47 46 48 48 46 47 47 48 46 48 48 49 48 48 49 47 48 47 49 48 48 46 49 48 48 46 48 43 49 46 44 42 38 42 41 34 34 33 21 22 21 21 16 14 9 15 11 6 6 10 4 5 3 4 3 3 4 3 2 3 3 3 2 3 3
36 36 33 39 37 38 35 41 40 38 38 39 40 44 41 43 47 42 41 45 42 44 44 45 45 45 45 45 47 45 47 47 45 47 45 47 47 47 48 47 48 46 47 45 50 49 49 47 49 46 48 47 49 48 48 49 47 48 47 48 49 48 48 43 41 48 46 44 38 39 35 34 30 24 20 18 22 26 16 12 18 11 7 6 7 3 6 4 5 5 4 3 4 3 3 2 3 2 2 3
34 37 37 36 38 36 40 40 44 38 42 39 37 43 43 41 42 44 44 43 44 44 44 47 47 44 46 48 44 47 45 47 45 47 48 46 50 47 45 50 46 47 48 48 48 48 49 48 48 46 47 48 48 48 48 48 48 46 47 46 48 47 48 43 45 46 43 41 42 40 39 32 25 25 22 22 20 12 14 13 17 11 12 6 8 5 3 6 2 4 4 4 3 3 4 3 3 2 3 3
38 35 37 39 37 38 37 38 42 42 43 39 43 40 42 44 43 41 45 43 42 44 44 46 44 47 45 46 48 48 47 48 47 48 48 47 49 48 48 48 47 49 47 47 48 47 48 49 47 50 49 47 49 50 46 47 48 49 47 49 46 49 46 46 44 46 45 41 40 46 39 26 27 21 23 26 23 18 20 15 19 13 6 7 5 9 8 4 4 5 3 4 3 3 3 3 3 2 3 2
38 31 38 39 34 34 38 43 42 42 39 44 43 41 43 40 44 42 44 44 41 44 46 45 45 46 46 45 46 47 44 49 47 45 46 49 46 48 48 47 47 46 48 47 46 46 48 50 48 49 48 46 46 47 49 48 46 48 47 49 46 49 47 46 47 43 45 42 39 39 36 34 34 28 29 19 21 22 28 14 8 13 6 7 7 9 4 3 3 3 5 3 4 3 3 2 2 3 2 2
35 34 34 35 40 40 37 40 42 37 42 42 44 42 42 44 44 41 44 44 44 45 45 45 46 47 42 46 48 47 47 48 48 46 50 47 47 46 48 46 48 46 47 49 45 47 49 51 48 47 47 47 48 47 46 50 48 47 48 50 49 47 49 47 48 47 48 42 44 40 43 31 33 25 20 29 23 14 13 16 15 13 7 11 6 5 8 5 3 7 3 3 2 3 2 3 2 2 2 2
33 35 36 37 41 34 39 41 40 38 40 42 43 41 44 43 45 44 43 43 45 45 42 47 45 45 45 46 48 47 48 46 47 46 47 47 46 49 47 47 48 47 49 47 48 49 49 47 48 48 46 48 47 50 47 49 48 47 49 47 49 49 47 47 44 43 41 43 45 38 38 36 36 30 23 18 20 13 16 13 16 14 12 9 5 7 4 4 5 2 4 5 3 3 2 3 2 3 3 3
38 39 35 37 40 37 39 41 40 40 40 41 40 44 44 44 45 39 47 46 45 46 46 44 47 47 47 49 46 47 48 46 48 46 48 48 48 47 48 50 49 48 49 50 50 49 50 48 51 48 49 50 49 47 49 49 47 48 48 48 47 46 48 46 49 43 44 43 40 42 39 35 34 29 20 25 21 23 13 15 17 10 10 6 6 6 3 5 7 4 5 3 4 2 3 3 4 3 2 3
34 36 37 34 37 40 40 38 38 43 41 43 45 43 41 44 43 44 46 46 46 45 48 47 46 47 47 46 46 46 46 47 47 48 47 47 48 47 48 48 47 49 49 48 48 47 47 49 47 47 49 48 47 46 48 48 47 47 48 48 48 45 48 47 47 46 45 40 40 43 37 28 31 27 24 26 21 14 13 13 9 11 8 5 9 8 5 5 4 3 4 2 3 3 2 2 3 2 3 3
35 38 36 41 39 38 37 41 43 42 43 41 43 41 42 42 44 45 44 45 44 43 44 45 45 47 47 47 45 47 48 49 49 47 46 49 48 49 48 49 48 49 48 48 48 49 47 49 47 47 49 49 49 47 46 48 48 48 46 47 46 49 46 47 47 45 41 42 42 42 32 30 31 27 25 22 23 12 17 14 12 11 12 13 6 9 4 4 4 3 4 4 4 4 3 2 3 2 3 3
38 37 35 38 42 40 39 39 41 40 40 43 45 43 43 44 44 45 45 45 45 45 47 44 46 46 48 45 47 48 47 47 46 48 50 47 49 46 50 48 48 48 49 47 49 48 48 47 48 48 50 48 48 48 49 48 47 47 50 47 49 48 48 47 49 46 45 46 44 44 37 41 39 24 20 20 16 20 17 15 8 13 8 7 5 5 7 5 3 3 5 2 4 3 3 4 3 3 2 3
37 34 37 38 37 40 40 38 41 41 37 41 39 43 41 44 43 44 45 47 45 45 46 46 46 46 45 46 46 47 46 48 46 46 48 47 47 48 48 48 47 48 48 47 49 49 49 47 48 50 46 49 48 46 47 50 48 48 48 50 48 47 47 47 47 46 43 44 45 43 37 37 34 32 22 21 21 22 13 17 13 8 8 9 9 5 2 5 4 6 4 3 4 3 3 2 3 3 2 3
38 35 40 39 41 37 37 39 42 39 43 41 45 43 43 43 44 43 45 45 46 45 46 45 46 48 48 46 46 46 46 47 49 47 48 46 47 48 48 49 47 48 49 48 49 49 49 49 49 49 48 50 48 50 48 47 45 47 48 48 49 48 47 49 45 46 43 45 43 37 39 39 38 26 28 17 18 20 23 14 14 10 14 8 12 5 7 7 4 4 3 4 2 3 2 3 3 3 3 3
42 39 36 38 37 36 40 41 43 43 41 42 45 44 45 45 44 45 45 47 45 47 48 46 49 46 47 46 47 47 47 47 48 48 48 47 47 48 49 49 48 49 47 46 48 49 48 49 48 49 48 48 49 48 48 48 48 48 49 46 47 49 48 49 48 47 49 45 43 46 37 42 34 33 24 18 25 19 15 14 16 10 16 6 5 6 7 7 7 5 3 4 4 3 4 3 3 3 3 3
39 35 37 34 41 41 40 42 39 42 42 41 43 44 46 45 45 43 46 44 46 44 47 46 47 46 46 45 50 47 45 47 48 48 48 47 46 48 49 50 49 47 47 50 49 50 50 50 48 48 49 49 49 49 47 48 48 49 46 47 49 47 49 48 49 45 47 45 43 43 43 36 36 30 24 23 22 16 18 12 13 16 9 7 9 10 7 4 3 7 2 4 3 3 3 2 2 3 3 3
40 41 34 38 38 42 39 41 43 40 41 45 45 44 48 44 43 47 46 43 46 45 48 47 45 47 46 46 45 47 48 48 48 47 48 49 47 49 49 51 49 49 49 47 48 48 49 47 49 48 49 49 48 48 48 50 49 47 49 48 48 48 47 49 49 43 45 45 42 41 41 40 28 33 32 23 25 21 20 18 12 15 8 12 9 8 6 4 4 5 3 3 3 3 2 4 3 3 3 2
33 37 36 39 38 40 39 39 43 42 40 44 44 42 42 43 46 45 45 45 43 44 47 47 46 46 48 47 49 46 46 48 49 47 48 47 48 48 47 49 48 48 46 48 48 49 48 50 47 48 48 49 49 48 47 49 48 50 49 48 48 45 50 47 46 44 49 43 45 43 43 40 29 31 25 30 29 23 21 18 8 16 11 11 9 10 5 5 3 4 4 3 3 5 4 3 2 3 3 3
37 33 37 38 36 39 39 44 45 43 42 42 42 42 45 44 44 43 43 46 46 47 47 46 48 46 46 46 46 46 48 47 47 47 48 48 49 49 48 48 48 48 47 50 48 48 48 47 51 48 49 48 47 48 50 47 50 48 48 47 50 48 48 49 48 46 48 44 43 44 39 35 35 27 29 28 26 19 15 14 10 14 6 9 4 10 7 8 5 5 4 4 4 3 4 4 3 3 3 2
34 36 36 38 37 41 42 39 40 42 45 43 46 43 43 44 42 43 45 46 45 43 46 46 47 48 46 46 46 47 48 47 46 49 49 51 49 48 49 49 47 48 46 49 47 47 49 50 49 46 48 48 48 49 49 47 48 49 47 48 47 48 49 49 46 50 45 46 43 47 38 33 35 30 28 30 26 25 15 17 11 11 14 11 6 4 4 5 7 3 6 4 5 2 3 3 3 3 3 3
36 37 38 41 40 42 40 44 42 44 46 43 45 44 45 46 45 45 44 43 44 47 45 46 48 47 48 48 46 48 46 48 50 47 49 50 49 48 49 50 50 49 48 47 49 48 50 47 48 48 47 50 49 48 50 49 48 48 47 49 47 49 47 45 49 44 48 46 42 39 37 41 34 39 32 24 27 21 22 18 14 14 10 8 9 5 5 6 5 6 4 6 3 4 3 3 3 3 3 3
40 37 37 39 43 38 45 40 40 40 45 41 41 43 43 44 43 46 48 45 48 46 46 45 47 48 48 47 47 47 46 47 47 49 48 47 48 47 48 48 50 46 49 49 49 48 48 47 47 50 49 46 49 49 49 47 48 48 48 49 48 50 47 48 48 47 43 46 46 41 43 41 38 33 33 33 23 24 24 24 14 12 13 8 11 7 7 4 7 3 4 4 3 3 3 3 3 3 3 3
39 39 38 38 38 35 41 40 43 42 43 39 42 40 44 43 43 46 46 47 45 45 46 47 46 48 48 48 48 46 49 47 48 49 49 47 48 48 48 50 48 48 49 48 48 48 48 48 48 48 50 48 51 48 49 49 49 49 49 47 49 49 47 46 49 45 47 45 45 42 40 38 36 30 27 27 27 24 21 15 17 9 11 9 11 6 6 6 7 3 8 4 4 3 4 3 2 3 3 3
32 37 36 37 39 39 41 38 41 42 43 46 46 45 46 44 42 45 44 42 48 45 45 46 46 47 47 48 49 48 47 48 49 46 47 49 49 49 49 50 49 47 50 47 48 49 47 48 48 49 49 48 48 50 50 49 49 49 48 49 50 49 49 47 45 41 46 47 49 42 38 35 41 29 28 28 24 23 18 18 15 14 7 14 12 9 7 6 4 3 4 4 4 3 3 4 5 3 3 2
34 36 37 38 41 39 39 45 40 43 43 43 43 43 45 42 46 47 45 44 45 48 46 46 50 49 45 47 49 47 49 46 48 47 48 50 49 50 48 49 48 49 47 49 49 49 50 49 47 47 49 49 47 49 50 49 49 49 48 48 49 49 48 47 44 45 47 45 48 43 37 38 32 24 24 28 26 18 19 17 15 15 13 10 11 7 7 5 5 7 4 3 4 4 4 3 3 3 4 2
37 38 37 42 36 41 42 41 43 43 43 43 43 45 43 45 45 46 47 44 47 45 45 46 48 46 49 47 48 50 48 49 47 46 46 48 48 49 49 48 50 48 50 48 47 48 49 49 48 49 49 49 48 49 50 50 49 50 48 49 48 49 47 50 48 48 47 46 44 42 43 36 38 37 27 26 27 20 17 25 12 17 14 13 7 7 7 4 2 5 4 4 3 4 2 3 5 3 3 3
35 33 37 36 40 35 45 41 38 42 42 42 45 40 46 44 43 44 46 44 47 47 47 47 49 47 48 45 49 46 47 47 47 49 48 46 48 47 46 49 48 49 50 50 49 47 46 46 48 48 49 50 48 51 49 50 49 48 48 50 48 48 48 48 48 47 47 43 44 42 44 38 36 34 27 28 22 28 21 17 16 15 10 17 9 7 3 7 4 4 3 5 4 3 4 3 3 3 3 3
33 41 35 36 33 40 40 41 43 44 44 43 46 42 45 44 43 46 44 45 46 46 47 49 48 48 47 46 47 49 45 48 49 49 46 50 48 49 48 48 49 48 49 49 49 49 49 49 48 48 48 51 48 49 49 50 47 49 49 48 49 49 46 47 48 46 46 48 44 44 44 39 35 34 30 28 19 17 24 16 20 18 17 13 9 9 10 6 5 3 6 6 4 4 3 3 3 3 4 3
36 38 38 36 40 43 39 42 40 40 41 43 45 44 45 45 45 44 47 43 48 46 45 46 46 47 48 47 48 50 50 46 49 48 48 49 48 48 49 48 50 48 49 48 48 49 50 50 50 50 50 47 48 50 49 49 49 49 49 50 48 47 50 48 46 48 50 45 46 44 42 37 37 31 36 24 30 25 18 18 16 15 10 12 10 8 7 8 6 5 6 4 4 3 3 3 3 3 3 2
36 38 35 37 43 38 41 34 42 40 42 45 41 43 45 48 46 45 46 47 45 45 47 47 46 49 47 47 46 48 47 47 47 49 47 49 49 51 47 46 48 48 46 48 49 49 48 50 47 48 50 48 49 49 50 48 48 48 48 48 48 48 48 47 48 46 47 46 42 44 42 42 34 36 34 34 23 19 17 22 17 12 11 11 9 12 7 6 6 6 4 4 4 5 4 3 3 3 3 3
34 36 43 36 36 41 36 39 42 38 44 45 45 42 42 44 44 43 47 42 44 44 45 46 46 47 46 51 47 49 48 47 49 48 48 48 47 49 49 49 48 49 48 48 50 49 49 48 49 49 49 49 50 48 49 49 49 51 51 49 48 47 46 49 49 47 47 48 48 44 46 40 40 31 27 31 26 21 19 21 17 12 16 13 9 11 3 4 9 9 4 5 5 3 3 4 3 3 3 3
36 36 38 38 37 39 38 39 41 46 39 41 43 44 44 46 44 44 45 46 46 46 46 44 48 47 46 47 48 47 47 47 48 49 47 49 49 48 49 49 51 48 50 49 49 49 46 48 47 49 49 50 48 48 49 46 49 50 50 48 49 49 47 47 47 47 48 45 47 46 42 42 35 39 31 27 29 27 25 21 14 14 15 10 11 11 5 8 4 4 6 6 4 4 5 4 3 4 4 2
32 36 38 40 37 39 39 42 42 41 44 42 42 46 44 45 45 40 45 46 46 46 46 46 47 47 47 46 49 45 48 48 49 47 47 48 49 48 48 49 49 50 48 49 47 48 48 47 48 50 50 48 49 48 50 48 48 48 50 49 48 49 49 48 48 48 46 47 42 46 36 35 38 36 32 33 29 28 20 23 17 14 21 10 13 14 9 6 8 3 7 4 3 3 3 4 4 4 4 3
34 41 36 36 42 37 41 39 39 44 41 44 42 41 44 44 44 44 44 45 46 45 46 46 49 46 48 49 47 48 47 46 48 50 49 48 49 49 48 48 48 49 49 49 49 48 48 49 48 50 50 48 49 49 48 48 48 51 48 48 47 50 50 47 48 45 46 47 44 46 42 37 34 37 28 32 25 23 16 24 17 13 14 11 11 12 7 7 9 4 4 4 5 3 5 5 4 4 4 4
36 36 36 40 39 38 40 41 39 42 42 39 44 42 47 45 45 46 47 46 46 46 51 49 47 45 46 47 46 46 48 48 47 47 48 49 47 49 48 49 49 49 50 49 49 48 49 48 48 50 49 49 49 47 49 49 49 48 49 49 48 47 50 49 47 47 46 46 40 50 43 44 39 34 29 27 29 32 19 22 16 11 16 12 9 8 10 7 11 4 5 8 5 4 6 4 4 3 4 3
35 37 37 40 40 37 42 39 43 42 44 43 44 44 43 43 44 43 42 45 45 48 45 46 48 47 49 49 48 49 51 47 47 49 49 49 47 49 49 49 48 48 49 49 50 48 49 50 49 48 49 47 48 48 48 49 49 48 50 48 49 48 48 49 49 48 51 47 43 44 43 33 37 30 31 33 31 22 26 19 15 17 9 22 7 12 8 7 7 7 7 3 4 5 5 4 3 3 3 3
39 36 29 38 40 38 43 37 36 40 43 38 46 44 40 43 44 44 46 43 49 46 45 46 49 47 47 48 48 49 47 48 48 49 50 48 48 46 48 49 47 48 49 48 49 50 49 49 48 48 51 47 47 50 48 47 50 47 50 49 48 48 47 47 47 49 47 42 42 45 41 39 33 38 33 33 25 24 19 22 13 17 16 15 13 8 10 6 4 6 4 5 5 3 4 4 3 6 3 3
32 33 35 38 39 40 38 39 41 38 39 42 40 42 44 47 47 47 42 48 44 47 47 46 48 46 47 48 45 48 49 49 47 48 47 50 48 48 48 49 49 47 47 48 49 49 49 49 48 48 50 48 48 49 49 48 48 49 49 48 49 47 49 48 48 47 47 43 42 46 45 39 37 39 34 26 29 23 29 25 15 15 15 13 13 7 11 10 9 8 3 6 6 5 5 3 4 5 3 4
35 36 38 35 35 39 41 39 39 37 41 41 43 45 44 45 45 43 45 46 47 47 44 47 45 46 47 48 48 49 50 47 47 50 48 48 47 49 48 49 47 48 50 48 48 50 49 50 50 48 49 49 48 50 46 50 49 48 50 49 49 49 48 49 48 45 46 47 42 45 42 41 35 36 30 34 31 19 28 27 18 18 16 9 12 15 9 9 4 5 5 6 3 4 6 6 4 4 3 3
33 34 38 38 37 33 40 40 44 42 46 45 39 44 40 42 45 41 44 48 46 45 47 43 47 46 46 48 48 48 47 48 48 49 50 48 48 48 48 50 47 50 48 50 48 48 49 48 48 48 49 48 48 49 45 48 50 49 50 48 48 49 48 48 46 45 49 47 43 42 43 44 40 31 30 32 26 32 22 22 22 16 13 16 9 11 16 6 7 6 9 5 3 3 4 3 4 4 4 4
33 32 35 40 40 37 42 38 41 39 40 42 43 40 41 45 45 44 46 45 46 45 47 45 49 50 45 47 47 48 48 47 48 50 48 49 49 49 47 49 50 48 46 49 50 50 48 49 46 49 49 50 50 48 48 47 48 49 48 49 48 50 48 48 46 49 48 44 46 41 44 33 40 32 30 37 32 34 21 22 20 20 20 14 18 10 9 9 7 8 5 4 6 6 6 5 3 3 3 3
31 36 37 37 38 35 41 38 39 42 38 39 37 42 42 42 47 44 44 44 46 45 47 46 46 46 48 47 46 47 49 47 49 47 49 49 48 50 49 48 49 46 47 49 49 48 49 49 49 48 50 50 45 46 49 48 48 47 49 48 49 48 47 48 49 46 50 46 45 42 43 43 40 35 33 30 25 29 23 23 15 17 12 10 12 12 11 7 7 6 7 7 7 4 5 3 5 4 3 3
31 34 31 40 39 38 38 42 39 40 42 42 43 45 43 41 46 44 46 44 45 45 44 45 47 46 47 49 49 51 48 49 48 48 47 46 47 50 50 49 48 49 48 47 48 49 50 48 48 48 49 47 49 49 49 47 47 50 49 48 48 47 49 47 48 46 47 47 45 43 41 39 40 34 37 26 29 30 24 21 20 21 11 17 13 10 12 8 7 6 5 4 5 5 4 3 5 4 4 4
31 34 38 34 36 43 40 39 39 43 43 44 43 43 42 42 44 47 47 45 44 45 47 46 48 48 44 46 46 47 47 49 48 48 47 49 48 47 49 48 48 48 50 47 48 48 50 48 49 48 48 48 47 46 48 50 49 48 49 49 48 50 49 46 48 47 47 47 49 46 42 39 35 39 35 30 30 28 29 27 14 17 13 16 10 14 11 8 9 4 6 8 4 6 6 4 5 4 3 4
32 33 36 37 41 34 38 39 40 37 40 43 41 43 42 45 46 44 47 41 43 45 45 47 47 43 47 45 47 45 48 50 48 48 49 48 50 48 51 48 49 50 50 48 48 50 47 47 49 49 49 48 50 49 50 49 48 52 49 49 49 49 48 48 48 46 47 46 43 43 41 40 38 35 31 34 29 23 25 23 17 15 14 13 19 10 11 13 9 7 7 8 9 5 4 4 4 5 3 4
35 36 36 33 34 41 43 39 39 37 41 38 41 42 42 43 42 44 42 48 46 46 45 43 48 49 48 48 47 46 47 46 49 48 49 47 49 49 46 47 48 48 50 50 50 48 49 49 48 48 48 49 48 50 48 49 49 48 50 50 48 47 47 47 45 46 46 46 46 42 43 43 39 35 36 31 35 24 29 25 21 18 14 10 16 9 7 12 8 9 7 6 5 4 3 5 5 5 4 4
37 28 39 31 37 37 40 40 39 39 43 42 39 42 43 42 46 43 45 46 42 47 47 46 50 46 45 46 47 47 47 49 46 50 47 47 48 49 49 50 49 49 49 49 49 48 47 48 50 47 50 47 48 45 49 48 48 48 50 49 48 49 49 49 49 48 48 48 49 46 45 38 35 36 33 37 30 27 32 24 20 16 11 15 15 14 9 13 11 9 5 6 4 4 7 5 4 4 5 3
34 36 36 34 38 36 36 37 41 38 40 41 42 44 42 42 44 46 42 48 45 46 46 47 45 45 47 47 49 47 49 48 46 48 47 48 48 49 48 49 50 49 50 49 48 48 47 50 48 48 49 48 48 49 51 49 50 49 50 49 49 49 50 48 47 47 46 44 49 41 43 35 37 34 35 30 33 21 27 20 23 17 15 16 13 10 8 12 9 9 6 8 7 6 5 5 5 3 4 4
28 33 34 33 37 40 38 37 40 41 44 41 43 42 39 45 45 41 41 47 46 42 46 46 46 45 47 49 49 47 47 46 47 47 50 50 49 48 50 48 47 51 50 48 47 50 50 50 48 49 48 50 48 50 50 48 48 48 50 50 50 47 47 50 49 48 46 44 48 47 41 44 42 36 42 30 31 28 31 22 26 27 17 16 15 11 10 7 6 7 8 4 6 5 5 5 4 4 4 3
26 30 38 37 36 34 41 38 36 40 40 37 37 44 40 46 40 43 46 44 45 46 47 45 45 47 45 44 49 46 47 48 49 47 49 47 47 49 48 50 47 48 49 48 50 47 48 48 49 48 47 48 47 49 49 50 50 48 48 50 49 46 49 47 48 48 46 45 45 46 42 42 42 38 35 28 36 35 29 26 24 16 17 14 14 12 11 13 11 6 9 10 5 4 5 3 4 4 4 3
31 33 37 32 31 36 33 41 37 38 41 40 42 42 42 40 41 44 43 42 44 46 47 48 45 48 47 48 48 47 45 49 47 49 48 47 47 48 47 47 49 48 51 48 49 49 49 48 49 49 48 50 49 47 50 48 50 48 50 49 48 47 48 48 49 48 45 45 43 47 48 38 34 38 36 32 37 31 22 26 29 22 22 23 13 12 18 10 7 10 7 6 4 5 4 4 5 5 4 5
28 29 30 36 32 34 35 39 37 39 41 45 42 44 42 38 45 42 45 42 45 43 44 47 47 48 47 46 46 48 50 49 47 48 46 51 48 48 49 48 48 47 50 48 47 49 48 47 49 48 47 50 50 48 48 49 51 49 49 47 47 49 48 48 49 48 49 45 50 40 45 41 40 39 35 33 29 32 22 26 29 19 12 15 22 12 15 10 7 9 7 7 5 4 4 5 4 4 3 4
30 29 31 38 31 36 36 39 36 36 40 37 42 43 42 41 41 43 44 44 45 43 49 44 45 49 48 46 48 45 47 47 47 47 49 50 50 47 48 48 48 48 48 49 51 49 49 48 49 48 49 48 49 48 50 50 49 51 48 50 49 48 47 47 48 46 49 48 46 45 39 39 35 37 38 36 32 33 29 24 22 20 19 18 18 11 11 13 13 9 6 8 10 5 6 4 4 5 5 5
33 32 35 29 36 37 36 33 38 34 42 39 44 39 43 41 41 44 40 42 48 43 43 45 45 46 45 48 46 46 47 48 48 49 48 50 49 48 49 48 48 50 50 48 49 50 51 48 49 49 50 50 49 47 49 51 50 48 48 49 47 47 47 48 45 47 49 45 49 46 44 40 32 33 37 39 27 31 29 29 26 21 21 15 16 13 10 11 8 7 5 6 7 6 4 4 6 4 4 4
29 35 36 35 35 34 35 37 37 42 40 41 39 45 41 43 38 45 40 47 44 47 44 45 48 46 49 46 47 49 47 47 48 49 47 47 50 46 50 48 47 47 49 49 49 49 48 50 51 49 48 48 50 47 49 51 49 48 50 48 49 49 49 48 49 47 44 47 43 41 43 44 43 36 36 35 28 25 21 25 24 17 21 19 16 13 12 11 15 9 8 6 10 6 4 6 7 5 4 4
31 31 31 39 33 31 42 34 38 38 40 38 40 43 45 43 43 42 43 42 46 47 46 44 48 49 47 45 45 51 48 48 49 46 46 48 48 49 48 47 48 47 49 48 50 49 48 49 50 47 48 48 50 49 49 48 50 49 48 47 47 48 48 51 45 47 47 47 48 45 46 41 42 36 34 33 29 29 28 18 27 23 25 20 17 14 14 11 9 9 5 6 11 6 6 5 6 5 4 4
28 29 32 35 33 34 38 37 36 40 35 39 38 40 42 44 42 43 44 43 46 44 45 46 46 48 47 47 47 49 48 46 49 48 49 47 47 49 48 47 48 47 47 51 48 48 47 48 49 49 48 50 50 50 49 49 48 48 49 49 50 48 47 48 47 47 45 48 49 46 40 43 41 39 38 31 31 26 24 32 27 19 22 21 15 14 10 13 9 6 7 9 5 6 4 4 5 5 4 4
30 34 31 32 35 38 38 36 37 36 36 40 38 38 43 39 44 41 46 43 43 46 44 46 47 44 48 44 46 49 47 45 47 46 47 50 48 48 49 48 47 49 49 49 49 50 51 49 51 50 49 48 48 49 48 49 49 48 49 48 47 48 48 48 44 49 50 47 44 46 44 40 37 35 36 35 33 32 22 24 25 21 20 19 14 14 9 16 10 13 7 8 7 10 5 10 6 6 4 5
33 32 33 38 38 34 34 34 39 41 41 41 41 40 41 40 44 43 43 45 45 46 49 45 45 46 48 47 46 48 46 49 44 47 50 49 47 48 48 47 49 47 50 49 49 47 48 49 47 49 48 50 50 47 51 48 49 48 48 48 49 49 47 49 50 51 46 46 45 46 42 40 39 39 36 29 28 33 27 22 29 19 22 16 24 13 14 13 8 9 8 7 7 5 5 6 6 6 4 5
29 31 32 28 31 35 35 37 35 38 39 39 39 41 41 41 42 42 44 38 44 44 47 45 48 47 48 46 47 46 46 45 46 46 51 48 49 49 47 47 49 49 49 48 51 49 48 48 48 50 50 49 48 50 47 50 49 50 49 49 49 46 49 47 44 48 45 47 48 45 43 41 37 37 35 37 30 38 32 26 23 22 22 20 17 12 18 14 12 12 6 12 6 7 7 7 4 4 4 4
28 33 30 33 30 35 30 34 37 40 34 38 34 37 40 39 41 39 46 43 44 43 47 43 45 46 45 46 45 48 48 47 49 48 46 49 49 48 47 48 49 50 47 50 47 47 49 49 49 48 49 47 49 48 49 48 50 49 51 48 48 49 49 47 46 47 47 45 45 43 44 41 41 35 32 31 32 32 28 25 23 19 16 20 18 14 13 19 6 8 6 9 8 7 4 4 3 4 5 3
32 31 27 30 33 30 29 35 39 36 36 38 38 38 41 40 41 39 41 46 40 44 43 45 46 47 48 47 49 47 47 43 48 49 46 46 47 47 47 48 49 49 47 50 49 49 49 46 49 48 48 49 48 48 50 48 48 48 49 48 48 49 50 49 47 47 48 46 46 43 40 45 40 35 39 35 33 27 30 31 25 24 20 13 19 15 13 9 10 8 13 5 6 5 5 6 4 5 5 4
27 32 30 32 33 33 32 32 37 36 41 40 41 38 40 39 41 42 44 46 40 45 44 44 44 45 47 47 46 46 50 50 47 46 47 49 49 48 48 47 49 47 46 48 48 48 48 47 47 48 50 48 49 48 49 47 48 47 48 50 46 47 48 43 48 47 48 47 45 46 42 42 38 34 37 30 36 32 30 23 17 21 25 17 22 14 16 15 15 11 11 9 11 8 7 6 5 5 6 4
27 27 31 31 34 32 27 36 36 36 36 40 36 39 40 38 41 42 43 44 42 44 47 46 44 46 47 46 47 49 49 47 49 47 48 48 47 48 47 48 48 49 47 50 48 49 48 46 49 50 47 47 48 50 49 49 50 48 50 48 49 48 49 47 49 46 47 46 45 46 43 40 40 33 33 32 33 25 28 23 28 18 15 17 20 14 13 12 11 11 10 8 5 8 6 6 7 5 5 4
26 28 30 26 34 28 35 34 35 36 39 37 39 40 37 42 41 42 37 43 42 46 43 47 45 46 42 48 48 47 46 46 45 47 45 49 48 49 49 49 50 46 48 48 50 49 48 50 48 47 49 48 48 47 50 48 49 51 48 48 48 46 48 49 48 48 46 47 43 37 43 41 35 40 38 37 29 29 32 22 22 20 23 19 20 17 14 13 13 9 12 8 10 5 7 7 5 4 5 4
24 33 33 28 32 35 30 35 35 38 39 39 38 41 40 36 39 42 38 42 45 46 41 46 43 46 45 43 44 43 43 47 48 48 51 48 46 47 48 49 48 46 49 48 48 47 51 49 50 46 50 49 49 48 48 49 49 48 48 50 51 50 48 47 49 46 49 46 43 45 40 39 38 36 34 33 32 27 32 21 26 23 20 14 14 14 11 11 13 9 9 9 10 8 6 5 7 5 6 6
24 24 31 29 32 28 33 36 37 32 38 35 36 36 40 42 41 43 43 38 44 42 42 42 47 42 46 51 48 45 47 47 46 47 47 48 48 49 46 48 47 49 48 48 50 47 49 50 47 47 47 50 49 46 48 49 49 48 48 50 48 47 46 48 46 49 49 46 44 42 38 42 31 32 36 35 27 28 27 26 28 19 22 17 15 15 12 7 10 11 12 8 8 4 10 8 4 5 5 6
26 27 25 28 26 34 30 33 33 28 39 34 34 33 34 42 38 39 40 42 44 44 42 47 44 44 45 44 47 46 47 47 47 50 48 47 48 49 49 51 46 48 47 46 49 47 48 49 48 48 48 48 47 46 46 48 49 46 49 48 48 48 48 47 43 46 48 47 45 45 44 46 43 35 32 30 33 33 25 26 22 18 23 15 19 14 12 15 15 10 9 9 9 6 5 4 5 5 5 5
26 29 30 27 27 33 33 34 37 36 33 33 37 39 38 38 39 43 41 37 42 40 43 41 43 44 48 44 46 46 47 44 47 46 47 49 48 46 48 49 48 48 48 48 48 49 46 50 49 48 49 49 49 48 48 49 48 48 49 46 49 47 49 44 47 45 46 39 45 46 40 45 43 40 37 32 30 25 30 30 23 25 21 14 16 16 10 15 12 9 10 14 11 6 5 5 8 7 7 6
25 28 26 30 30 30 33 27 34 35 34 34 39 41 38 38 40 39 42 42 39 44 43 43 42 45 45 46 44 47 45 46 48 46 49 47 46 48 48 50 48 49 49 49 47 47 48 47 49 49 46 47 50 47 48 49 50 49 48 47 48 49 49 45 47 47 48 46 46 40 39 38 38 34 38 40 27 28 33 23 28 21 22 19 19 18 15 14 13 11 11 8 10 5 9 6 5 4 6 5
25 23 27 25 30 32 26 34 31 33 32 39 35 41 35 39 39 42 41 41 42 41 44 42 43 41 49 47 46 45 45 45 46 47 49 50 46 48 48 47 48 48 47 49 49 49 49 47 49 48 48 49 50 48 48 46 47 50 47 49 47 48 46 47 46 45 48 47 46 45 43 42 43 33 32 36 28 27 24 28 17 20 22 19 17 19 14 10 9 9 7 8 7 9 5 6 7 5 5 4
22 24 24 31 26 34 33 33 27 38 29 34 37 39 35 34 34 38 41 40 43 39 41 42 42 44 43 46 45 46 46 44 47 48 48 48 47 48 47 50 49 52 48 48 49 49 47 50 48 47 47 49 48 49 49 48 48 49 48 47 47 45 48 48 46 45 47 46 47 44 44 39 37 39 35 29 31 31 28 30 22 28 16 18 20 15 11 16 13 12 7 11 6 7 6 7 5 5 5 4
28 26 26 28 30 30 33 33 31 31 33 33 35 37 36 40 36 36 36 41 43 42 41 46 40 45 44 43 47 49 46 45 45 46 45 50 48 48 48 48 48 48 47 48 48 48 47 48 48 47 49 50 49 49 49 48 48 47 47 49 49 46 50 47 47 48 47 46 45 44 37 40 33 28 35 33 34 25 30 22 23 18 20 22 15 15 12 10 17 11 11 6 8 10 7 5 6 6 5 5
23 28 27 27 27 25 25 34 31 31 34 37 34 38 36 37 36 39 39 39 41 36 37 43 43 41 47 45 44 46 45 46 46 46 47 46 49 47 47 47 46 48 48 47 49 47 48 48 47 48 47 48 50 48 49 50 49 46 50 50 49 47 51 48 45 46 44 46 43 47 41 36 39 35 34 36 32 28 28 26 29 15 16 18 21 13 12 17 9 10 12 8 11 6 6 6 4 6 7 7
23 24 25 26 26 27 35 28 31 30 33 35 35 34 36 38 36 37 39 41 40 39 42 44 40 45 44 44 45 46 44 45 46 48 45 45 48 46 47 50 48 49 48 49 50 47 48 47 49 49 47 49 48 49 47 48 48 48 47 48 49 46 48 50 47 47 45 49 45 40 38 40 35 36 41 28 34 30 30 23 25 23 17 19 23 20 17 11 12 9 13 10 12 12 7 6 8 5 6 5
25 27 25 25 29 26 31 26 33 33 33 32 35 33 37 34 39 36 35 41 39 43 45 40 43 45 42 44 41 47 45 47 46 48 45 48 48 46 47 49 48 50 49 49 47 47 48 46 48 47 50 46 49 48 48 48 47 48 49 47 50 48 48 45 45 47 43 45 41 44 38 39 39 38 36 29 26 27 25 26 20 20 18 21 18 19 9 10 15 10 13 8 6 8 11 7 6 7 5 6
24 24 23 28 24 30 29 29 29 33 29 31 34 32 38 35 33 42 37 35 41 41 37 39 41 40 43 45 43 46 44 44 43 46 47 47 46 48 47 48 51 47 47 47 47 50 49 50 46 49 49 47 47 48 48 49 50 47 47 45 47 48 49 47 47 43 43 44 42 45 42 38 35 36 30 37 31 22 21 26 25 18 26 14 13 13 19 16 11 10 9 11 10 6 7 7 7 5 5 5
24 23 23 24 27 26 25 25 29 31 31 28 32 35 33 39 35 36 41 41 40 39 41 41 40 43 42 43 42 45 47 45 48 46 46 47 48 48 47 46 46 51 49 46 48 46 49 48 48 48 47 48 48 47 47 47 47 49 47 47 46 47 48 47 47 46 45 43 43 41 36 38 37 36 34 33 31 24 29 25 28 15 21 15 17 17 16 15 13 11 8 10 8 5 9 7 5 7 5 4
22 23 25 21 25 29 26 27 30 23 30 28 29 31 38 37 36 35 38 41 37 39 38 40 40 46 45 48 42 45 46 43 44 48 48 47 47 48 50 44 49 49 47 48 45 47 47 49 49 48 47 48 49 48 47 47 49 48 49 48 47 44 47 47 45 48 48 46 48 45 41 40 35 37 38 36 26 28 25 32 21 19 23 19 19 15 16 8 10 9 9 10 8 8 5 5 5 5 6 6
19 23 21 24 23 22 29 25 27 32 27 33 29 35 33 34 39 38 39 33 38 36 42 43 38 39 43 45 45 43 44 45 43 48 49 47 48 46 46 47 46 48 47 46 49 47 46 48 48 46 46 48 46 48 46 48 48 48 48 47 47 48 48 47 47 45 45 44 42 41 42 33 37 37 27 37 34 27 27 30 27 25 19 21 15 17 15 12 11 10 10 7 7 6 7 7 5 5 5 6
23 21 24 21 24 26 25 30 30 28 30 27 34 29 33 34 39 40 36 40 40 36 38 37 42 39 41 40 40 44 46 44 46 45 46 46 46 48 45 45 48 48 48 47 48 46 49 47 47 48 48 46 46 48 48 46 49 48 48 47 47 49 48 46 46 46 44 44 42 41 39 42 38 31 36 27 25 30 24 26 24 19 19 17 14 17 14 14 11 9 10 12 8 9 7 7 4 7 7 6
19 25 20 22 25 23 24 28 26 25 29 26 29 30 33 34 33 38 41 36 35 37 38 41 39 38 43 39 44 41 45 42 44 44 46 46 46 47 45 49 48 47 48 49 49 48 48 48 47 47 48 48 48 48 48 50 47 49 49 47 48 49 45 46 45 43 42 49 40 39 38 40 32 40 37 33 30 26 20 22 24 19 25 14 13 17 15 14 12 14 7 7 8 7 5 6 5 5 6 6
20 20 22 21 23 29 25 26 23 29 26 30 26 33 36 34 36 40 37 39 37 39 42 41 41 44 38 41 42 45 40 41 44 43 45 48 48 47 47 49 47 48 48 47 48 49 46 49 48 49 48 47 47 50 47 47 49 48 48 48 48 49 46 46 47 44 48 42 47 41 41 39 37 34 26 27 29 27 25 26 18 18 23 18 16 14 14 15 11 9 7 7 8 5 9 6 5 7 5 5
19 23 24 23 23 22 25 25 23 26 30 31 28 33 32 33 31 34 36 33 37 35 41 40 37 36 42 44 42 41 45 39 43 45 46 47 41 46 48 45 46 47 48 48 47 45 49 48 50 46 47 48 48 47 49 47 49 46 48 47 46 47 46 42 48 45 44 43 42 40 33 36 32 31 30 31 30 31 20 32 25 18 24 18 14 13 12 7 12 12 9 8 7 5 7 9 8 7 7 5
20 19 21 19 25 25 22 28 26 24 26 28 26 30 30 33 31 29 31 36 36 33 40 39 40 38 38 37 39 38 46 46 44 47 45 44 46 47 45 44 43 48 47 49 46 45 48 49 49 48 49 46 49 45 46 49 47 45 48 48 45 47 45 47 45 43 46 45 44 41 41 33 30 30 35 26 25 27 31 20 18 17 18 17 15 15 17 10 8 10 8 9 8 5 6 8 6 7 6 5
17 21 23 22 20 20 25 23 24 28 23 26 29 29 30 32 32 32 31 31 36 38 36 34 38 41 38 43 38 44 43 44 40 45 45 44 45 47 45 47 47 43 47 47 46 48 48 49 46 47 47 47 48 46 48 49 46 46 47 47 46 46 46 43 47 43 39 41 42 38 40 38 34 34 33 27 29 29 23 23 22 19 12 18 16 11 12 11 9 9 10 8 6 6 5 8 6 7 5 6
19 19 20 21 24 23 19 28 26 22 26 28 24 29 30 29 33 34 34 33 37 32 36 38 40 36 35 40 42 42 41 43 42 44 44 45 43 46 45 48 45 46 46 48 45 44 45 47 44 49 47 47 49 46 47 49 46 47 47 47 47 43 43 44 43 44 41 44 42 38 42 37 33 35 32 27 31 33 27 21 24 15 23 19 18 11 16 12 11 9 8 12 10 6 7 8 5 6 6 5
21 19 18 21 21 19 23 21 23 26 22 27 26 30 28 31 32 28 34 40 36 38 37 38 34 36 41 36 42 39 43 38 37 43 43 44 43 46 46 45 44 48 47 46 45 47 46 47 48 47 46 47 45 43 47 46 46 45 47 45 45 48 43 47 46 41 40 42 41 42 33 34 30 31 30 30 31 25 24 24 17 15 18 13 14 18 12 11 13 10 9 8 7 9 7 5 6 6 6 5
18 20 15 18 21 21 22 21 23 18 25 27 26 27 29 28 33 34 28 29 32 34 35 36 38 37 34 41 38 36 40 43 41 40 43 45 47 45 46 44 42 42 46 46 49 48 46 48 45 46 46 48 47 46 47 48 47 48 44 46 43 45 43 44 42 41 44 40 41 41 39 38 36 26 26 28 28 28 23 24 18 20 15 14 12 10 11 13 11 9 7 11 8 5 5 7 7 6 5 6
20 18 20 16 21 20 20 24 23 23 22 24 25 26 29 28 25 31 31 33 31 36 34 34 35 42 37 35 37 38 42 38 39 43 41 40 41 44 44 44 43 45 43 45 45 45 46 43 45 48 48 46 50 45 45 44 46 48 46 47 44 46 43 47 43 41 44 41 44 42 38 36 32 33 33 32 30 28 20 17 13 16 15 16 14 14 8 11 8 8 7 5 7 9 7 5 6 5 6 4
17 21 17 18 20 19 19 20 21 24 26 31 27 27 27 28 27 31 28 31 27 30 35 31 33 36 36 34 37 39 40 42 39 42 41 41 39 42 44 44 43 44 42 46 46 44 44 44 45 45 46 44 45 44 47 45 45 44 42 45 44 44 41 41 42 42 38 39 41 36 33 29 30 29 31 26 27 24 19 27 19 10 17 19 16 12 11 7 8 7 8 7 6 7 8 7 6 6 6 6
16 18 18 19 19 19 19 24 17 22 24 22 22 28 27 25 27 29 32 32 29 32 34 32 33 35 39 38 36 37 38 38 38 39 41 40 41 44 42 41 41 42 45 45 44 43 43 45 42 46 44 45 43 41 44 44 43 41 44 46 44 39 44 42 39 39 38 40 34 34 30 33 36 30 33 25 20 22 19 21 26 15 15 16 13 16 7 7 8 7 7 8 7 8 8 7 7 6 6 5
