236 231 250 234 198 242 167 178 211 149 145 144 106 158 120 120 112 105 71 86 81 73 70 81 93 57 31 58 59 58 53 37 33 59 29 36 38 45 33 25 30 23 21 29 14 19 24 14 16 17 15 14 14 11 13 15 13 12 14 15 13 12 39 46 81 58 69 50 85 139 163 167 272 251 241 318 311 321 369 380 323 423 391 395 430 392 405 414 413 439 436 429 441 435 438 438 440 438 440 440
233 221 234 219 174 206 143 170 190 138 132 202 127 160 140 125 103 147 103 99 88 79 73 72 76 46 67 64 42 46 54 59 34 34 31 32 36 26 18 17 28 21 20 14 20 11 20 18 14 17 15 14 16 16 17 17 13 19 17 24 17 34 48 41 75 30 60 85 141 128 108 175 231 255 302 303 313 344 303 302 371 389 406 414 413 419 429 427 431 430 432 431 430 442 438 439 438 439 440 439
218 249 217 191 245 201 182 201 170 159 159 159 120 143 150 125 85 105 84 80 75 110 67 58 69 69 86 43 44 39 39 39 44 50 35 21 40 18 22 32 30 18 13 13 20 17 17 14 15 17 18 14 15 20 13 17 13 13 19 20 13 36 37 25 72 76 36 52 101 83 124 218 274 218 228 301 338 305 371 336 355 381 378 396 411 429 414 423 437 437 439 439 440 438 438 438 438 437 439 437
244 232 211 211 176 204 193 166 171 179 145 141 126 156 116 103 116 104 102 67 56 83 66 63 58 62 63 49 47 46 35 37 42 31 47 23 30 15 27 21 25 17 19 23 18 15 13 11 14 14 14 13 17 20 17 19 16 13 18 23 14 14 32 12 39 49 92 84 88 84 94 155 208 271 282 254 284 310 337 349 348 412 388 404 403 438 422 429 440 438 439 429 437 430 437 437 441 437 442 440
226 232 207 182 221 179 189 171 177 145 157 113 148 116 103 93 140 132 92 78 63 93 83 51 61 57 60 69 40 50 55 43 37 29 24 25 26 23 33 19 21 22 17 21 18 18 19 14 14 16 19 16 16 13 11 12 11 15 15 20 36 21 22 34 22 41 42 97 77 105 139 178 191 235 262 273 356 328 304 336 319 380 417 399 397 388 404 423 422 440 431 436 441 438 436 442 438 442 437 438
227 225 220 179 183 163 118 158 180 134 129 126 135 116 107 121 106 98 99 79 69 52 59 43 87 66 61 35 67 44 32 32 38 31 35 31 22 32 20 31 18 18 16 25 18 19 14 22 20 13 14 17 15 14 14 12 18 11 15 10 15 12 29 32 52 61 78 98 47 81 138 194 204 264 273 323 323 285 336 383 344 354 381 407 397 425 423 417 437 422 429 440 436 439 441 436 438 438 441 440
240 192 244 197 163 198 162 163 165 118 131 142 99 90 105 99 108 104 79 105 61 84 63 63 57 60 50 54 40 48 39 44 27 22 23 20 21 30 18 24 32 26 20 16 21 13 17 18 15 17 13 17 14 13 15 13 13 14 27 12 22 27 23 36 40 67 39 90 85 109 100 139 192 221 305 319 276 321 328 305 353 368 381 376 422 425 386 432 412 420 430 438 439 440 440 440 440 441 439 438
233 205 238 215 154 138 183 163 126 133 141 139 105 110 125 78 124 99 82 107 61 56 63 60 47 58 42 46 49 35 25 29 34 40 29 22 20 20 32 41 18 26 17 18 17 16 16 14 9 27 15 19 11 15 15 11 13 10 14 26 16 19 31 41 61 76 68 74 22 41 127 90 199 251 253 252 335 321 294 296 351 405 370 387 403 366 420 403 429 437 432 441 437 436 440 440 438 440 439 438
226 222 207 203 177 189 150 152 154 141 152 148 92 117 97 118 75 100 70 77 106 69 70 69 52 56 49 39 55 33 36 29 38 31 31 17 16 26 18 18 20 25 21 18 18 16 16 15 20 16 13 16 16 14 23 13 13 16 15 14 14 26 32 25 39 81 80 72 90 70 93 178 257 208 276 279 286 269 328 347 386 393 381 379 388 420 389 424 430 429 437 439 437 437 440 431 442 437 438 440
244 200 190 220 192 154 183 150 132 134 145 103 125 102 114 94 116 75 81 62 105 60 55 65 57 42 57 37 36 52 47 36 36 30 26 20 26 22 16 17 16 18 18 15 18 14 16 21 14 15 14 15 13 16 11 16 19 12 16 15 19 24 48 21 37 40 66 109 85 93 145 144 164 271 260 261 261 323 331 380 329 365 404 404 370 433 423 438 432 430 440 424 434 440 440 440 439 441 439 438
212 200 219 158 179 149 173 136 134 145 158 133 119 82 111 99 60 89 92 53 67 71 66 48 48 52 43 44 24 37 43 34 35 26 24 32 22 19 17 26 17 29 12 25 11 15 15 12 11 15 12 12 13 16 15 13 17 16 16 13 10 13 28 47 81 17 51 67 95 118 145 161 184 236 284 296 257 237 312 345 311 362 397 405 397 434 414 420 423 420 432 438 429 429 438 442 436 438 438 439
216 189 187 188 168 184 151 150 119 152 111 125 140 88 81 90 100 75 70 67 56 71 56 38 48 58 37 24 55 26 35 30 40 29 15 25 23 24 29 18 22 12 17 18 21 15 15 17 14 15 17 16 15 15 13 11 14 17 13 24 14 25 19 59 58 32 62 83 72 89 97 172 223 239 263 264 275 346 339 339 318 362 359 407 396 413 431 405 439 425 420 429 437 436 438 439 438 441 437 438
188 203 195 175 177 176 160 149 142 120 98 133 87 120 112 83 84 98 66 71 85 72 70 48 75 45 51 51 39 23 23 31 22 19 25 27 21 25 14 16 15 15 17 23 18 14 13 15 12 12 15 14 15 12 16 18 14 9 13 11 23 11 32 27 47 45 56 80 101 40 101 223 204 264 250 222 247 297 289 331 292 342 411 405 419 382 385 424 428 414 440 428 439 437 439 438 435 439 439 441
190 232 173 183 200 213 154 104 135 111 118 98 97 109 84 119 78 102 57 62 87 82 46 46 46 44 45 49 42 35 31 22 22 40 31 12 28 15 16 21 22 19 17 14 18 17 14 14 14 13 18 15 15 12 11 14 15 10 10 13 19 11 19 41 33 52 50 74 90 90 138 141 145 208 192 287 276 262 220 338 381 342 413 397 403 379 421 438 428 429 415 430 430 439 439 441 439 440 439 439
218 217 215 202 157 158 170 141 124 156 105 109 95 109 102 90 86 95 75 78 72 55 40 60 51 45 78 41 39 26 27 26 25 20 28 23 20 22 11 24 16 15 18 16 14 17 16 11 13 15 16 16 11 12 12 13 12 14 21 11 16 18 21 26 14 29 23 72 60 100 61 179 165 241 278 205 264 339 339 320 320 345 397 361 405 423 396 416 431 402 430 438 436 439 439 436 440 437 439 443
232 203 195 194 150 207 154 141 137 153 128 120 97 115 80 74 74 77 72 69 65 58 86 45 38 44 50 34 25 27 27 38 33 31 18 25 24 17 20 19 18 15 16 16 14 16 16 17 11 13 18 14 17 11 16 12 12 14 13 14 19 11 29 23 45 60 91 51 63 105 115 132 117 177 244 294 277 347 318 344 320 343 354 385 422 406 429 420 415 440 430 422 436 437 439 441 439 439 437 439
190 164 196 182 149 173 163 129 134 133 142 132 126 83 73 77 71 112 59 61 59 47 55 57 40 40 45 28 50 23 24 28 31 33 21 28 18 27 20 13 17 18 12 14 17 12 15 12 14 13 10 12 19 13 12 12 14 13 15 11 12 23 28 36 26 54 56 67 96 84 108 136 149 202 282 243 274 253 345 329 312 373 371 406 404 413 428 422 403 430 423 439 430 440 440 437 438 438 437 436
218 219 202 203 163 144 157 157 161 108 126 80 87 92 109 71 93 81 57 54 48 66 36 49 41 37 27 46 45 26 32 33 23 24 26 18 17 15 26 17 23 15 13 14 13 17 12 15 11 14 13 18 13 14 12 14 14 12 12 9 15 25 17 34 36 38 46 70 99 63 110 194 179 207 245 237 278 337 350 354 380 367 389 421 378 395 414 420 429 429 424 439 437 432 438 439 440 439 436 434
204 194 190 138 163 164 152 135 117 116 103 110 98 101 97 88 76 67 61 58 55 60 52 54 47 33 36 45 33 31 26 28 21 20 25 22 23 20 18 16 18 16 14 15 12 16 16 14 14 12 15 15 11 20 14 10 12 13 13 13 30 17 23 27 16 56 86 87 70 76 171 194 184 204 243 272 262 352 315 338 359 364 342 355 414 389 428 428 427 429 431 430 432 431 430 439 438 440 437 438
187 194 201 177 138 146 155 159 131 118 129 97 87 100 85 71 72 70 71 64 56 46 50 57 46 52 28 36 41 29 37 35 33 24 18 18 20 25 18 14 14 21 13 18 15 13 13 19 10 15 12 13 13 12 16 16 11 12 10 10 10 13 12 16 11 27 21 44 46 49 124 85 119 237 270 275 311 279 306 320 389 346 387 405 414 414 405 423 428 431 423 441 430 440 438 429 437 438 437 439
208 218 190 185 184 152 133 147 128 130 144 111 127 90 112 73 99 73 71 36 68 63 64 49 46 33 40 38 36 35 27 21 38 27 24 25 24 21 14 21 15 13 12 18 14 15 12 15 11 11 13 13 17 14 13 13 9 14 16 11 17 11 29 20 26 39 59 46 47 62 112 126 142 166 270 273 268 263 343 301 356 389 385 379 380 414 441 421 431 410 433 439 437 439 438 440 437 438 439 437
194 213 153 174 148 156 164 150 128 140 97 116 83 106 80 90 76 87 52 54 46 65 46 45 40 44 38 28 42 30 30 27 20 23 18 24 23 21 19 15 19 21 12 16 12 13 10 11 10 15 15 13 12 11 12 15 12 14 12 10 21 13 14 18 32 42 52 45 73 122 100 105 120 201 212 312 293 281 246 326 345 372 338 387 355 421 398 405 427 420 438 431 442 440 441 437 438 439 438 437
170 183 184 158 172 176 140 143 112 98 120 110 77 86 64 74 64 70 81 51 54 50 42 31 30 30 25 44 28 34 33 16 27 29 17 24 20 16 16 12 18 13 19 16 12 13 17 16 13 12 12 14 12 15 14 13 9 13 12 11 20 12 14 11 31 32 20 56 58 33 124 87 149 162 244 290 237 288 334 337 325 377 320 403 419 413 395 407 404 420 438 423 429 439 433 439 439 436 436 437
183 201 196 211 146 126 149 125 123 108 101 112 100 79 67 58 52 75 60 65 41 68 42 39 29 55 31 39 28 21 31 23 27 23 24 21 18 16 10 14 18 18 13 10 19 10 12 9 15 10 12 15 15 16 13 14 17 13 13 13 14 12 11 15 14 39 31 43 78 64 73 134 129 200 240 261 267 314 305 358 346 314 380 397 382 371 406 430 438 403 439 430 438 440 438 438 440 440 439 440
172 165 206 174 166 132 154 124 99 130 121 82 95 78 60 65 77 53 54 76 59 65 38 43 39 51 55 38 37 44 27 20 32 20 18 16 18 19 15 12 15 13 16 12 14 15 17 12 14 23 15 11 12 14 13 13 10 14 11 13 13 13 20 21 14 71 36 39 65 91 86 107 205 158 177 248 236 262 279 305 355 325 397 363 382 396 413 429 430 422 439 439 439 437 438 438 441 438 440 441
234 196 198 165 181 144 141 137 113 110 130 81 96 95 91 75 69 72 56 60 69 57 27 45 43 33 24 29 22 33 39 17 17 21 17 16 13 15 13 14 12 13 20 15 17 13 13 13 14 12 11 12 11 14 14 11 14 11 12 10 13 21 10 29 32 35 11 64 43 76 82 94 182 187 239 193 208 256 286 304 389 319 363 369 387 380 421 422 432 432 431 439 436 421 429 439 440 439 438 437
189 209 184 164 183 160 150 108 97 99 111 106 89 100 66 66 84 69 83 62 38 39 40 49 27 33 26 49 39 33 25 20 29 19 20 17 18 15 17 13 20 15 15 12 11 19 14 16 10 15 13 12 13 14 13 10 13 13 15 13 13 14 12 20 23 46 30 50 68 54 107 135 139 208 204 210 233 296 320 345 374 338 412 380 430 380 397 394 415 413 437 431 430 440 431 431 438 438 441 440
221 191 188 165 158 133 135 123 136 121 86 89 59 79 72 75 86 77 63 56 60 66 37 54 33 36 30 31 32 27 27 21 24 16 17 15 16 15 18 21 16 11 16 12 13 13 9 12 12 12 14 11 11 12 12 13 11 12 11 15 20 14 14 11 23 25 43 51 60 39 118 160 134 186 213 186 227 231 326 308 364 371 336 362 405 430 432 412 404 438 412 432 422 442 439 438 438 439 438 437
200 187 175 144 148 121 142 108 117 106 77 93 88 91 80 80 76 65 77 57 59 39 42 44 35 38 31 36 21 19 27 21 25 30 17 17 16 18 16 12 12 11 14 18 11 13 11 10 13 12 15 10 13 12 12 10 12 10 14 20 10 10 21 35 22 43 30 47 69 105 123 88 168 107 159 254 218 287 261 302 337 336 371 387 380 423 422 416 423 414 438 414 439 429 438 437 438 439 439 439
172 201 185 159 119 145 112 137 129 114 88 114 100 81 90 54 72 49 32 58 35 39 48 49 39 36 27 23 23 29 30 26 32 24 14 15 14 13 13 13 14 17 11 10 13 13 15 9 14 13 13 16 12 11 15 16 16 11 10 14 38 10 23 20 25 24 56 41 55 83 81 95 116 167 159 167 246 235 254 264 330 346 346 398 377 407 405 430 402 437 433 431 439 441 439 439 440 438 438 440
180 174 184 166 164 186 121 137 109 111 102 138 104 109 66 81 90 68 58 54 46 57 48 42 36 45 26 25 21 25 22 28 24 16 16 19 18 14 12 16 17 12 13 13 13 14 10 9 13 15 14 14 11 10 15 12 11 10 10 11 13 10 13 19 13 37 30 33 43 80 98 119 111 185 223 222 219 260 268 326 314 381 365 393 380 413 413 425 406 433 395 431 433 439 432 442 437 437 437 442
222 195 181 168 160 153 126 148 125 114 104 64 75 76 56 67 71 60 71 75 38 54 47 45 45 35 36 33 25 25 25 29 21 20 32 14 14 16 14 14 12 13 12 17 12 13 12 11 11 11 10 14 17 16 11 11 11 10 13 11 10 15 14 13 47 78 28 21 21 83 119 152 98 176 208 201 245 257 295 292 322 330 404 346 361 389 404 415 424 440 428 423 429 438 431 427 423 436 440 439
219 184 170 162 137 164 152 109 118 103 89 105 98 95 70 89 53 48 59 58 55 37 44 51 27 28 34 29 39 30 26 26 19 17 15 18 15 13 17 19 15 12 19 14 11 11 12 12 15 11 12 12 12 9 11 13 10 12 9 15 10 11 11 19 30 33 21 40 29 62 116 109 158 239 247 219 241 295 291 313 329 330 348 380 364 407 398 425 432 414 431 439 431 440 428 438 439 438 438 441
186 183 175 132 183 135 130 121 91 101 92 103 87 67 85 61 73 62 59 67 46 52 48 39 30 31 26 24 36 19 21 18 22 23 26 17 14 14 20 12 9 13 11 15 12 13 11 14 9 13 11 12 11 11 11 12 13 11 12 11 14 13 29 14 17 20 27 49 51 74 82 132 109 127 211 225 216 286 306 234 360 313 335 343 393 408 401 431 440 412 428 430 438 430 440 438 428 442 440 441
201 216 171 189 146 191 109 111 126 112 95 104 80 112 67 80 85 70 52 61 50 45 37 49 33 38 26 50 20 35 25 25 23 16 13 20 19 24 18 13 13 16 13 16 10 15 17 12 15 14 9 11 10 9 14 11 13 12 12 10 13 12 9 13 20 25 26 62 56 82 62 112 146 165 228 212 254 220 281 321 329 328 378 322 379 405 439 397 428 431 439 431 431 437 440 443 439 440 438 437
217 164 187 191 197 149 138 119 94 95 89 91 67 86 65 62 81 65 59 53 48 49 45 26 29 21 31 39 21 18 50 34 19 18 32 11 15 15 14 13 12 15 13 11 14 13 11 12 15 10 11 13 15 10 12 12 15 10 10 12 15 8 18 21 21 14 45 19 59 63 64 110 142 145 191 209 280 309 253 323 290 302 316 346 379 385 371 413 414 439 414 424 432 440 440 439 440 438 436 438
194 175 166 180 157 118 134 130 114 121 112 99 81 75 55 66 61 64 46 79 42 45 48 46 36 36 31 26 30 27 18 33 17 16 15 14 14 15 13 12 12 10 13 11 14 9 11 10 12 11 10 18 13 14 13 12 9 12 12 14 10 10 14 20 32 10 23 52 57 54 75 124 101 172 150 247 194 241 311 302 328 327 373 361 386 396 405 399 417 423 424 433 438 441 441 439 436 440 439 441
201 176 198 165 119 162 118 191 111 116 103 88 86 91 81 33 61 77 43 39 49 61 37 34 39 25 28 27 31 17 23 22 17 20 15 18 11 10 26 19 12 12 14 13 16 13 10 12 15 15 9 14 11 13 12 10 11 13 11 19 12 17 21 21 14 32 19 37 84 72 80 82 147 130 152 162 260 296 306 267 316 362 372 369 379 347 406 412 412 418 429 432 437 430 439 441 439 438 441 437
199 200 134 167 167 128 162 144 103 137 85 95 77 94 84 70 80 75 38 79 76 47 61 35 36 31 34 20 28 22 19 28 23 18 17 21 20 16 12 15 15 15 13 8 12 11 12 14 15 9 12 10 12 12 8 12 11 12 9 8 10 8 25 10 12 36 30 38 28 65 50 95 117 187 226 205 234 277 288 271 319 353 317 345 389 370 439 431 390 388 430 423 430 438 439 442 439 437 441 440
185 184 170 155 176 148 160 121 121 73 132 104 79 72 72 63 48 72 62 35 46 42 39 59 38 36 30 21 24 25 31 25 18 18 28 17 14 14 13 15 10 11 13 11 10 11 14 11 13 11 10 12 11 10 11 15 11 10 10 12 12 29 16 13 36 38 20 49 36 47 84 82 148 113 169 218 201 214 236 276 337 345 331 380 372 372 424 405 422 430 413 423 433 431 428 439 440 439 440 439
223 191 173 147 169 141 134 126 123 102 87 101 84 72 71 71 55 105 41 52 50 43 55 45 27 30 34 37 22 41 27 18 19 15 18 21 11 19 15 12 14 11 10 13 14 13 11 11 15 10 13 12 12 10 13 13 11 12 13 8 13 10 10 13 28 29 27 28 70 48 128 145 125 153 174 157 204 213 286 254 320 346 291 375 344 340 388 412 394 441 404 427 443 441 439 432 430 437 439 439
201 147 176 167 127 160 124 127 127 99 98 86 101 99 80 65 63 66 57 55 46 37 45 34 27 32 27 21 27 27 19 31 20 14 12 18 14 13 12 16 16 15 11 17 13 12 11 12 13 12 16 13 11 15 8 14 9 9 12 8 12 14 12 14 8 34 40 46 54 45 64 122 166 122 206 184 238 260 322 251 317 345 348 370 373 370 404 408 388 432 442 422 430 440 431 429 437 438 441 438
191 188 191 142 147 147 132 130 128 109 96 107 72 101 54 82 60 48 56 51 43 47 24 36 43 40 39 36 30 25 18 21 17 18 16 13 14 17 21 16 11 11 7 9 10 12 12 11 11 10 12 11 11 11 10 12 12 8 10 8 8 22 20 11 26 20 37 40 79 22 66 64 103 159 207 228 201 174 281 274 325 381 320 359 391 397 375 404 370 433 424 404 431 440 419 430 440 440 437 439
189 181 175 153 133 162 112 135 94 122 98 90 86 83 78 69 84 78 80 56 49 42 52 33 33 21 30 16 27 17 19 25 16 24 15 16 16 15 11 14 11 17 11 10 15 17 11 11 12 14 9 13 10 12 13 12 11 12 10 10 14 19 11 10 16 33 12 26 58 51 72 152 136 176 177 170 184 267 231 297 337 315 382 260 408 355 396 413 406 408 405 438 431 422 434 431 437 440 438 441
166 196 217 163 140 148 114 135 149 120 93 134 56 85 101 70 66 68 53 76 34 51 54 36 24 27 35 27 29 16 23 22 26 20 14 19 19 24 15 13 17 12 12 12 14 12 15 11 12 11 11 11 10 12 11 13 12 11 13 10 9 9 18 23 30 19 34 58 85 57 82 110 165 123 158 175 236 258 296 264 352 312 318 336 354 397 379 411 427 414 430 428 430 439 439 428 439 428 437 439
214 205 195 146 142 133 141 124 109 137 119 87 103 99 82 49 57 39 77 37 43 57 23 44 32 43 43 29 33 23 24 16 20 23 17 14 17 15 12 14 11 12 13 9 10 9 11 11 10 9 13 14 11 12 12 10 15 11 19 13 10 24 13 14 18 39 19 50 76 49 67 106 122 108 165 234 195 256 201 242 338 329 338 351 353 399 372 385 398 407 439 413 427 421 423 439 440 431 440 439
189 186 159 186 190 138 124 125 128 123 111 90 89 63 74 72 70 76 49 58 34 51 50 29 55 42 32 25 33 19 18 18 17 17 14 28 15 18 10 13 12 10 11 10 14 13 11 9 14 11 10 15 13 8 13 11 12 12 12 9 14 8 15 14 13 45 38 16 66 59 62 91 131 150 184 159 201 295 215 236 301 313 329 388 363 338 388 396 423 422 432 422 440 440 423 424 436 437 441 438
204 189 178 159 161 193 142 128 82 109 73 73 123 67 107 87 68 101 58 42 46 53 32 50 36 46 48 46 21 23 25 29 13 17 16 15 14 20 16 9 13 12 11 13 16 13 11 11 12 8 9 13 11 12 9 13 12 11 11 10 11 10 12 14 32 46 9 44 69 79 64 60 108 183 182 160 246 175 278 269 263 319 347 328 386 380 329 422 404 420 389 422 438 440 433 441 438 439 441 440
206 205 192 150 138 164 118 152 105 112 111 106 98 100 100 66 55 61 54 62 67 41 39 43 35 22 37 20 27 31 22 34 22 17 12 14 15 12 18 13 12 13 24 10 11 11 15 11 12 12 11 13 14 9 11 12 14 8 11 18 12 9 11 9 17 12 22 42 43 78 57 153 101 158 207 124 185 171 285 257 281 289 285 348 310 378 397 381 403 393 430 430 413 415 413 422 438 439 440 438
224 191 170 168 151 166 123 140 125 102 133 100 125 88 89 86 49 62 71 59 46 56 39 30 47 38 27 23 27 22 20 19 12 19 15 19 13 13 10 11 12 19 13 10 15 11 10 8 7 14 10 7 12 13 10 14 12 13 10 14 8 19 22 29 17 35 15 34 44 75 66 62 99 141 163 194 240 213 265 267 339 313 364 377 363 352 379 413 406 422 414 406 404 439 422 440 421 436 442 441
223 196 217 141 158 149 129 106 128 130 98 96 92 81 70 86 56 60 60 58 48 49 62 48 50 50 26 21 24 15 22 15 15 13 37 15 11 12 11 14 10 11 12 13 10 12 12 11 12 14 9 10 10 12 11 12 10 10 14 9 13 18 9 22 10 38 31 17 50 72 89 102 103 151 133 231 193 200 254 257 285 290 364 319 354 381 370 406 412 415 431 437 439 432 429 439 429 442 441 441
229 197 166 195 167 123 126 137 128 99 94 74 81 84 86 85 69 55 27 62 69 51 46 42 26 32 43 28 27 30 19 19 15 19 28 15 19 17 15 10 17 13 10 15 13 12 12 10 13 11 12 11 12 14 12 16 13 15 10 10 16 9 10 23 27 20 25 35 13 48 98 111 132 107 156 195 203 209 209 218 331 322 354 312 379 349 370 404 395 439 412 404 429 433 422 438 430 434 439 440
216 197 176 168 142 174 144 119 131 131 117 85 96 84 79 70 56 67 44 85 58 51 48 28 33 43 25 44 29 28 18 16 16 18 10 19 11 17 10 16 9 15 11 14 16 11 12 13 11 15 12 14 11 10 11 12 13 8 7 11 10 18 14 32 13 33 39 36 61 66 81 98 105 140 193 156 207 270 225 266 318 335 336 349 296 379 372 365 389 415 416 401 394 423 430 431 439 432 441 440
189 171 173 187 192 131 117 138 130 139 93 128 108 98 82 84 81 72 73 41 38 40 35 43 34 35 32 18 22 36 20 30 16 16 11 15 17 13 21 14 10 11 12 13 12 9 11 12 10 9 9 10 11 13 12 11 10 11 7 14 22 14 13 17 32 20 44 46 47 81 55 76 108 148 137 182 145 244 216 235 279 303 329 370 337 396 406 361 396 386 413 415 430 439 441 429 433 438 437 437
176 242 161 220 153 159 135 104 123 117 98 98 118 93 76 76 53 86 62 42 81 44 41 51 22 41 50 30 25 30 30 19 37 14 15 15 14 12 12 11 13 11 11 10 13 9 13 12 11 14 11 15 10 15 13 12 8 14 13 12 9 12 17 22 17 17 20 19 16 49 68 129 136 136 168 137 192 247 186 258 309 320 380 336 330 345 388 371 362 394 423 421 430 441 408 430 430 439 440 441
195 184 169 199 145 158 159 151 109 131 114 104 97 77 92 91 69 61 82 36 57 48 47 30 51 33 37 29 19 28 24 21 29 17 12 18 20 12 19 13 14 10 10 11 10 11 11 8 15 10 13 11 11 11 11 12 11 11 8 12 9 13 11 27 18 27 31 54 24 94 53 147 130 130 149 200 169 284 238 285 269 319 338 328 344 380 403 363 396 396 421 404 413 420 431 421 430 438 441 439
241 202 187 191 174 123 140 147 111 119 80 102 84 101 110 65 70 75 84 40 47 68 47 43 43 44 26 26 24 27 23 35 27 28 9 12 9 13 15 17 13 12 12 9 17 13 11 10 12 12 13 12 11 12 12 11 9 9 9 13 7 11 19 11 19 20 30 53 22 39 80 70 97 134 105 182 190 227 192 267 235 234 319 330 345 381 379 415 415 409 407 439 421 429 431 430 442 438 439 440
265 221 152 164 167 166 119 128 154 126 108 139 124 74 110 46 86 71 55 55 57 44 36 52 52 22 40 41 26 32 24 18 12 30 21 30 24 15 16 13 10 16 12 13 13 10 11 12 9 10 11 13 14 11 11 11 10 13 15 9 10 25 10 26 13 30 33 37 54 70 83 89 90 123 153 199 141 150 203 234 243 327 314 356 345 359 371 364 373 421 393 388 431 431 428 441 432 441 432 440
221 199 169 204 209 159 184 109 143 123 105 102 75 79 96 97 84 55 63 86 50 48 32 32 46 30 50 27 17 17 32 15 12 19 22 26 14 13 20 18 15 12 11 11 11 11 12 10 11 14 9 9 11 12 13 16 13 11 12 12 11 24 18 13 17 19 53 39 64 30 35 127 161 118 145 183 136 176 264 235 217 274 286 269 345 369 310 382 421 389 408 422 439 430 429 440 428 431 440 439
244 235 219 172 188 179 166 137 158 118 102 80 90 69 78 105 68 74 45 60 57 61 60 32 39 18 34 39 45 25 11 20 24 24 30 11 20 10 15 12 11 20 9 10 10 9 12 14 9 9 14 10 11 10 15 10 10 14 10 12 18 14 20 19 21 28 25 48 7 86 62 85 104 112 145 163 205 173 270 249 219 279 362 332 271 355 339 387 415 387 419 406 434 437 428 432 442 439 438 437
232 225 209 164 200 156 166 133 158 148 104 140 92 86 87 87 83 66 59 59 57 73 38 48 53 27 24 27 13 42 18 25 24 27 14 13 15 12 15 19 10 11 12 10 18 11 12 13 10 8 15 12 10 15 10 13 9 12 10 9 10 19 35 22 11 27 9 13 45 51 106 103 133 114 128 142 167 183 217 241 270 312 294 313 320 380 379 369 363 403 418 398 388 423 416 441 440 432 432 430
197 200 193 225 162 156 164 179 137 164 87 123 66 111 75 95 108 84 79 76 31 70 77 40 42 59 50 28 31 30 16 23 21 22 21 12 18 14 14 10 9 10 7 9 9 10 10 11 12 12 12 15 10 14 12 12 7 14 13 11 25 21 21 13 39 30 29 36 19 41 53 109 181 174 131 115 216 186 190 203 240 278 283 336 327 370 394 370 401 414 430 423 414 424 440 438 422 438 437 439
232 185 160 169 179 184 165 141 140 101 125 96 121 62 85 87 112 60 99 45 61 38 58 50 27 35 30 35 25 24 26 27 22 14 13 9 19 24 13 9 10 17 11 14 10 8 11 11 10 9 10 9 12 11 15 8 11 10 9 7 11 16 9 18 11 28 37 41 69 70 70 69 63 138 159 143 210 248 277 258 258 321 285 315 347 364 365 372 345 395 405 421 386 429 440 424 425 427 439 442
214 219 201 156 182 197 105 178 135 139 116 135 116 75 71 81 83 74 77 53 56 34 46 54 41 25 32 41 36 18 16 24 11 21 17 12 12 13 14 15 13 10 9 15 8 11 11 9 9 16 11 10 11 11 12 14 13 13 15 25 11 12 20 12 40 30 36 28 26 38 45 89 79 156 163 163 205 200 215 310 231 261 252 293 329 343 348 373 396 389 422 424 386 420 419 438 424 433 439 441
241 226 196 178 186 170 141 151 153 104 160 116 124 95 91 78 77 71 54 67 48 50 33 38 36 26 46 35 30 19 31 37 20 14 14 12 18 14 10 13 14 16 12 11 11 15 11 9 9 9 12 8 9 14 11 7 12 12 12 8 10 10 11 12 21 19 35 32 22 23 104 77 82 116 114 189 194 225 251 180 232 305 271 285 337 352 379 361 397 432 413 396 427 432 441 442 439 430 443 442
226 200 225 196 176 135 140 149 146 147 156 113 114 120 83 98 73 91 52 72 66 45 59 41 32 64 31 53 38 27 23 43 33 27 21 16 21 14 11 18 12 10 13 10 18 10 12 12 9 10 13 10 14 10 11 11 10 10 10 16 20 18 16 20 29 10 18 32 54 46 60 99 121 135 141 142 182 184 269 249 252 276 293 304 337 345 387 325 388 363 415 402 415 388 438 407 422 431 440 428
203 201 189 150 147 181 177 163 124 110 107 98 98 107 95 95 65 66 89 56 57 40 25 57 44 37 34 27 34 23 26 15 40 28 11 11 22 9 13 12 12 15 11 13 13 22 13 13 9 10 9 12 15 12 11 11 12 11 14 18 9 7 16 11 16 7 27 34 39 52 58 93 100 110 138 207 215 156 229 277 211 293 275 330 259 366 350 362 406 396 413 420 422 432 431 430 432 424 440 432
227 210 192 224 200 167 163 144 159 131 115 112 128 99 90 100 84 81 68 106 70 49 38 62 20 33 22 31 20 31 27 24 22 32 20 16 13 18 20 16 18 12 12 11 11 11 10 14 14 10 11 14 17 14 13 11 10 13 10 11 10 28 11 18 41 23 43 37 20 60 71 88 131 118 157 130 185 124 181 224 266 278 270 290 320 373 312 353 371 368 422 372 429 415 420 426 439 439 430 437
237 203 223 191 203 161 198 171 142 119 157 126 160 131 114 116 92 100 47 62 56 65 34 51 45 37 40 38 23 26 25 14 18 24 20 18 13 9 19 13 17 11 13 8 14 12 12 10 13 14 11 14 11 12 12 13 13 10 10 11 23 17 15 22 34 28 35 36 32 65 63 84 96 141 178 194 185 184 218 251 263 311 312 287 313 349 367 310 422 403 424 400 407 414 437 439 439 438 438 440
217 209 232 205 176 216 202 160 118 141 141 113 117 117 95 96 79 120 86 41 91 62 72 46 28 33 37 33 19 22 24 40 26 13 28 26 21 24 25 14 11 11 15 8 12 9 10 12 13 10 9 8 15 12 10 19 9 13 9 7 13 7 8 9 30 19 13 26 42 59 91 55 99 142 128 159 166 225 210 192 241 253 290 361 319 353 356 396 374 405 365 428 432 429 433 431 442 437 429 432
245 213 210 188 186 184 178 182 136 145 83 110 99 130 107 101 83 87 57 37 92 58 62 52 46 45 41 29 33 40 13 16 28 12 24 17 9 9 21 22 14 11 20 10 12 17 14 16 10 12 12 11 8 11 13 13 12 13 12 10 24 20 25 38 15 36 23 35 47 51 72 61 118 140 123 187 142 170 198 265 320 284 240 321 290 342 326 336 354 377 381 396 383 403 413 430 429 431 429 440
246 231 208 197 172 187 216 143 147 145 132 98 131 108 106 120 88 85 71 61 72 57 33 52 51 38 33 34 29 24 16 22 14 29 21 16 20 16 24 11 10 10 9 10 14 13 11 11 10 10 11 18 11 12 11 10 12 14 9 12 15 19 11 21 11 28 54 41 43 61 76 112 119 158 160 185 162 238 228 259 227 320 346 328 305 362 364 369 378 388 390 400 436 414 423 421 415 432 441 440
251 234 213 241 184 215 159 161 155 146 114 136 111 101 127 81 87 77 122 62 65 54 70 44 43 52 72 33 36 24 32 29 36 29 24 11 11 19 8 14 10 21 13 15 9 10 11 9 10 12 12 15 14 14 12 10 11 14 14 11 16 36 23 22 27 25 31 43 44 116 48 94 151 110 112 118 207 202 185 258 259 286 268 310 293 324 343 361 354 394 376 403 396 431 412 425 430 439 439 438
261 192 195 216 189 175 202 152 168 123 120 119 134 100 97 118 107 77 100 54 60 40 65 49 64 43 52 37 49 51 34 27 20 15 19 15 14 23 15 11 9 18 12 11 14 16 9 7 11 17 7 12 11 10 16 10 13 13 12 8 8 11 19 40 12 38 16 26 71 50 81 105 114 142 152 157 177 224 177 278 235 268 299 350 352 362 380 379 364 395 397 394 397 404 430 432 421 439 431 432
260 263 209 217 188 220 176 149 135 175 129 143 152 115 115 102 102 68 79 113 51 72 67 71 46 60 44 19 19 40 26 34 34 27 18 8 19 19 18 20 22 14 10 13 13 13 16 7 17 13 18 11 13 16 10 11 16 12 12 10 11 16 38 10 34 16 35 27 53 79 119 75 188 176 128 157 224 220 240 243 220 304 279 325 345 343 369 410 386 386 371 427 413 440 404 412 440 440 442 433
249 242 242 221 225 173 197 169 166 214 105 158 147 160 155 95 110 97 85 69 57 64 62 46 52 54 44 46 31 34 27 25 28 21 19 25 19 11 14 12 16 13 11 18 12 10 11 11 9 15 9 14 10 14 18 13 8 15 12 9 14 16 9 25 47 36 18 37 38 44 53 33 63 148 177 189 159 184 243 226 269 304 271 337 306 353 379 352 338 384 386 404 396 430 433 440 431 438 429 438
246 220 219 223 228 174 178 157 150 148 167 163 134 105 99 113 104 71 89 114 72 80 56 81 52 53 25 56 35 36 27 53 23 25 23 12 12 19 9 14 15 16 16 11 11 8 12 10 11 13 19 9 8 12 12 11 11 13 12 14 20 29 9 37 26 37 26 84 38 45 121 62 81 96 128 171 190 234 189 207 254 259 288 342 336 336 389 355 379 396 389 353 386 432 440 432 416 424 422 437
257 240 234 212 207 191 182 220 170 144 162 148 121 100 101 114 97 110 69 80 95 64 63 57 75 40 46 42 35 27 38 22 24 21 14 19 26 14 23 14 19 11 13 10 14 10 19 16 13 11 13 17 9 13 15 12 10 11 10 10 19 9 24 37 24 12 13 28 32 89 106 112 133 164 110 122 223 216 169 264 216 265 279 313 311 319 355 363 362 379 389 406 406 431 402 429 439 438 430 438
255 269 239 249 203 190 228 162 176 164 161 123 135 96 130 109 111 85 80 84 76 66 72 54 48 67 21 34 26 32 39 45 28 21 13 12 30 17 12 18 19 15 15 14 14 9 10 16 10 8 14 9 13 13 14 17 13 11 13 10 14 17 23 24 21 39 27 31 34 48 66 73 76 152 179 161 213 225 249 224 325 301 284 304 310 304 365 380 406 397 414 403 423 414 431 423 423 441 441 439
273 259 255 198 234 172 176 177 212 121 209 154 141 114 140 131 143 117 74 91 60 99 70 67 66 44 50 33 37 38 36 30 22 21 24 12 30 17 17 9 12 11 12 11 12 9 10 9 13 10 17 12 13 11 10 10 10 10 11 8 22 26 16 17 45 52 26 23 46 71 61 112 123 112 145 197 171 201 209 183 274 226 327 311 290 347 389 336 360 377 411 382 434 421 433 422 439 440 441 441
235 240 241 221 210 207 179 156 194 180 167 158 128 130 128 98 127 111 114 76 59 73 81 43 80 43 40 44 37 27 35 42 45 31 40 9 21 23 12 18 15 9 12 13 10 11 18 11 13 15 12 14 11 13 11 12 9 13 19 10 19 31 9 28 25 30 32 30 61 69 104 101 158 206 150 178 152 252 193 270 266 301 300 283 348 335 371 391 328 377 389 432 415 394 414 443 434 432 433 436
262 235 230 234 227 244 218 158 186 180 148 138 157 123 125 127 132 104 107 87 78 109 110 62 58 81 30 38 49 41 43 26 43 33 18 20 13 26 18 30 12 19 11 13 12 13 13 10 14 14 17 12 11 9 9 12 12 19 10 13 17 26 9 19 45 46 51 41 44 39 94 129 114 139 146 144 202 220 208 241 225 339 331 306 284 359 372 331 403 395 385 417 388 430 421 430 441 441 424 423
272 260 236 249 237 231 152 209 178 185 168 134 142 145 139 101 116 108 96 77 80 91 68 47 80 50 48 57 50 40 37 37 21 23 35 31 18 24 16 10 15 16 13 10 11 15 16 15 16 13 15 12 15 15 9 12 14 11 12 17 14 32 20 22 36 18 34 19 42 98 103 107 136 134 101 210 150 198 184 258 253 283 317 315 269 302 336 380 375 399 373 388 393 370 419 424 411 432 428 436
250 228 233 251 200 229 193 226 168 162 164 157 147 163 125 142 96 123 127 77 102 72 53 93 61 63 53 59 56 28 41 35 39 22 25 19 11 20 27 15 16 9 14 13 14 11 11 17 16 14 8 17 12 17 8 13 12 11 13 20 11 18 16 35 27 22 58 29 73 73 110 107 103 112 142 214 244 223 250 248 298 307 303 303 321 321 408 385 351 390 362 413 422 409 389 428 429 421 441 436
250 256 253 230 242 191 207 194 194 181 191 162 137 165 132 126 150 75 119 123 88 79 116 89 76 89 50 37 43 29 43 48 53 30 19 29 23 14 17 16 11 12 14 13 15 11 10 8 17 9 11 11 14 11 19 12 12 11 18 18 16 14 9 29 28 46 54 44 67 48 81 99 148 141 185 122 184 281 276 228 259 317 234 346 372 370 320 337 401 390 399 387 405 432 431 431 412 440 440 439
263 259 265 256 216 233 244 227 201 189 162 185 168 139 147 96 134 110 91 87 78 87 72 61 86 58 52 51 63 47 27 39 20 29 32 26 19 13 16 29 15 9 7 13 16 12 12 10 11 13 13 12 11 12 12 14 9 16 11 28 32 14 15 14 22 30 25 41 62 69 121 114 126 140 146 166 198 246 214 247 218 345 287 337 315 335 348 355 378 391 415 398 412 430 406 421 439 432 439 441
262 260 243 274 234 209 214 211 186 246 187 195 187 155 114 111 120 143 114 77 111 91 100 73 90 50 38 32 48 37 31 46 40 15 17 28 26 11 19 30 14 14 11 14 15 11 15 12 13 15 14 14 11 14 14 12 11 7 11 13 17 37 18 23 32 18 21 37 28 55 93 94 129 116 141 131 232 226 244 181 287 309 268 308 311 337 347 417 388 405 416 385 421 415 437 433 440 438 434 430
298 260 273 250 260 262 213 239 208 164 212 157 190 143 155 132 99 114 109 130 106 116 80 61 92 72 65 36 42 51 47 27 39 21 15 21 14 27 27 19 19 20 17 22 8 16 19 11 12 16 22 12 10 16 14 11 11 11 20 11 30 13 10 14 22 42 47 47 65 90 76 138 129 151 222 136 158 204 227 191 226 254 310 289 343 325 356 366 388 388 392 418 414 430 424 429 430 443 440 439
275 281 257 275 245 233 230 191 190 197 177 202 143 190 154 139 102 88 125 98 86 119 88 89 59 89 74 75 65 44 40 50 41 34 25 19 40 20 29 21 16 12 15 15 12 13 13 17 16 14 13 18 18 11 12 15 11 9 15 15 19 9 20 10 37 32 45 51 62 81 108 75 109 179 139 226 234 199 250 237 266 302 310 335 350 328 350 370 387 404 406 390 408 416 415 420 442 433 422 432
288 241 283 265 245 256 239 207 230 219 188 212 185 178 154 138 144 92 81 114 127 103 98 80 80 100 54 73 41 64 36 42 29 32 29 31 20 25 29 10 14 17 13 12 9 14 11 12 12 19 8 13 15 13 14 11 9 10 14 10 28 11 48 26 42 41 79 16 80 95 97 84 164 109 140 181 193 243 281 282 265 313 242 353 359 317 343 369 387 355 411 424 414 430 428 429 439 440 430 433
288 282 267 271 258 203 235 231 243 184 202 184 195 142 127 151 112 79 104 91 106 83 56 60 66 55 84 70 50 47 67 62 38 44 28 20 20 28 18 10 14 16 13 14 18 8 20 17 13 17 17 13 14 13 17 10 10 9 8 15 11 13 22 31 31 42 27 77 18 91 88 98 139 156 231 235 191 237 251 233 318 321 270 330 351 354 355 348 387 404 425 421 423 438 407 440 437 438 441 435
295 254 261 258 260 257 238 230 241 213 168 167 179 170 160 139 173 127 109 142 118 112 73 92 99 116 66 41 59 50 36 65 40 36 26 20 53 25 19 26 21 21 18 14 16 17 10 14 11 14 12 9 10 16 9 10 10 16 11 14 25 20 30 48 17 45 44 52 64 91 149 138 178 177 198 187 202 196 284 188 236 318 275 330 353 385 374 424 378 383 412 412 414 438 422 406 424 422 432 440
289 283 268 285 237 234 255 202 216 242 221 193 209 167 176 154 151 176 160 116 119 129 74 79 76 98 108 89 85 73 31 31 34 21 21 38 26 11 28 28 32 16 13 13 14 16 9 12 11 14 13 21 12 14 17 10 13 17 11 11 30 13 25 24 54 67 20 39 69 71 87 156 175 198 154 226 245 222 193 285 323 332 322 340 348 354 335 393 416 397 413 420 422 441 435 431 439 431 431 440
314 270 255 258 271 265 235 235 227 209 232 207 177 175 179 150 151 151 154 149 114 100 102 105 101 78 86 54 91 51 42 32 56 29 35 33 32 12 32 12 18 28 17 15 20 22 11 12 16 18 13 14 15 15 10 10 15 23 10 17 31 22 38 40 27 48 85 74 50 99 88 107 159 138 173 219 198 207 268 285 283 302 376 334 338 375 377 377 404 400 406 410 422 428 430 413 439 431 430 440
295 286 279 273 237 253 276 204 212 241 212 188 222 182 155 172 156 130 132 131 104 135 104 95 69 101 87 67 62 58 59 59 48 31 38 21 31 22 33 15 27 28 25 12 17 18 24 12 23 10 15 19 12 12 13 12 12 12 23 14 12 48 37 25 49 34 57 58 52 95 73 118 163 135 169 205 195 160 227 275 258 344 266 313 315 392 346 373 381 390 420 378 403 431 424 420 441 431 430 439
275 289 292 267 271 286 242 260 251 206 238 193 205 172 178 173 162 178 131 73 111 76 94 79 108 93 53 98 48 73 48 64 85 39 31 24 34 17 28 21 29 11 12 17 22 13 14 11 13 11 16 11 13 19 15 11 23 18 12 34 20 17 46 25 28 68 71 62 51 75 132 138 182 154 183 196 177 248 276 250 337 351 332 358 366 319 369 385 379 401 412 416 423 404 422 440 437 430 440 437
293 269 313 294 258 263 244 257 244 269 212 187 204 189 179 178 127 137 189 167 140 111 117 108 72 94 104 57 76 100 57 38 52 47 45 24 23 38 18 24 34 24 21 15 12 18 16 12 19 22 14 17 12 9 14 9 9 8 21 20 38 16 39 48 59 56 51 69 79 67 79 117 118 213 226 213 199 199 277 252 311 304 349 369 386 387 378 378 402 415 423 388 423 437 439 423 440 436 438 439
290 310 278 303 260 268 266 237 247 234 244 216 214 207 167 181 203 144 141 129 133 101 115 119 117 46 78 93 81 74 52 65 66 38 53 47 44 38 21 25 17 20 25 18 13 14 16 31 15 14 15 18 11 13 13 19 17 14 13 27 34 27 38 14 54 63 46 72 39 82 103 133 172 158 151 166 197 220 284 324 350 324 346 338 361 362 405 376 415 420 412 440 426 424 432 432 439 436 440 439
315 266 305 287 268 271 269 270 256 222 197 166 178 180 191 166 188 139 169 157 177 137 93 137 113 89 78 95 86 71 50 49 72 44 55 48 51 35 25 26 32 22 39 13 15 19 21 17 19 15 11 21 17 19 11 12 11 20 20 34 32 30 48 50 50 52 92 70 54 120 148 183 164 186 180 228 215 264 297 224 303 398 333 315 361 374 384 410 409 430 411 422 431 438 422 426 431 442 439 442
312 289 289 286 274 285 280 235 281 240 230 230 246 187 177 208 182 166 134 127 140 117 106 124 112 60 78 72 89 71 69 65 62 54 56 52 37 12 34 34 38 20 15 13 23 20 28 12 20 20 17 16 17 24 16 24 15 17 14 18 22 44 31 45 46 69 84 73 115 133 182 143 119 163 150 225 287 264 293 282 222 344 338 324 361 341 425 422 411 419 421 425 437 413 430 430 433 440 441 442
