22 22 22 23 24 29 23 25 27 27 29 29 29 33 30 33 29 31 31 34 34 35 39 38 42 40 39 39 44 46 43 47 43 45 43 44 47 47 48 47 46 47 47 48 47 49 46 47 48 48 46 47 46 47 47 48 49 49 50 48 47 48 46 46 45 40 42 45 48 46 39 37 40 34 28 32 27 26 23 26 17 19 19 19 17 15 13 14 14 12 9 10 6 8 8 5 7 5 5 4
20 23 20 23 19 21 24 25 25 28 33 28 27 32 34 29 35 36 40 37 43 35 43 38 37 40 45 43 45 40 41 44 46 46 48 46 47 46 47 48 49 47 46 46 47 49 46 47 47 48 46 50 47 47 48 49 47 49 48 48 46 48 45 48 48 46 48 43 42 42 41 31 37 34 35 33 29 33 25 22 22 18 17 20 18 15 13 11 10 10 7 8 8 9 6 9 7 6 5 5
22 24 21 24 27 25 26 25 26 30 27 28 25 30 32 33 34 34 36 37 41 37 40 43 40 43 43 41 45 41 43 46 45 44 45 47 47 47 45 48 45 48 47 47 47 47 48 45 45 48 46 48 47 47 49 47 47 49 47 45 47 49 48 47 46 45 44 44 43 43 41 39 34 32 38 24 34 29 22 23 23 19 17 16 14 13 11 20 11 8 11 7 11 9 7 9 6 6 6 5
24 19 20 21 22 27 25 28 25 30 33 31 30 30 30 39 34 38 37 39 33 41 40 40 41 40 39 42 45 39 45 44 43 46 44 45 46 44 48 46 47 46 47 48 48 46 48 47 49 50 47 47 49 47 50 49 48 47 48 47 46 49 45 47 44 43 46 42 42 43 40 41 43 27 29 33 26 27 20 20 26 22 16 18 20 16 14 12 13 9 9 9 6 4 8 8 7 6 8 6
23 24 20 25 25 23 22 24 30 27 28 24 30 34 33 34 33 34 35 36 32 36 39 41 42 40 42 44 42 42 43 40 48 43 44 44 45 48 46 47 48 48 49 48 47 49 47 46 46 50 48 45 47 48 48 48 47 47 46 47 49 50 45 44 48 44 41 44 41 36 40 43 29 35 34 23 34 31 26 23 23 24 23 21 14 17 13 11 13 10 9 7 6 7 6 5 7 6 7 6
24 20 26 19 26 22 28 26 29 25 25 25 31 27 33 33 35 31 38 37 37 39 38 40 40 41 41 45 43 45 42 44 42 44 46 46 47 44 44 49 45 47 47 48 49 46 47 47 48 48 48 44 47 49 46 47 47 48 46 44 49 46 46 47 46 43 44 44 41 40 36 41 30 36 33 30 26 29 25 19 23 18 16 14 14 17 13 12 9 14 7 8 9 8 7 6 5 5 4 5
20 23 20 20 22 23 25 26 23 26 26 30 37 31 34 33 36 35 36 35 39 40 39 43 39 40 42 42 44 42 44 45 48 47 46 47 45 47 45 49 48 48 47 48 45 47 46 47 47 47 48 47 47 47 48 47 47 49 48 48 46 45 48 45 44 45 43 44 41 42 47 34 34 27 28 29 32 29 27 24 25 23 15 18 16 16 13 13 9 9 8 9 6 10 8 6 5 7 4 4
17 19 18 22 23 20 24 28 29 35 31 30 35 29 37 33 35 36 38 29 31 37 34 40 37 42 39 37 42 43 43 43 46 43 46 45 45 43 46 48 46 49 48 48 47 48 46 48 46 48 45 50 49 48 48 48 46 48 47 47 47 48 45 46 47 41 44 46 42 44 38 36 33 35 32 26 29 28 28 24 21 18 20 12 16 18 13 14 13 11 6 7 7 6 6 8 6 6 4 8
22 17 24 23 19 22 23 22 24 29 30 29 30 29 33 32 32 36 36 37 36 36 38 36 36 37 41 39 43 43 41 43 46 46 46 46 46 47 45 47 46 48 48 48 47 47 48 48 49 48 49 47 48 48 47 47 48 48 49 47 47 47 48 46 46 46 45 43 43 42 45 38 32 30 31 29 28 22 25 29 22 16 24 14 18 14 12 14 11 10 8 9 10 11 6 9 7 5 5 6
21 21 23 20 20 24 23 21 27 26 28 31 26 27 35 36 30 33 32 33 33 35 41 38 42 40 43 40 43 44 47 42 48 43 47 47 50 46 44 47 46 48 46 46 50 46 46 48 49 48 49 47 48 49 47 49 47 49 47 49 47 49 47 47 43 45 47 40 42 40 42 38 31 38 32 28 32 24 26 24 17 23 25 17 15 19 11 10 8 9 13 9 9 6 7 7 6 6 5 5
19 22 22 23 26 22 26 26 23 29 28 29 28 33 38 36 32 32 35 34 34 35 43 39 42 38 41 41 43 42 39 44 43 46 48 46 48 45 47 46 48 47 48 45 46 47 45 49 49 47 46 47 46 48 47 48 49 48 49 47 48 47 47 46 44 43 42 44 47 40 37 36 37 35 32 33 27 31 28 21 24 20 17 20 14 11 13 12 11 10 10 11 6 6 8 7 8 6 5 6
21 20 23 27 23 24 20 24 27 29 29 34 33 26 32 33 33 32 35 36 37 37 38 39 42 43 38 41 42 45 42 42 45 41 44 45 47 44 45 50 47 45 45 48 46 49 47 48 48 47 50 49 46 44 47 47 47 52 46 48 47 46 45 43 46 44 44 45 43 40 36 37 33 32 34 29 27 19 24 27 24 22 20 18 22 17 17 11 13 11 7 12 6 9 6 7 6 7 6 7
22 20 26 23 25 21 23 24 30 27 23 30 31 30 30 32 30 32 37 34 38 40 38 39 37 39 40 42 45 43 43 46 46 46 44 48 45 44 46 48 48 50 46 47 49 48 47 48 47 46 48 48 47 49 49 48 47 47 47 46 45 46 45 46 42 43 43 42 46 37 37 37 36 33 33 30 30 27 29 25 20 17 18 16 11 15 11 10 10 10 7 7 7 9 6 6 6 5 6 4
22 23 23 22 23 21 23 28 24 28 27 33 32 29 30 26 35 34 33 32 40 37 37 38 37 41 45 44 39 45 43 43 43 46 44 45 47 43 47 46 45 47 48 47 46 48 47 47 47 47 45 47 46 47 49 45 47 43 46 47 45 45 44 44 45 43 46 44 45 40 36 36 32 31 29 29 24 26 23 24 22 15 21 21 17 15 14 12 13 10 11 8 6 8 6 8 5 7 7 5
16 19 21 22 29 23 25 24 29 31 27 29 26 32 33 31 31 39 34 38 36 39 37 36 41 40 42 43 41 46 41 43 44 47 43 46 45 44 44 46 48 47 46 46 48 47 44 47 48 45 45 48 49 47 47 49 48 46 44 45 47 45 42 49 45 44 43 45 48 40 40 40 33 39 25 30 33 25 29 18 19 22 20 18 17 11 11 10 10 8 11 8 10 7 6 8 6 5 5 5
22 21 22 22 22 23 22 22 27 30 25 30 26 30 27 30 30 38 35 35 31 39 35 37 44 39 41 39 47 44 43 44 45 42 47 48 48 45 47 47 47 45 44 48 47 47 48 48 48 47 46 48 48 47 47 48 46 49 45 47 48 46 45 47 46 43 45 44 42 38 39 41 38 34 36 27 26 30 27 25 27 19 16 20 12 16 16 12 15 11 8 11 7 6 4 7 5 5 5 5
18 19 24 18 22 27 23 28 27 26 27 32 25 32 30 32 37 34 33 32 38 37 40 40 43 41 39 39 42 42 41 44 42 45 46 46 45 44 48 46 47 47 45 45 45 50 49 48 48 50 47 47 50 46 49 48 50 49 48 49 45 48 47 46 47 45 40 43 41 41 39 39 34 33 30 31 22 22 26 24 27 24 21 13 13 14 13 10 12 9 10 7 8 8 8 6 7 5 6 5
19 22 23 20 24 26 27 25 31 30 30 29 35 33 34 30 34 33 35 35 33 41 36 37 38 38 41 41 43 40 46 42 44 46 45 44 45 46 49 49 46 47 44 47 48 48 46 47 50 46 46 47 47 49 46 48 46 48 46 46 44 49 45 46 42 45 45 44 43 38 38 34 37 34 30 30 31 22 25 24 18 15 16 11 21 9 12 17 15 8 6 8 9 7 6 6 6 5 7 5
21 22 23 23 23 27 20 29 26 24 31 30 33 31 30 32 35 35 33 34 33 36 32 44 41 40 40 41 39 41 42 38 45 45 48 43 46 47 46 47 44 45 47 47 48 48 46 47 47 48 45 48 46 47 48 48 46 49 46 48 46 47 45 44 45 44 46 41 44 43 39 41 31 32 34 32 28 25 26 28 19 22 19 21 11 11 11 14 11 6 7 8 7 7 7 5 7 7 6 6
19 22 25 25 23 25 23 27 28 24 26 31 29 29 31 35 36 38 36 38 38 36 40 40 46 41 40 42 44 44 46 44 41 46 46 44 48 43 49 46 47 48 49 45 47 45 48 46 48 49 48 47 48 48 47 46 48 47 48 48 45 47 47 44 48 44 45 42 47 44 38 40 36 28 30 34 31 26 24 23 22 19 18 15 20 13 15 10 11 11 9 10 8 8 6 6 6 8 6 4
23 20 22 22 25 22 23 22 28 26 31 30 28 33 31 31 35 35 35 33 35 40 40 38 44 40 43 39 41 41 44 42 45 45 43 45 43 45 45 48 47 47 48 45 48 47 48 48 46 46 46 48 47 48 48 46 46 46 45 48 48 46 44 47 42 45 44 46 43 41 37 37 36 27 30 29 29 27 25 21 19 17 18 14 15 13 10 13 10 10 7 10 8 6 6 9 7 6 5 6
18 22 23 20 22 21 22 26 22 26 26 24 26 28 34 32 31 35 31 33 32 37 42 45 39 40 39 42 44 42 42 42 42 44 46 43 46 47 45 45 47 45 46 47 46 46 46 48 48 47 48 47 47 47 47 48 48 47 49 48 46 46 48 43 44 39 41 44 39 38 40 39 36 33 26 34 27 23 26 22 25 18 16 18 17 18 15 12 9 10 8 10 8 7 7 5 5 6 5 6
21 19 21 25 20 24 24 23 24 28 29 29 30 33 33 28 33 37 34 38 36 37 38 38 43 39 40 46 41 44 44 44 41 45 45 46 45 45 46 45 47 46 49 44 48 47 48 48 47 48 48 45 47 47 48 46 46 46 48 46 47 48 46 45 42 45 43 42 37 39 42 42 36 36 30 30 27 31 24 18 28 22 21 16 19 14 13 12 9 7 14 8 8 6 8 5 8 8 5 5
19 20 21 21 22 26 22 23 28 29 32 25 26 30 28 30 32 37 33 33 34 32 44 39 40 36 39 40 43 41 43 47 44 43 45 44 47 45 46 46 47 46 46 48 45 46 46 47 47 49 48 47 48 49 47 47 50 48 46 47 47 47 47 43 45 44 44 38 40 41 39 36 34 33 33 30 21 22 24 27 23 20 20 15 19 13 13 9 12 8 10 9 9 6 6 9 6 6 6 5
19 20 19 19 24 27 25 26 22 25 27 29 30 30 31 32 30 40 32 33 32 35 36 38 40 38 39 40 41 44 41 44 48 45 48 45 45 45 47 48 46 47 48 45 47 47 47 48 48 46 47 48 46 47 48 49 45 48 48 47 47 47 45 45 46 48 44 44 48 42 39 39 36 36 33 27 30 20 24 30 19 17 24 18 12 15 15 10 13 9 11 12 8 5 7 6 5 5 5 6
22 20 24 26 22 21 26 25 27 25 25 30 30 31 29 34 36 34 37 33 38 37 36 33 35 37 39 41 43 42 41 40 44 44 42 43 44 44 46 48 44 46 48 47 47 46 46 49 46 47 46 47 48 50 47 48 48 48 47 47 47 46 48 45 43 46 46 44 44 40 37 41 37 35 30 33 27 24 25 20 21 20 19 17 22 15 11 11 10 9 10 9 7 7 10 7 5 6 5 5
19 24 20 21 22 24 24 24 27 25 27 26 34 28 31 28 31 36 33 32 38 39 35 37 40 34 43 38 41 45 42 43 43 48 43 47 44 43 46 46 48 47 44 46 47 47 47 48 50 46 48 49 47 50 47 48 47 47 47 48 47 48 46 48 46 45 46 43 43 37 41 37 35 32 35 27 29 29 26 25 20 23 21 15 11 12 16 10 10 13 9 8 7 6 6 6 6 6 6 4
18 20 22 20 23 19 23 28 25 24 27 32 26 31 24 31 33 34 34 39 37 38 36 39 38 40 42 40 39 41 41 44 44 44 44 45 45 43 44 47 46 46 47 47 48 49 49 47 48 49 47 46 44 46 48 45 47 47 49 47 45 46 44 44 46 46 44 45 39 40 44 38 37 31 29 29 34 20 28 21 25 19 25 17 17 12 13 14 14 10 8 8 9 8 8 6 6 6 6 5
19 21 23 22 19 24 22 22 21 28 28 31 28 30 30 30 36 34 29 35 40 39 35 39 40 40 43 42 43 43 40 45 44 43 42 48 46 45 50 44 45 46 46 49 46 47 50 49 46 48 50 49 49 48 44 48 45 48 47 45 47 45 47 47 46 47 41 40 42 41 33 39 39 36 35 26 30 26 24 24 21 23 13 13 14 13 13 13 10 14 11 8 8 8 6 7 7 4 5 6
14 20 23 19 23 23 28 27 27 25 27 27 32 32 32 28 32 37 35 34 36 38 38 35 37 43 40 38 43 42 43 43 45 45 43 44 46 46 42 47 46 44 47 46 50 46 45 47 46 45 47 50 46 47 47 47 46 47 46 46 48 47 42 45 47 48 41 45 40 37 38 42 33 31 31 29 24 32 22 22 27 18 17 20 14 7 13 11 11 11 11 7 6 7 5 6 6 6 5 7
20 23 16 23 18 26 28 26 23 23 24 24 28 31 31 33 29 34 35 29 37 35 38 37 42 41 39 44 45 45 44 41 41 43 44 46 46 49 46 47 47 46 48 49 47 48 45 46 48 46 49 48 49 46 49 46 48 45 48 45 47 49 47 45 46 47 45 40 41 42 37 35 35 32 30 29 30 27 28 23 23 24 21 16 15 16 12 9 10 9 8 10 7 10 4 5 7 5 5 5
19 20 21 25 18 22 23 20 28 25 27 26 33 28 31 30 35 30 33 34 35 39 36 43 39 39 41 39 36 43 39 47 46 44 45 46 46 48 45 46 49 47 44 47 47 47 46 45 47 48 51 49 46 45 47 45 45 46 45 47 47 47 47 46 46 47 43 43 43 44 41 34 37 35 28 33 22 26 24 21 18 16 13 15 14 16 14 13 8 7 8 8 9 5 6 6 7 7 5 6
19 20 20 20 22 25 24 24 23 27 26 28 30 30 32 31 33 33 32 38 38 37 33 35 36 40 43 37 40 39 40 37 44 44 42 45 48 44 46 47 46 47 46 46 47 44 47 48 47 47 48 48 46 47 47 49 47 46 49 46 47 46 46 45 45 42 46 46 44 39 42 35 37 36 30 30 29 30 24 20 19 17 17 13 15 13 15 10 8 17 8 11 10 5 7 6 7 6 5 5
20 21 20 23 22 25 24 22 22 27 27 27 27 30 30 29 31 36 29 33 37 40 38 40 38 37 42 40 40 43 41 40 43 43 44 39 48 47 47 46 47 47 46 45 45 46 47 47 47 48 48 47 47 46 48 47 46 49 48 48 45 47 46 45 44 39 44 46 45 39 38 40 35 30 29 28 26 24 26 24 19 18 17 14 14 16 11 10 9 9 8 8 12 7 8 7 5 4 6 5
18 21 21 21 25 26 27 25 25 23 25 29 30 32 34 28 28 36 38 37 32 37 40 38 42 42 36 39 41 41 43 42 43 44 44 47 47 46 46 48 47 48 45 45 46 48 47 47 46 47 47 44 46 48 48 49 47 44 46 43 46 47 45 48 44 47 43 46 46 38 37 39 32 33 26 27 28 24 28 23 21 13 17 16 12 11 16 15 10 7 10 8 9 7 6 7 6 6 5 7
18 20 19 23 22 24 22 25 27 24 28 30 30 28 26 34 34 34 36 29 34 38 36 39 39 42 41 41 43 43 42 39 44 44 47 48 47 44 46 44 46 47 46 48 48 47 50 48 46 47 48 47 49 46 49 47 47 46 47 48 45 46 46 46 46 43 43 42 42 39 39 30 30 32 29 29 31 30 24 21 19 17 18 18 18 14 16 18 14 10 8 10 10 7 8 9 5 6 5 6
19 21 25 23 23 25 26 25 25 29 26 30 30 28 28 33 31 34 35 35 34 41 40 39 39 40 35 37 40 38 43 45 45 45 43 45 46 43 46 44 48 47 49 48 47 47 47 48 48 48 47 46 46 46 46 48 47 46 46 47 45 47 48 49 45 44 41 44 39 39 37 33 32 34 31 29 29 26 24 21 24 18 17 16 15 17 8 9 11 11 9 5 10 6 8 5 5 6 4 5
21 21 19 18 20 21 27 22 22 23 29 28 29 32 35 34 34 34 33 33 31 33 35 40 39 40 38 40 38 44 45 39 42 43 45 44 45 47 45 46 45 46 47 46 46 45 47 46 47 47 49 47 46 45 46 45 47 49 44 46 49 43 46 47 42 42 42 41 43 43 43 39 32 32 30 25 34 25 27 24 26 20 16 19 18 18 13 12 9 10 12 8 7 11 7 6 5 6 6 5
22 18 21 19 21 24 25 24 25 24 25 27 32 28 32 34 31 30 36 33 37 37 35 35 42 34 40 40 39 40 44 42 46 40 45 45 46 45 48 47 49 46 45 47 49 46 49 46 47 46 48 47 48 46 47 47 47 49 48 48 48 44 46 44 44 45 44 41 41 43 42 38 34 30 31 30 34 30 24 24 23 21 17 18 16 12 9 14 10 10 9 10 10 7 8 7 6 6 5 7
18 20 21 19 17 23 22 28 24 25 24 29 23 27 30 26 33 32 32 35 31 33 34 39 38 41 40 44 39 42 42 42 42 42 44 43 44 44 46 46 44 46 47 45 46 48 46 48 47 47 48 46 50 48 46 48 48 46 47 43 47 42 47 44 47 42 42 44 40 37 40 37 36 37 27 25 29 28 30 22 21 20 20 14 15 13 7 8 10 7 10 9 7 7 7 9 6 5 5 5
19 23 17 21 21 22 25 23 27 25 25 27 29 25 28 32 27 33 32 31 32 39 28 39 39 35 42 37 41 37 42 40 46 46 44 46 46 45 47 47 45 47 45 47 48 47 46 47 47 48 48 48 46 47 47 47 47 47 45 47 46 46 47 44 45 40 46 44 39 40 34 40 39 40 29 27 25 29 29 18 30 17 22 11 14 12 16 16 10 8 10 12 8 8 7 7 6 6 7 6
20 18 22 20 25 20 27 24 22 26 26 29 27 30 29 25 32 32 28 31 28 34 38 37 35 38 39 40 45 43 41 43 43 46 42 43 43 48 45 46 47 45 48 45 46 45 47 47 47 47 47 47 46 49 47 47 48 46 46 44 49 46 46 49 45 44 44 41 41 39 40 39 34 36 31 29 28 22 26 22 20 17 21 17 12 12 12 9 9 12 9 14 5 8 6 6 6 5 6 6
19 23 20 25 19 22 18 22 23 25 25 27 28 27 33 29 31 33 35 38 37 37 32 38 39 34 35 44 42 39 43 42 45 44 45 43 46 45 46 44 47 44 44 46 47 46 45 47 46 47 47 46 46 47 46 47 46 46 47 47 46 47 45 47 44 42 46 42 42 41 37 37 36 26 36 33 25 23 26 21 23 20 21 18 18 18 15 11 10 7 11 8 8 7 6 7 7 5 6 6
21 20 21 19 23 26 23 24 27 25 30 25 27 27 27 27 34 31 26 36 34 34 36 41 36 41 40 38 42 42 39 43 43 41 45 47 45 44 44 47 47 48 46 49 45 45 49 47 47 46 48 47 47 48 47 48 45 46 48 46 47 46 45 46 45 46 42 41 42 39 35 37 27 33 32 32 27 25 31 26 25 20 21 17 13 9 10 12 10 11 10 6 8 6 9 5 9 5 6 5
17 21 17 19 25 22 22 23 29 30 26 28 27 31 34 31 31 32 32 36 35 33 38 40 35 41 41 39 36 44 42 44 44 46 45 44 44 44 44 45 46 47 46 46 47 47 47 47 48 47 46 46 49 46 48 47 48 46 47 46 47 44 40 44 44 42 44 44 45 38 39 38 35 36 33 29 31 26 22 25 17 15 13 12 14 16 14 14 10 6 10 9 7 6 8 6 5 5 6 5
18 21 22 24 25 21 28 22 22 30 25 27 29 32 31 30 28 30 36 34 32 35 35 40 38 40 41 43 40 40 41 41 44 43 42 42 46 45 44 45 47 44 47 48 46 46 47 48 48 48 46 46 47 47 47 46 46 47 48 47 48 46 43 47 43 43 44 42 42 39 34 36 35 32 33 26 27 28 31 24 24 17 14 16 11 13 14 10 12 11 6 5 9 8 9 6 6 5 4 7
20 19 22 24 20 24 21 21 22 27 27 25 33 32 32 30 29 34 34 34 33 34 35 37 37 41 41 40 39 41 44 42 46 45 42 42 43 47 44 47 44 48 47 45 46 46 48 48 45 46 47 48 45 45 47 47 46 45 49 46 48 48 42 42 43 42 40 39 43 34 37 37 34 34 27 31 30 28 26 18 24 16 19 15 17 17 10 17 5 12 11 10 9 5 6 7 7 6 5 5
19 20 21 19 20 20 22 24 22 27 28 30 29 29 29 30 29 31 32 34 33 31 35 40 36 38 40 43 40 40 41 39 42 41 43 46 43 42 46 45 49 47 47 47 46 47 46 49 46 48 47 46 46 45 48 47 48 47 46 47 46 43 46 46 45 40 43 42 41 42 41 36 38 31 30 26 30 27 20 26 22 22 18 20 15 11 10 9 7 9 8 7 10 9 6 5 5 6 5 5
19 21 23 22 24 21 21 25 25 26 25 27 28 32 34 31 31 33 31 33 32 40 41 33 36 44 36 41 40 39 38 43 44 46 43 44 45 47 47 46 44 45 47 47 48 47 46 46 47 47 48 47 48 47 48 44 47 49 46 44 46 44 46 44 48 44 41 43 42 43 38 41 33 35 29 29 26 27 24 22 23 17 21 15 21 15 14 13 13 8 7 7 8 7 6 5 4 4 5 5
19 20 19 21 23 24 23 18 22 28 25 24 29 28 27 28 33 32 31 32 31 33 38 36 37 35 38 39 39 41 43 42 42 45 43 45 44 43 44 47 44 44 46 48 46 48 45 47 48 45 49 48 45 47 46 46 49 47 48 47 46 47 48 49 43 40 38 36 41 42 35 35 36 32 28 21 29 28 25 24 24 19 13 22 16 12 12 8 10 9 9 7 8 8 6 5 5 6 4 6
20 21 23 25 20 25 21 22 24 23 27 28 28 25 28 28 32 31 32 32 32 34 40 38 37 39 40 37 40 41 43 42 44 42 44 44 45 46 45 45 47 47 49 45 47 45 47 48 43 46 50 48 45 46 46 47 46 47 48 46 45 43 46 49 43 43 43 44 40 38 42 33 29 30 29 29 23 22 22 19 26 17 17 23 15 12 12 14 10 8 9 10 7 8 7 7 6 5 5 4
18 19 20 22 17 22 19 23 28 27 27 24 28 28 27 31 29 29 32 36 35 37 29 37 40 35 40 41 42 41 39 43 41 39 43 44 45 41 46 44 45 45 41 46 46 45 46 45 48 45 47 48 47 46 47 49 46 46 47 48 47 46 48 45 46 40 42 43 41 45 36 35 37 29 24 30 31 29 26 16 23 17 20 14 15 13 13 13 12 12 7 7 7 6 6 8 6 7 6 5
20 19 19 18 18 21 24 24 25 27 27 28 29 31 26 28 33 35 33 33 36 33 36 35 39 39 37 40 44 44 41 41 41 44 43 44 44 45 42 44 47 44 44 47 47 46 47 47 47 47 47 48 46 48 48 47 48 44 47 46 46 46 48 43 42 43 44 42 41 40 38 36 36 28 26 20 24 25 21 20 24 21 17 16 15 10 11 10 10 10 5 7 7 8 8 6 6 6 5 4
20 18 20 22 22 20 21 22 23 28 26 29 26 31 30 31 34 28 38 31 35 34 38 35 37 42 42 36 37 40 34 45 40 42 42 45 41 46 45 45 46 41 43 45 46 47 46 46 48 45 47 45 48 46 49 47 49 46 49 46 47 46 40 43 45 46 45 44 43 43 36 42 39 36 31 27 28 28 24 24 21 22 16 18 13 13 14 12 8 13 7 11 9 5 8 6 8 6 6 7
18 21 19 19 21 22 20 25 23 24 26 25 24 28 36 29 27 30 33 34 37 35 38 36 33 37 36 37 41 41 41 44 43 43 42 45 44 47 45 46 47 47 47 48 46 47 45 45 46 46 45 47 47 46 46 48 48 47 43 46 45 47 44 45 44 46 43 42 42 37 42 36 32 30 28 28 28 31 26 26 21 16 22 23 12 14 13 14 10 7 9 9 7 7 6 7 6 7 7 6
19 20 19 23 21 21 23 22 26 27 24 20 29 30 28 30 32 31 36 33 38 36 36 37 36 37 39 39 45 40 41 41 44 42 41 46 45 43 45 46 46 45 44 45 46 46 45 47 45 47 46 47 45 47 48 47 48 45 45 46 46 47 45 46 40 45 47 46 43 41 30 32 36 34 33 33 29 25 25 23 22 17 22 14 19 14 12 10 13 5 10 10 9 7 7 7 5 5 6 5
17 18 17 19 18 24 18 26 22 22 26 27 26 27 30 31 34 30 33 35 32 37 33 38 36 36 39 38 42 42 42 43 41 41 44 45 43 45 44 46 46 45 46 45 46 46 47 48 45 48 48 47 46 49 48 47 45 47 48 47 43 47 43 46 42 44 46 42 42 41 40 41 38 31 27 31 29 27 19 21 25 19 16 12 11 13 15 12 10 8 7 8 7 5 6 6 6 6 6 6
19 21 19 20 23 26 21 24 24 24 24 27 29 23 30 29 28 29 33 33 37 34 32 39 36 38 39 38 41 41 39 39 38 44 42 42 43 42 46 44 46 44 46 46 45 45 48 45 47 47 46 47 45 45 47 46 48 45 46 46 47 47 44 44 44 45 44 42 42 41 38 27 27 32 31 30 26 30 19 26 21 23 22 17 17 18 15 14 11 7 8 10 9 5 9 6 6 7 5 5
17 19 18 19 21 21 24 27 22 25 26 24 29 29 31 28 35 33 27 32 35 31 41 36 31 39 42 39 40 40 40 42 43 45 39 46 44 47 46 47 45 44 46 45 44 46 48 46 45 48 46 47 49 44 49 44 47 48 47 42 47 44 46 47 43 41 42 42 43 41 33 40 31 30 32 25 25 30 26 25 20 14 19 15 16 16 14 14 12 10 11 6 9 6 5 7 6 6 7 5
18 23 19 18 22 25 21 24 22 23 22 21 26 27 27 25 33 29 32 29 37 32 42 36 39 33 39 38 41 40 39 43 40 41 39 43 46 44 41 47 47 46 46 45 45 46 46 47 46 46 47 46 46 47 46 46 45 47 45 45 45 46 44 46 44 43 39 38 41 41 31 33 34 31 27 32 28 27 24 24 26 23 10 15 14 12 11 10 13 9 7 5 5 7 8 6 6 7 7 7
16 19 20 22 21 21 19 23 22 22 20 26 22 27 34 32 32 34 33 31 36 33 36 36 35 35 37 37 39 39 40 38 43 43 44 46 46 43 43 44 46 46 44 45 46 48 47 48 44 47 46 47 45 46 46 48 45 46 48 45 44 46 47 44 42 41 42 46 41 38 39 30 31 39 29 26 29 24 18 23 18 21 16 20 12 17 12 11 9 10 7 10 4 8 7 8 7 5 8 5
18 18 23 20 24 23 23 21 25 25 25 26 26 27 27 31 32 30 32 35 36 35 38 39 33 37 36 39 40 37 41 43 41 41 41 42 46 44 47 45 44 44 46 46 46 48 46 48 46 46 45 45 46 47 45 46 47 48 47 47 45 49 43 44 42 43 43 43 44 41 36 35 37 38 28 23 31 23 24 22 20 20 22 15 13 12 9 17 8 9 9 9 7 7 6 9 7 6 6 6
15 20 20 22 18 18 20 20 24 25 26 24 30 28 30 26 26 33 33 31 34 38 32 37 37 36 38 37 41 42 40 43 43 45 45 43 46 43 43 45 46 46 46 45 47 43 45 46 46 48 44 47 47 47 47 46 46 47 47 48 44 44 45 47 43 47 47 44 45 45 39 39 39 28 28 29 28 29 24 19 14 16 16 17 17 16 12 8 11 9 10 7 5 7 7 5 5 7 6 6
18 18 19 18 25 21 20 20 24 23 24 25 28 30 26 27 29 33 32 36 36 32 34 35 36 41 40 38 39 41 39 42 43 40 42 46 43 46 43 46 44 46 47 45 46 46 47 46 47 45 45 47 46 46 46 47 47 47 47 44 45 43 44 46 43 41 43 43 41 40 38 33 30 32 29 26 31 24 24 21 18 19 18 21 17 13 13 11 10 9 9 7 5 9 8 7 6 5 7 6
17 18 18 20 17 19 21 23 20 25 31 23 27 25 30 33 32 32 32 31 34 32 34 38 39 37 38 36 38 38 44 42 41 41 43 46 45 46 43 44 45 44 44 46 45 45 46 45 48 44 46 44 47 47 45 46 45 45 45 47 45 46 45 45 45 47 41 39 38 39 35 30 34 36 33 31 26 26 23 25 18 16 15 18 13 15 14 11 10 7 8 5 9 7 6 6 7 6 6 4
17 18 21 19 19 19 22 23 27 26 24 25 26 28 30 32 28 32 33 38 28 35 35 35 39 35 36 39 39 41 42 40 43 43 41 46 46 44 43 45 45 45 47 47 46 45 45 47 46 46 46 46 47 45 45 47 47 48 48 46 47 45 46 44 44 45 44 38 42 37 35 35 36 33 31 30 23 30 27 21 23 19 14 13 17 14 13 13 8 8 8 6 7 6 6 5 4 6 5 5
22 19 22 19 21 18 22 20 20 22 24 20 26 27 28 30 32 35 32 33 34 29 36 35 34 37 36 38 41 43 37 39 43 42 42 46 44 46 45 45 43 45 44 48 44 47 44 46 46 46 47 47 49 47 48 44 44 46 46 45 47 47 42 43 43 41 43 41 40 40 38 35 31 34 28 30 25 21 24 20 20 15 15 16 11 18 14 12 10 16 8 5 5 5 5 7 7 5 5 6
12 17 18 22 23 22 21 20 26 23 24 27 29 29 27 27 29 28 36 33 31 30 38 36 37 36 41 36 39 40 37 41 42 42 46 42 43 45 44 45 43 44 46 47 48 48 46 45 46 47 46 47 45 47 48 46 45 46 47 46 44 45 48 43 41 40 46 41 44 38 33 35 37 26 28 28 25 22 23 19 17 19 17 17 17 16 13 10 12 12 7 8 10 6 7 6 5 5 7 6
16 20 16 21 20 22 22 20 22 21 23 28 27 27 27 29 31 28 32 28 31 33 33 37 36 40 36 42 36 41 41 43 43 43 42 43 45 45 47 45 45 45 44 44 49 46 45 46 47 46 46 45 46 45 45 47 47 46 46 46 48 43 45 46 44 44 40 45 41 41 38 37 33 28 24 27 27 20 25 20 18 19 15 17 11 12 9 12 8 6 11 10 11 6 9 6 6 6 5 8
16 20 19 18 23 20 21 22 25 23 27 24 23 28 30 31 29 28 29 34 31 33 36 28 37 37 39 37 40 40 42 40 41 39 44 42 46 43 46 42 46 45 45 46 46 46 46 47 44 47 45 46 46 47 46 45 45 47 47 46 46 43 44 46 39 42 44 42 40 38 39 36 39 33 28 26 25 26 24 22 19 19 17 17 20 12 13 14 6 8 9 8 8 10 6 7 6 6 5 6
19 17 18 18 25 23 19 20 20 27 24 27 25 27 27 32 25 30 30 36 28 35 37 35 35 38 38 40 37 42 41 39 41 43 41 40 44 45 45 44 46 43 47 47 44 45 48 48 46 44 45 43 46 45 46 45 46 44 42 46 46 45 47 46 42 41 42 43 40 33 38 30 28 29 33 25 26 23 28 26 18 18 16 13 15 9 12 9 9 9 8 9 6 6 6 8 6 5 6 6
20 14 16 20 21 18 21 23 22 21 29 28 26 28 26 28 27 31 34 32 32 33 33 37 37 39 36 38 36 40 40 44 39 41 44 44 42 46 46 44 44 44 47 44 45 48 47 43 44 45 47 45 46 46 46 46 45 47 45 45 46 46 43 42 45 43 44 41 46 35 35 36 30 25 28 30 30 19 26 18 16 18 15 15 17 16 11 10 11 7 7 9 7 6 8 7 7 6 6 6
17 19 17 22 19 22 20 20 24 20 23 21 25 25 29 33 30 29 31 31 38 32 37 33 33 36 36 37 39 42 41 37 40 43 44 46 44 45 44 44 44 44 47 45 47 43 47 47 44 45 46 47 47 46 48 46 45 47 46 47 46 47 46 44 41 46 41 38 39 45 40 35 31 29 30 31 24 23 25 23 21 12 13 13 13 11 13 10 8 9 6 6 7 6 6 7 7 5 6 5
19 15 21 20 24 19 20 19 29 25 27 23 25 29 24 35 34 28 31 32 36 28 33 39 35 39 38 40 41 41 35 40 43 44 41 40 39 43 46 46 42 46 46 44 44 46 43 46 45 48 45 47 46 48 46 48 45 47 45 46 41 45 45 47 41 43 40 37 44 41 40 30 28 29 28 29 25 24 23 24 22 18 19 16 19 14 11 7 9 8 7 6 6 6 5 6 6 5 5 5
18 21 20 20 19 21 23 20 20 24 23 24 28 23 25 28 29 33 31 35 32 37 35 36 35 36 37 35 41 37 42 39 43 41 44 44 44 42 44 46 46 45 45 45 47 47 46 46 47 45 47 47 44 47 47 46 47 47 45 45 45 47 46 45 45 41 45 41 40 40 32 29 33 33 26 32 29 21 21 23 20 14 21 17 18 12 13 11 11 9 6 7 8 6 6 6 6 7 5 6
18 18 19 20 21 20 23 17 27 22 19 21 23 27 34 29 29 30 30 32 28 34 30 32 34 37 40 38 39 41 41 41 41 41 44 44 41 43 45 44 46 47 45 45 45 46 44 46 46 44 47 44 46 47 46 43 45 48 46 45 44 44 47 42 41 40 39 41 41 33 35 31 33 35 28 28 24 23 22 19 16 15 17 11 11 13 9 11 7 9 8 8 7 9 8 9 6 5 5 5
16 21 20 21 21 21 23 26 20 25 26 24 28 31 28 26 32 33 31 29 31 35 34 31 35 33 37 36 40 37 38 40 41 40 43 44 43 46 44 42 47 45 45 43 46 47 45 45 45 45 46 46 45 47 45 46 46 47 46 46 46 45 46 44 45 43 44 38 42 34 35 34 28 28 33 28 28 28 25 24 15 15 17 12 13 14 11 10 8 12 11 5 8 6 7 8 5 5 5 6
18 17 18 19 22 21 22 20 26 25 22 22 23 26 26 24 30 32 32 32 35 35 34 33 36 40 33 41 35 39 40 41 41 40 41 41 41 45 45 45 43 43 42 45 44 49 45 46 45 44 45 46 47 47 47 46 46 45 46 44 45 45 46 45 42 41 42 41 35 42 38 34 29 33 22 34 27 24 25 22 18 20 18 16 18 10 12 13 11 10 7 9 7 5 6 7 6 11 5 4
15 19 21 18 20 19 23 22 22 21 23 27 22 29 28 31 28 30 32 34 31 31 37 36 37 37 34 39 41 41 39 41 43 43 40 43 44 45 44 42 45 47 43 46 44 46 46 45 46 47 47 45 45 46 46 48 45 46 47 46 42 43 42 42 40 40 41 41 38 38 37 38 34 30 29 31 29 25 23 21 18 21 20 12 13 12 12 9 9 9 9 6 8 6 8 7 6 5 6 6
19 20 17 19 20 21 18 20 21 24 28 26 24 26 25 30 28 29 29 28 32 36 29 32 34 38 36 38 37 40 39 41 43 42 40 44 43 42 46 42 45 45 44 42 48 46 46 46 46 47 46 45 47 45 43 47 46 46 48 46 45 43 46 44 44 39 40 42 44 36 38 35 32 27 30 26 28 24 17 21 17 17 20 14 10 12 13 10 8 9 8 6 9 9 7 6 5 7 5 6
17 18 17 20 22 19 20 22 22 27 23 24 28 29 25 28 30 31 25 34 31 33 33 36 31 38 35 39 39 37 40 38 40 44 44 43 42 44 42 45 41 46 47 47 47 46 43 45 45 45 46 45 44 47 45 47 45 48 44 46 47 46 44 40 44 44 43 41 42 43 35 37 29 31 31 33 29 24 19 21 20 15 19 16 17 14 16 12 8 11 8 7 7 9 6 6 6 6 7 7
17 19 19 17 21 20 25 20 22 24 24 25 25 26 27 29 35 32 28 32 35 33 38 38 38 37 38 39 36 39 41 41 39 43 38 43 37 43 43 42 44 43 47 45 43 46 46 46 46 44 43 45 46 45 46 46 45 44 47 46 47 43 42 42 41 42 42 44 44 35 34 27 30 32 32 24 27 26 24 22 13 18 18 17 18 13 9 11 7 10 7 8 8 6 8 6 8 5 6 5
19 17 18 19 20 18 19 23 22 24 21 24 30 23 33 30 26 32 32 26 30 33 31 36 36 37 34 37 38 36 38 43 38 44 41 41 43 44 41 43 46 42 45 46 46 46 45 45 45 45 48 42 48 45 44 46 49 45 46 43 47 43 42 46 41 42 41 44 41 30 35 38 30 31 25 28 28 28 24 23 14 13 14 15 14 20 8 11 12 7 6 6 8 8 5 7 5 5 6 8
22 18 20 17 22 20 20 25 20 20 24 26 26 30 30 31 31 27 33 30 32 33 33 35 33 36 39 42 38 39 41 39 39 43 40 43 42 46 43 43 46 44 47 45 45 45 43 45 44 43 45 45 46 44 43 46 44 44 44 42 44 46 46 41 44 43 47 36 40 38 34 29 33 29 21 25 28 23 20 18 14 17 18 13 13 15 11 14 9 11 11 8 7 6 7 7 4 6 6 6
19 17 19 17 22 20 22 21 23 24 21 26 25 24 26 29 30 27 29 28 32 38 31 35 33 36 37 39 36 38 41 35 43 39 41 42 42 41 44 40 45 42 44 47 46 45 44 46 47 47 46 43 46 47 44 43 44 47 47 47 44 46 42 40 44 43 47 42 40 40 31 34 32 34 29 31 22 25 24 18 20 15 20 16 12 15 10 11 8 10 8 6 11 8 6 6 8 5 7 6
21 17 18 19 21 20 22 22 21 24 23 22 27 20 29 29 26 31 31 34 28 30 35 32 33 35 35 35 38 37 38 43 42 43 44 41 44 43 44 43 43 42 44 42 47 43 45 45 45 45 46 44 45 44 46 45 45 44 43 43 44 43 45 44 44 39 39 40 40 40 32 41 32 32 30 27 30 25 25 22 16 15 12 12 16 12 10 13 8 12 9 8 9 7 7 6 8 5 5 5
20 18 22 18 18 18 21 20 17 20 24 23 22 24 29 24 25 25 30 29 32 31 34 33 33 37 38 38 37 42 41 39 38 45 40 44 43 44 44 43 44 43 41 45 46 42 44 43 41 48 48 45 47 44 45 46 47 47 45 43 48 46 42 43 47 42 37 44 39 38 37 39 33 30 32 26 30 20 21 18 17 20 22 20 11 9 12 11 10 12 10 6 7 7 5 8 6 6 6 5
16 21 21 21 18 21 21 20 23 29 24 27 24 30 26 26 33 26 32 26 33 33 39 32 35 32 41 39 37 42 41 38 41 40 41 42 41 47 40 44 46 43 45 44 44 46 44 46 43 45 46 44 47 45 43 45 44 45 43 43 46 46 48 40 42 40 41 39 41 34 36 30 37 22 32 28 25 19 22 20 18 15 17 12 12 14 10 8 12 12 7 12 9 6 9 6 6 6 6 6
17 19 17 20 18 21 18 21 21 24 24 25 28 27 26 27 30 29 29 33 33 32 32 34 30 34 34 37 36 37 37 38 43 40 42 42 42 45 42 42 43 45 43 44 45 45 45 44 44 47 46 45 42 44 46 44 47 43 47 44 43 45 46 44 41 41 43 39 37 36 37 34 37 30 26 24 23 19 20 20 18 17 17 14 15 13 13 9 8 9 7 6 8 7 7 6 6 6 6 6
19 18 18 20 20 21 23 24 25 21 27 25 26 28 26 25 30 30 28 32 30 30 34 31 38 35 39 36 39 40 37 42 39 40 40 42 41 44 43 41 41 44 43 44 47 46 46 43 46 43 44 44 46 45 45 46 47 46 43 45 44 46 44 47 44 42 39 38 44 37 36 27 31 30 30 27 27 28 20 15 19 12 14 14 11 9 9 10 14 9 8 9 7 7 7 6 6 4 6 5
18 18 20 18 19 15 22 23 27 23 25 24 26 28 29 30 26 31 30 28 29 32 31 35 30 31 37 33 37 37 38 37 38 42 40 39 43 44 44 43 45 43 43 45 44 46 45 45 48 47 46 45 45 43 47 46 43 44 45 45 46 42 43 44 41 45 43 41 38 35 34 33 31 31 21 26 26 20 24 24 22 19 18 13 13 15 11 10 12 9 9 5 8 9 6 6 6 6 6 6
15 16 20 23 22 16 17 21 23 23 26 21 31 30 26 26 29 33 29 29 31 29 32 35 34 37 34 34 41 39 40 39 42 39 41 41 44 40 42 46 42 45 43 45 45 45 43 47 46 48 44 43 46 45 45 45 45 47 44 46 46 43 42 41 39 40 39 40 40 33 36 39 29 30 27 24 28 26 24 20 17 16 14 13 14 9 12 11 9 7 9 12 6 7 6 6 5 6 6 6
17 19 18 20 18 18 20 24 21 24 24 27 29 25 29 25 26 27 27 29 34 30 30 33 32 37 39 40 37 38 38 38 38 38 42 43 44 42 43 41 40 46 47 45 43 42 43 42 45 48 44 46 44 45 44 44 46 45 46 44 44 40 43 39 44 47 41 41 38 41 28 35 30 33 24 30 20 24 24 19 12 15 11 20 16 15 12 11 8 8 7 8 6 7 7 7 7 7 6 6
16 17 20 18 20 18 18 23 21 21 23 23 24 27 28 32 26 26 33 28 31 37 32 34 35 34 37 39 38 40 40 36 40 41 40 38 42 43 47 42 41 47 43 44 45 46 46 47 40 47 46 43 45 45 47 45 45 45 44 43 43 43 41 39 43 40 38 40 35 36 37 30 37 27 27 28 24 19 22 21 17 16 17 12 18 10 9 18 10 9 10 7 4 8 5 6 5 6 6 6
19 22 18 18 21 19 23 22 22 22 20 24 25 24 26 26 26 32 26 37 34 32 33 33 34 36 33 33 37 41 34 40 41 42 41 42 39 43 43 42 42 44 44 47 41 42 45 45 46 46 44 44 46 44 43 42 43 45 44 44 43 42 43 43 41 39 45 42 38 37 34 30 32 29 28 23 23 25 23 26 20 16 17 14 13 12 9 10 6 11 11 7 8 7 7 6 7 6 4 5
17 21 21 20 19 19 23 25 22 25 23 26 23 27 26 27 29 24 31 31 32 30 34 32 31 37 35 38 38 41 37 40 36 42 39 40 41 40 44 41 42 40 45 43 42 43 43 45 44 44 45 45 44 45 44 45 43 43 45 43 42 43 42 45 44 39 39 39 38 37 28 35 30 28 25 28 29 23 21 19 19 21 15 13 13 14 11 10 10 6 7 9 8 6 5 6 9 6 5 6
16 16 16 16 21 19 18 25 22 21 21 25 27 28 24 26 28 28 29 29 33 31 34 36 35 34 37 33 34 34 39 40 40 42 39 39 42 41 44 42 43 40 43 43 44 45 45 45 43 47 45 47 46 44 46 41 44 44 44 43 45 45 42 41 42 35 41 42 37 37 35 32 31 30 32 31 20 17 24 25 23 16 19 15 13 9 10 9 9 7 7 8 7 7 6 6 7 6 5 8
18 19 18 17 18 18 21 24 24 27 22 22 24 30 28 29 26 23 32 33 30 28 30 38 34 35 35 35 37 37 41 42 40 41 40 43 40 45 42 41 39 44 44 43 43 43 46 44 44 44 44 42 47 42 43 43 44 45 44 46 43 43 42 42 41 40 44 36 40 38 36 37 31 25 28 26 29 24 20 21 20 18 19 16 13 11 9 16 11 7 5 6 7 6 5 5 6 5 5 7
16 21 17 18 20 18 19 19 21 24 26 30 27 27 26 26 26 30 27 31 26 30 34 30 32 35 35 33 36 37 39 41 39 41 40 40 37 41 43 43 41 43 41 45 45 43 43 43 45 44 45 43 45 42 45 47 44 43 41 46 46 44 42 44 41 40 39 39 41 37 36 35 27 26 25 26 26 23 20 20 19 16 16 14 9 17 9 10 8 8 7 7 6 7 9 7 5 8 6 6
16 18 18 19 19 19 19 24 17 22 24 22 22 28 27 25 27 29 32 32 29 32 34 32 33 35 39 38 36 37 38 38 38 39 41 40 41 44 42 41 41 42 45 45 44 43 43 45 42 46 44 45 43 41 44 44 43 41 44 46 44 39 44 42 39 39 38 40 34 34 30 33 36 30 33 25 20 22 19 21 26 15 15 16 13 16 7 7 8 7 7 8 7 8 8 7 7 6 6 5
