5.000000000000000278e-02 5.000000000000000278e-02 9.000000000000000222e-01 1.000000000000000056e-01 1.581097063980275164e-01 1.633659344996321594e-01
5.000000000000000278e-02 5.000000000000000278e-02 9.000000000000000222e-01 2.000000000000000111e-01 1.847909497159045122e-01 1.917926017474899936e-01
5.000000000000000278e-02 5.000000000000000278e-02 9.000000000000000222e-01 3.000000000000000444e-01 2.036319508969378911e-01 2.108823421681508825e-01
5.000000000000000278e-02 5.000000000000000278e-02 9.000000000000000222e-01 4.000000000000000222e-01 2.142644947284557677e-01 2.224151039110005001e-01
5.000000000000000278e-02 5.000000000000000278e-02 9.000000000000000222e-01 5.000000000000000000e-01 1.871843692753506483e-01 1.938309266123258434e-01
5.000000000000000278e-02 5.000000000000000278e-02 9.000000000000000222e-01 6.000000000000000888e-01 1.924366080717230532e-01 1.989549201487748331e-01
5.000000000000000278e-02 5.000000000000000278e-02 9.000000000000000222e-01 7.000000000000000666e-01 1.927183961017370495e-01 1.983227493585572043e-01
5.000000000000000278e-02 5.000000000000000278e-02 9.000000000000000222e-01 8.000000000000000444e-01 2.304259015329846172e-01 2.392714770861937568e-01
5.000000000000000278e-02 5.000000000000000278e-02 9.000000000000000222e-01 9.000000000000000222e-01 2.135043184597371912e-01 2.198548773775463872e-01
5.000000000000000278e-02 1.000000000000000056e-01 9.000000000000000222e-01 1.000000000000000056e-01 2.178115717570808796e-01 2.274901347756626280e-01
5.000000000000000278e-02 1.000000000000000056e-01 9.000000000000000222e-01 2.000000000000000111e-01 2.360921131875365897e-01 2.462264375537316641e-01
5.000000000000000278e-02 1.000000000000000056e-01 9.000000000000000222e-01 3.000000000000000444e-01 2.318849235443997403e-01 2.422508930590089038e-01
5.000000000000000278e-02 1.000000000000000056e-01 9.000000000000000222e-01 4.000000000000000222e-01 2.426526382881419308e-01 2.517822789537964567e-01
5.000000000000000278e-02 1.000000000000000056e-01 9.000000000000000222e-01 5.000000000000000000e-01 2.356154430852416271e-01 2.439583602000678642e-01
5.000000000000000278e-02 1.000000000000000056e-01 9.000000000000000222e-01 6.000000000000000888e-01 2.160898181496586634e-01 2.237962928329491896e-01
5.000000000000000278e-02 1.000000000000000056e-01 9.000000000000000222e-01 7.000000000000000666e-01 2.249355666510232388e-01 2.334368252699071389e-01
5.000000000000000278e-02 1.000000000000000056e-01 9.000000000000000222e-01 8.000000000000000444e-01 2.400034299980618457e-01 2.481185522831794166e-01
5.000000000000000278e-02 1.000000000000000056e-01 9.000000000000000222e-01 9.000000000000000222e-01 2.451550935122635000e-01 2.552490153563390929e-01
5.000000000000000278e-02 1.500000000000000222e-01 9.000000000000000222e-01 1.000000000000000056e-01 2.451270451117459337e-01 2.559272812462862201e-01
5.000000000000000278e-02 1.500000000000000222e-01 9.000000000000000222e-01 2.000000000000000111e-01 2.392997533380400998e-01 2.483409923692145860e-01
5.000000000000000278e-02 1.500000000000000222e-01 9.000000000000000222e-01 3.000000000000000444e-01 2.477402324095181185e-01 2.575512265734675732e-01
5.000000000000000278e-02 1.500000000000000222e-01 9.000000000000000222e-01 4.000000000000000222e-01 2.478891167237444737e-01 2.587025944101808972e-01
5.000000000000000278e-02 1.500000000000000222e-01 9.000000000000000222e-01 5.000000000000000000e-01 2.485117491563631764e-01 2.574938390209511319e-01
5.000000000000000278e-02 1.500000000000000222e-01 9.000000000000000222e-01 6.000000000000000888e-01 2.487375110554859159e-01 2.576253081012582768e-01
5.000000000000000278e-02 1.500000000000000222e-01 9.000000000000000222e-01 7.000000000000000666e-01 2.481109186483625162e-01 2.599443138368890405e-01
5.000000000000000278e-02 1.500000000000000222e-01 9.000000000000000222e-01 8.000000000000000444e-01 2.451829457116507238e-01 2.540075694345121371e-01
5.000000000000000278e-02 1.500000000000000222e-01 9.000000000000000222e-01 9.000000000000000222e-01 2.465576337916322858e-01 2.562098145153831608e-01
5.000000000000000278e-02 2.000000000000000111e-01 9.000000000000000222e-01 1.000000000000000056e-01 2.498363743713818419e-01 2.583952741731079250e-01
5.000000000000000278e-02 2.000000000000000111e-01 9.000000000000000222e-01 2.000000000000000111e-01 2.484685023677628279e-01 2.560343566783972458e-01
5.000000000000000278e-02 2.000000000000000111e-01 9.000000000000000222e-01 3.000000000000000444e-01 2.489242605960835519e-01 2.591783530129146973e-01
5.000000000000000278e-02 2.000000000000000111e-01 9.000000000000000222e-01 4.000000000000000222e-01 2.470845019501277662e-01 2.591076125507921213e-01
5.000000000000000278e-02 2.000000000000000111e-01 9.000000000000000222e-01 5.000000000000000000e-01 2.486962216401436832e-01 2.615177679524319787e-01
5.000000000000000278e-02 2.000000000000000111e-01 9.000000000000000222e-01 6.000000000000000888e-01 2.519400453485965419e-01 2.614040852814742411e-01
5.000000000000000278e-02 2.000000000000000111e-01 9.000000000000000222e-01 7.000000000000000666e-01 2.498636516044464295e-01 2.593810723491197789e-01
5.000000000000000278e-02 2.000000000000000111e-01 9.000000000000000222e-01 8.000000000000000444e-01 2.510505280607505108e-01 2.599531628108037729e-01
5.000000000000000278e-02 2.000000000000000111e-01 9.000000000000000222e-01 9.000000000000000222e-01 2.517243899754712522e-01 2.633323198425638334e-01
5.000000000000000278e-02 2.500000000000000000e-01 9.000000000000000222e-01 1.000000000000000056e-01 2.480773703430998456e-01 2.587988320465676173e-01
5.000000000000000278e-02 2.500000000000000000e-01 9.000000000000000222e-01 2.000000000000000111e-01 2.507200669615985422e-01 2.633365046328964287e-01
5.000000000000000278e-02 2.500000000000000000e-01 9.000000000000000222e-01 3.000000000000000444e-01 2.530515401022555011e-01 2.640700837848629634e-01
5.000000000000000278e-02 2.500000000000000000e-01 9.000000000000000222e-01 4.000000000000000222e-01 2.491601065668009596e-01 2.611345733633982369e-01
5.000000000000000278e-02 2.500000000000000000e-01 9.000000000000000222e-01 5.000000000000000000e-01 2.533344524272801990e-01 2.643120918132911279e-01
5.000000000000000278e-02 2.500000000000000000e-01 9.000000000000000222e-01 6.000000000000000888e-01 2.491718261654246591e-01 2.594906088733924254e-01
5.000000000000000278e-02 2.500000000000000000e-01 9.000000000000000222e-01 7.000000000000000666e-01 2.529592642065971453e-01 2.627274869139354374e-01
5.000000000000000278e-02 2.500000000000000000e-01 9.000000000000000222e-01 8.000000000000000444e-01 2.537903221697902501e-01 2.632914041740272437e-01
5.000000000000000278e-02 2.500000000000000000e-01 9.000000000000000222e-01 9.000000000000000222e-01 2.527616596707840668e-01 2.610448433311013394e-01
5.000000000000000278e-02 3.000000000000000444e-01 9.000000000000000222e-01 1.000000000000000056e-01 2.506109032618192844e-01 2.599478526440764381e-01
5.000000000000000278e-02 3.000000000000000444e-01 9.000000000000000222e-01 2.000000000000000111e-01 2.522664329630320834e-01 2.626904428082900145e-01
5.000000000000000278e-02 3.000000000000000444e-01 9.000000000000000222e-01 3.000000000000000444e-01 2.525561671620208948e-01 2.634796027824102826e-01
5.000000000000000278e-02 3.000000000000000444e-01 9.000000000000000222e-01 4.000000000000000222e-01 2.540104234737972089e-01 2.641487368626230792e-01
5.000000000000000278e-02 3.000000000000000444e-01 9.000000000000000222e-01 5.000000000000000000e-01 2.521056455642211591e-01 2.627625869866593855e-01
5.000000000000000278e-02 3.000000000000000444e-01 9.000000000000000222e-01 6.000000000000000888e-01 2.541671748811727971e-01 2.651469713269827833e-01
5.000000000000000278e-02 3.000000000000000444e-01 9.000000000000000222e-01 7.000000000000000666e-01 2.526225362281342979e-01 2.651562250481679373e-01
5.000000000000000278e-02 3.000000000000000444e-01 9.000000000000000222e-01 8.000000000000000444e-01 2.499387237156752706e-01 2.618073919757859525e-01
5.000000000000000278e-02 3.500000000000000333e-01 9.000000000000000222e-01 1.000000000000000056e-01 2.514716095864809597e-01 2.639699061912149092e-01
5.000000000000000278e-02 3.500000000000000333e-01 9.000000000000000222e-01 2.000000000000000111e-01 2.520384862424140393e-01 2.608336666186089614e-01
5.000000000000000278e-02 3.500000000000000333e-01 9.000000000000000222e-01 3.000000000000000444e-01 2.519907673364996104e-01 2.622954835863200995e-01
5.000000000000000278e-02 3.500000000000000333e-01 9.000000000000000222e-01 4.000000000000000222e-01 2.523910657010671188e-01 2.648569654908456972e-01
5.000000000000000278e-02 3.500000000000000333e-01 9.000000000000000222e-01 5.000000000000000000e-01 2.548865346218888717e-01 2.655882802028622924e-01
5.000000000000000278e-02 3.500000000000000333e-01 9.000000000000000222e-01 6.000000000000000888e-01 2.547001501644398092e-01 2.641989895754505158e-01
5.000000000000000278e-02 3.500000000000000333e-01 9.000000000000000222e-01 7.000000000000000666e-01 2.551686643569761603e-01 2.640559225377209218e-01
5.000000000000000278e-02 3.500000000000000333e-01 9.000000000000000222e-01 8.000000000000000444e-01 2.532144468314327934e-01 2.650816888141671046e-01
5.000000000000000278e-02 4.000000000000000222e-01 9.000000000000000222e-01 1.000000000000000056e-01 2.558091576819038759e-01 2.655139394605629533e-01
5.000000000000000278e-02 4.000000000000000222e-01 9.000000000000000222e-01 2.000000000000000111e-01 2.541327735095235130e-01 2.654456692808498386e-01
5.000000000000000278e-02 4.000000000000000222e-01 9.000000000000000222e-01 3.000000000000000444e-01 2.547432058925525045e-01 2.652132276089759211e-01
5.000000000000000278e-02 4.000000000000000222e-01 9.000000000000000222e-01 4.000000000000000222e-01 2.552653785253136687e-01 2.648575630777376122e-01
5.000000000000000278e-02 4.000000000000000222e-01 9.000000000000000222e-01 5.000000000000000000e-01 2.523916534190876471e-01 2.655752927424057108e-01
5.000000000000000278e-02 4.000000000000000222e-01 9.000000000000000222e-01 6.000000000000000888e-01 2.498295383561671690e-01 2.594300875991398247e-01
5.000000000000000278e-02 4.000000000000000222e-01 9.000000000000000222e-01 7.000000000000000666e-01 2.527190019882371574e-01 2.621797535706410498e-01
5.000000000000000278e-02 4.500000000000000111e-01 9.000000000000000222e-01 1.000000000000000056e-01 2.551613616226357517e-01 2.656678613639463227e-01
5.000000000000000278e-02 4.500000000000000111e-01 9.000000000000000222e-01 2.000000000000000111e-01 2.538395067725133791e-01 2.654283349914371426e-01
5.000000000000000278e-02 4.500000000000000111e-01 9.000000000000000222e-01 3.000000000000000444e-01 2.538456467146786855e-01 2.639261465053827638e-01
5.000000000000000278e-02 4.500000000000000111e-01 9.000000000000000222e-01 4.000000000000000222e-01 2.547512986975384308e-01 2.655046584208045624e-01
5.000000000000000278e-02 4.500000000000000111e-01 9.000000000000000222e-01 5.000000000000000000e-01 2.566324029347916147e-01 2.648821345754168166e-01
5.000000000000000278e-02 4.500000000000000111e-01 9.000000000000000222e-01 6.000000000000000888e-01 2.530142084896521149e-01 2.630363952527832727e-01
5.000000000000000278e-02 4.500000000000000111e-01 9.000000000000000222e-01 7.000000000000000666e-01 2.538368201369382571e-01 2.648582036162871467e-01
5.000000000000000278e-02 5.000000000000000000e-01 9.000000000000000222e-01 1.000000000000000056e-01 2.547763292839222982e-01 2.644971208326072909e-01
5.000000000000000278e-02 5.000000000000000000e-01 9.000000000000000222e-01 2.000000000000000111e-01 2.566004406118813641e-01 2.642778382117036973e-01
5.000000000000000278e-02 5.000000000000000000e-01 9.000000000000000222e-01 3.000000000000000444e-01 2.518568146638842098e-01 2.646367567076751692e-01
5.000000000000000278e-02 5.000000000000000000e-01 9.000000000000000222e-01 4.000000000000000222e-01 2.535732368351647503e-01 2.653243770331337181e-01
5.000000000000000278e-02 5.000000000000000000e-01 9.000000000000000222e-01 5.000000000000000000e-01 2.523856717045867004e-01 2.649973182876793620e-01
5.000000000000000278e-02 5.000000000000000000e-01 9.000000000000000222e-01 6.000000000000000888e-01 2.536369652031962296e-01 2.645525113870269007e-01
5.000000000000000278e-02 5.500000000000000444e-01 9.000000000000000222e-01 1.000000000000000056e-01 2.555976897904408407e-01 2.662634856480040058e-01
5.000000000000000278e-02 5.500000000000000444e-01 9.000000000000000222e-01 2.000000000000000111e-01 2.545199339675604522e-01 2.651668914034913671e-01
5.000000000000000278e-02 5.500000000000000444e-01 9.000000000000000222e-01 3.000000000000000444e-01 2.537242646483914288e-01 2.661593989189010023e-01
5.000000000000000278e-02 5.500000000000000444e-01 9.000000000000000222e-01 4.000000000000000222e-01 2.552831386844245376e-01 2.663151225709391445e-01
5.000000000000000278e-02 5.500000000000000444e-01 9.000000000000000222e-01 5.000000000000000000e-01 2.578613895335649664e-01 2.661787494377850227e-01
5.000000000000000278e-02 5.500000000000000444e-01 9.000000000000000222e-01 6.000000000000000888e-01 2.549154804795361051e-01 2.643304264229000555e-01
5.000000000000000278e-02 6.000000000000000888e-01 9.000000000000000222e-01 1.000000000000000056e-01 2.537516352163191602e-01 2.658853107949866734e-01
5.000000000000000278e-02 6.000000000000000888e-01 9.000000000000000222e-01 2.000000000000000111e-01 2.534281043242319065e-01 2.662117035385329067e-01
5.000000000000000278e-02 6.000000000000000888e-01 9.000000000000000222e-01 3.000000000000000444e-01 2.559827007599393411e-01 2.662188203719951796e-01
5.000000000000000278e-02 6.000000000000000888e-01 9.000000000000000222e-01 4.000000000000000222e-01 2.527928701508648790e-01 2.633725049825362818e-01
5.000000000000000278e-02 6.000000000000000888e-01 9.000000000000000222e-01 5.000000000000000000e-01 2.555576639092684288e-01 2.662451258364449957e-01
5.000000000000000278e-02 6.500000000000000222e-01 9.000000000000000222e-01 1.000000000000000056e-01 2.542453852048966456e-01 2.663633817023891015e-01
5.000000000000000278e-02 6.500000000000000222e-01 9.000000000000000222e-01 2.000000000000000111e-01 2.557198164429776988e-01 2.660424517881118667e-01
5.000000000000000278e-02 6.500000000000000222e-01 9.000000000000000222e-01 3.000000000000000444e-01 2.565473690387186090e-01 2.661984110883807708e-01
5.000000000000000278e-02 6.500000000000000222e-01 9.000000000000000222e-01 4.000000000000000222e-01 2.553505441798915587e-01 2.652436928967666918e-01
5.000000000000000278e-02 6.500000000000000222e-01 9.000000000000000222e-01 5.000000000000000000e-01 2.537267224555268541e-01 2.647345288334432833e-01
5.000000000000000278e-02 7.000000000000000666e-01 9.000000000000000222e-01 1.000000000000000056e-01 2.544591072725083669e-01 2.661687359403069331e-01
5.000000000000000278e-02 7.000000000000000666e-01 9.000000000000000222e-01 2.000000000000000111e-01 2.566197202601354088e-01 2.661814423933154261e-01
5.000000000000000278e-02 7.000000000000000666e-01 9.000000000000000222e-01 3.000000000000000444e-01 2.525904259868888557e-01 2.662166316593592152e-01
5.000000000000000278e-02 7.000000000000000666e-01 9.000000000000000222e-01 4.000000000000000222e-01 2.574763408821278965e-01 2.661056874686800189e-01
5.000000000000000278e-02 7.500000000000000000e-01 9.000000000000000222e-01 1.000000000000000056e-01 2.546662985342765806e-01 2.660932413404938357e-01
5.000000000000000278e-02 7.500000000000000000e-01 9.000000000000000222e-01 2.000000000000000111e-01 2.564376546187999151e-01 2.664067598921173730e-01
5.000000000000000278e-02 7.500000000000000000e-01 9.000000000000000222e-01 3.000000000000000444e-01 2.557657018481575562e-01 2.655301291040502165e-01
5.000000000000000278e-02 7.500000000000000000e-01 9.000000000000000222e-01 4.000000000000000222e-01 2.564430006401296480e-01 2.661579471523405349e-01
5.000000000000000278e-02 8.000000000000000444e-01 9.000000000000000222e-01 1.000000000000000056e-01 2.560033394583787203e-01 2.662794448587630369e-01
5.000000000000000278e-02 8.000000000000000444e-01 9.000000000000000222e-01 2.000000000000000111e-01 2.550847952000290797e-01 2.645858674886791828e-01
5.000000000000000278e-02 8.000000000000000444e-01 9.000000000000000222e-01 3.000000000000000444e-01 2.546441730314545349e-01 2.650339935305323635e-01
5.000000000000000278e-02 8.500000000000000888e-01 9.000000000000000222e-01 1.000000000000000056e-01 2.567200860678479635e-01 2.661967581183507514e-01
5.000000000000000278e-02 8.500000000000000888e-01 9.000000000000000222e-01 2.000000000000000111e-01 2.563462962208450935e-01 2.661604020820140248e-01
5.000000000000000278e-02 8.500000000000000888e-01 9.000000000000000222e-01 3.000000000000000444e-01 2.566657497597202298e-01 2.660797198749740855e-01
5.000000000000000278e-02 9.000000000000000222e-01 9.000000000000000222e-01 1.000000000000000056e-01 2.539683757517475771e-01 2.662428924919790774e-01
5.000000000000000278e-02 9.000000000000000222e-01 9.000000000000000222e-01 2.000000000000000111e-01 2.556341993926435352e-01 2.663646854195719782e-01
5.000000000000000278e-02 9.500000000000000666e-01 9.000000000000000222e-01 1.000000000000000056e-01 2.550944086041649350e-01 2.663758343382119365e-01
5.000000000000000278e-02 9.500000000000000666e-01 9.000000000000000222e-01 2.000000000000000111e-01 2.560578059818434116e-01 2.657855866333977413e-01
1.000000000000000056e-01 5.000000000000000278e-02 9.000000000000000222e-01 1.000000000000000056e-01 1.392648263407761100e-01 1.426199899404623772e-01
1.000000000000000056e-01 5.000000000000000278e-02 9.000000000000000222e-01 2.000000000000000111e-01 1.503786230668984203e-01 1.549268262718470346e-01
1.000000000000000056e-01 5.000000000000000278e-02 9.000000000000000222e-01 3.000000000000000444e-01 1.748164244156713010e-01 1.815170669583492380e-01
1.000000000000000056e-01 5.000000000000000278e-02 9.000000000000000222e-01 4.000000000000000222e-01 1.560430471115246132e-01 1.598864387600058279e-01
1.000000000000000056e-01 5.000000000000000278e-02 9.000000000000000222e-01 5.000000000000000000e-01 1.727798843612725066e-01 1.789851173583054955e-01
1.000000000000000056e-01 5.000000000000000278e-02 9.000000000000000222e-01 6.000000000000000888e-01 1.664082036558724720e-01 1.712362768650377287e-01
1.000000000000000056e-01 5.000000000000000278e-02 9.000000000000000222e-01 7.000000000000000666e-01 1.790782584427529078e-01 1.852212214567238169e-01
1.000000000000000056e-01 5.000000000000000278e-02 9.000000000000000222e-01 8.000000000000000444e-01 1.982935989515265118e-01 2.065312823905070261e-01
1.000000000000000056e-01 5.000000000000000278e-02 9.000000000000000222e-01 9.000000000000000222e-01 2.097281599717977507e-01 2.189545484826306010e-01
1.000000000000000056e-01 1.000000000000000056e-01 9.000000000000000222e-01 1.000000000000000056e-01 2.269610941724949094e-01 2.380511791835727697e-01
1.000000000000000056e-01 1.000000000000000056e-01 9.000000000000000222e-01 2.000000000000000111e-01 2.285048026696517853e-01 2.387982059736366292e-01
1.000000000000000056e-01 1.000000000000000056e-01 9.000000000000000222e-01 3.000000000000000444e-01 2.173135628991498813e-01 2.261867115807819351e-01
1.000000000000000056e-01 1.000000000000000056e-01 9.000000000000000222e-01 4.000000000000000222e-01 2.260303694214293169e-01 2.366730090042444834e-01
1.000000000000000056e-01 1.000000000000000056e-01 9.000000000000000222e-01 5.000000000000000000e-01 2.421063805617358344e-01 2.545762018038214558e-01
1.000000000000000056e-01 1.000000000000000056e-01 9.000000000000000222e-01 6.000000000000000888e-01 2.303870915167966771e-01 2.417510599189838794e-01
1.000000000000000056e-01 1.000000000000000056e-01 9.000000000000000222e-01 7.000000000000000666e-01 2.348370767467054532e-01 2.451333130423964113e-01
1.000000000000000056e-01 1.000000000000000056e-01 9.000000000000000222e-01 8.000000000000000444e-01 2.359081107197845140e-01 2.468848250384100274e-01
1.000000000000000056e-01 1.000000000000000056e-01 9.000000000000000222e-01 9.000000000000000222e-01 2.270389304219934401e-01 2.369928490656550701e-01
1.000000000000000056e-01 1.500000000000000222e-01 9.000000000000000222e-01 1.000000000000000056e-01 2.348657477246793857e-01 2.460946396158783800e-01
1.000000000000000056e-01 1.500000000000000222e-01 9.000000000000000222e-01 2.000000000000000111e-01 2.333530242820564260e-01 2.434636860144724080e-01
1.000000000000000056e-01 1.500000000000000222e-01 9.000000000000000222e-01 3.000000000000000444e-01 2.443830597590974651e-01 2.586623806486814670e-01
1.000000000000000056e-01 1.500000000000000222e-01 9.000000000000000222e-01 4.000000000000000222e-01 2.388350781327691907e-01 2.500396362844550247e-01
1.000000000000000056e-01 1.500000000000000222e-01 9.000000000000000222e-01 5.000000000000000000e-01 2.402289119086009062e-01 2.511813268133374910e-01
1.000000000000000056e-01 1.500000000000000222e-01 9.000000000000000222e-01 6.000000000000000888e-01 2.283027572863625398e-01 2.397805466247913131e-01
1.000000000000000056e-01 1.500000000000000222e-01 9.000000000000000222e-01 7.000000000000000666e-01 2.360675525533216523e-01 2.469510256350811450e-01
1.000000000000000056e-01 1.500000000000000222e-01 9.000000000000000222e-01 8.000000000000000444e-01 2.451240660977184738e-01 2.579937097274302982e-01
1.000000000000000056e-01 1.500000000000000222e-01 9.000000000000000222e-01 9.000000000000000222e-01 2.477206115876027792e-01 2.597739256260656604e-01
1.000000000000000056e-01 2.000000000000000111e-01 9.000000000000000222e-01 1.000000000000000056e-01 2.415564988194325025e-01 2.519749384989726781e-01
1.000000000000000056e-01 2.000000000000000111e-01 9.000000000000000222e-01 2.000000000000000111e-01 2.443031499044218402e-01 2.580948993208572739e-01
1.000000000000000056e-01 2.000000000000000111e-01 9.000000000000000222e-01 3.000000000000000444e-01 2.419749742300492390e-01 2.535321412546737152e-01
1.000000000000000056e-01 2.000000000000000111e-01 9.000000000000000222e-01 4.000000000000000222e-01 2.457974954658357358e-01 2.587673055172112213e-01
1.000000000000000056e-01 2.000000000000000111e-01 9.000000000000000222e-01 5.000000000000000000e-01 2.488462338397369467e-01 2.603951503278194579e-01
1.000000000000000056e-01 2.000000000000000111e-01 9.000000000000000222e-01 6.000000000000000888e-01 2.404172226550055080e-01 2.524126133129526717e-01
1.000000000000000056e-01 2.000000000000000111e-01 9.000000000000000222e-01 7.000000000000000666e-01 2.446521591260878703e-01 2.567271282831907753e-01
1.000000000000000056e-01 2.000000000000000111e-01 9.000000000000000222e-01 8.000000000000000444e-01 2.349927606312388895e-01 2.461441957605160491e-01
1.000000000000000056e-01 2.000000000000000111e-01 9.000000000000000222e-01 9.000000000000000222e-01 2.454923629219473713e-01 2.566881264360502124e-01
1.000000000000000056e-01 2.500000000000000000e-01 9.000000000000000222e-01 1.000000000000000056e-01 2.503364817119708707e-01 2.618962767238423583e-01
1.000000000000000056e-01 2.500000000000000000e-01 9.000000000000000222e-01 2.000000000000000111e-01 2.512015419327205401e-01 2.630549509082584780e-01
1.000000000000000056e-01 2.500000000000000000e-01 9.000000000000000222e-01 3.000000000000000444e-01 2.499789821635263198e-01 2.636895127857500909e-01
1.000000000000000056e-01 2.500000000000000000e-01 9.000000000000000222e-01 4.000000000000000222e-01 2.459415365330132330e-01 2.591174017148292763e-01
1.000000000000000056e-01 2.500000000000000000e-01 9.000000000000000222e-01 5.000000000000000000e-01 2.421884451517215819e-01 2.525190025958461981e-01
1.000000000000000056e-01 2.500000000000000000e-01 9.000000000000000222e-01 6.000000000000000888e-01 2.488753259892663994e-01 2.624806063110845522e-01
1.000000000000000056e-01 2.500000000000000000e-01 9.000000000000000222e-01 7.000000000000000666e-01 2.449421440557123242e-01 2.579279453175018499e-01
1.000000000000000056e-01 2.500000000000000000e-01 9.000000000000000222e-01 8.000000000000000444e-01 2.478720565177319757e-01 2.614621204391551768e-01
1.000000000000000056e-01 2.500000000000000000e-01 9.000000000000000222e-01 9.000000000000000222e-01 2.483955368986269507e-01 2.620079374817333440e-01
1.000000000000000056e-01 3.000000000000000444e-01 9.000000000000000222e-01 1.000000000000000056e-01 2.501215781416592510e-01 2.614730302011882279e-01
1.000000000000000056e-01 3.000000000000000444e-01 9.000000000000000222e-01 2.000000000000000111e-01 2.489221224494251317e-01 2.617915189027565370e-01
1.000000000000000056e-01 3.000000000000000444e-01 9.000000000000000222e-01 3.000000000000000444e-01 2.505310556527773902e-01 2.620345157207575326e-01
1.000000000000000056e-01 3.000000000000000444e-01 9.000000000000000222e-01 4.000000000000000222e-01 2.491214673654454925e-01 2.630897977844457447e-01
1.000000000000000056e-01 3.000000000000000444e-01 9.000000000000000222e-01 5.000000000000000000e-01 2.468173700998753939e-01 2.608781714036606525e-01
1.000000000000000056e-01 3.000000000000000444e-01 9.000000000000000222e-01 6.000000000000000888e-01 2.495987589362798353e-01 2.627026437402909531e-01
1.000000000000000056e-01 3.000000000000000444e-01 9.000000000000000222e-01 7.000000000000000666e-01 2.492514352951304413e-01 2.635345774119863260e-01
1.000000000000000056e-01 3.000000000000000444e-01 9.000000000000000222e-01 8.000000000000000444e-01 2.505344869808451835e-01 2.641960666960855297e-01
1.000000000000000056e-01 3.500000000000000333e-01 9.000000000000000222e-01 1.000000000000000056e-01 2.480145242946525386e-01 2.601048689297891237e-01
1.000000000000000056e-01 3.500000000000000333e-01 9.000000000000000222e-01 2.000000000000000111e-01 2.525652939223276272e-01 2.641434676043301066e-01
1.000000000000000056e-01 3.500000000000000333e-01 9.000000000000000222e-01 3.000000000000000444e-01 2.477804980601627516e-01 2.609111880644104930e-01
1.000000000000000056e-01 3.500000000000000333e-01 9.000000000000000222e-01 4.000000000000000222e-01 2.477794890896675428e-01 2.604794735911333814e-01
1.000000000000000056e-01 3.500000000000000333e-01 9.000000000000000222e-01 5.000000000000000000e-01 2.496370061602978252e-01 2.628294628137365363e-01
1.000000000000000056e-01 3.500000000000000333e-01 9.000000000000000222e-01 6.000000000000000888e-01 2.511053494012456255e-01 2.632065374560543791e-01
1.000000000000000056e-01 3.500000000000000333e-01 9.000000000000000222e-01 7.000000000000000666e-01 2.502219492216272712e-01 2.636146487517588843e-01
1.000000000000000056e-01 3.500000000000000333e-01 9.000000000000000222e-01 8.000000000000000444e-01 2.479232892277688782e-01 2.606758155768261753e-01
1.000000000000000056e-01 4.000000000000000222e-01 9.000000000000000222e-01 1.000000000000000056e-01 2.506728005540974635e-01 2.652603745892486153e-01
1.000000000000000056e-01 4.000000000000000222e-01 9.000000000000000222e-01 2.000000000000000111e-01 2.516512364524050027e-01 2.647375480502870970e-01
1.000000000000000056e-01 4.000000000000000222e-01 9.000000000000000222e-01 3.000000000000000444e-01 2.494803066959042082e-01 2.641773128345326072e-01
1.000000000000000056e-01 4.000000000000000222e-01 9.000000000000000222e-01 4.000000000000000222e-01 2.503931583717647347e-01 2.657139079206489729e-01
1.000000000000000056e-01 4.000000000000000222e-01 9.000000000000000222e-01 5.000000000000000000e-01 2.508841283797874633e-01 2.650114917504997614e-01
1.000000000000000056e-01 4.000000000000000222e-01 9.000000000000000222e-01 6.000000000000000888e-01 2.500980910079921293e-01 2.644333096440832365e-01
1.000000000000000056e-01 4.000000000000000222e-01 9.000000000000000222e-01 7.000000000000000666e-01 2.508029529577636696e-01 2.655298947550352451e-01
1.000000000000000056e-01 4.500000000000000111e-01 9.000000000000000222e-01 1.000000000000000056e-01 2.527985168244478720e-01 2.653142907652302762e-01
1.000000000000000056e-01 4.500000000000000111e-01 9.000000000000000222e-01 2.000000000000000111e-01 2.503512187328839622e-01 2.644481832927239040e-01
1.000000000000000056e-01 4.500000000000000111e-01 9.000000000000000222e-01 3.000000000000000444e-01 2.489552345817317991e-01 2.644132610722949028e-01
1.000000000000000056e-01 4.500000000000000111e-01 9.000000000000000222e-01 4.000000000000000222e-01 2.472796265214173839e-01 2.597721998768274254e-01
1.000000000000000056e-01 4.500000000000000111e-01 9.000000000000000222e-01 5.000000000000000000e-01 2.518062294876380336e-01 2.656303965371631937e-01
1.000000000000000056e-01 4.500000000000000111e-01 9.000000000000000222e-01 6.000000000000000888e-01 2.521465599858802031e-01 2.646149749077174040e-01
1.000000000000000056e-01 4.500000000000000111e-01 9.000000000000000222e-01 7.000000000000000666e-01 2.495546566538258959e-01 2.650803166786733223e-01
1.000000000000000056e-01 5.000000000000000000e-01 9.000000000000000222e-01 1.000000000000000056e-01 2.517630801338318625e-01 2.648839888084084659e-01
1.000000000000000056e-01 5.000000000000000000e-01 9.000000000000000222e-01 2.000000000000000111e-01 2.516005459970089841e-01 2.657054068685088533e-01
1.000000000000000056e-01 5.000000000000000000e-01 9.000000000000000222e-01 3.000000000000000444e-01 2.506879960534630358e-01 2.653528876522674995e-01
1.000000000000000056e-01 5.000000000000000000e-01 9.000000000000000222e-01 4.000000000000000222e-01 2.523751124878205743e-01 2.654092129991511562e-01
1.000000000000000056e-01 5.000000000000000000e-01 9.000000000000000222e-01 5.000000000000000000e-01 2.520303439466497486e-01 2.655663719949941104e-01
1.000000000000000056e-01 5.000000000000000000e-01 9.000000000000000222e-01 6.000000000000000888e-01 2.501222511219797773e-01 2.638557372864286377e-01
1.000000000000000056e-01 5.500000000000000444e-01 9.000000000000000222e-01 1.000000000000000056e-01 2.508561737226155941e-01 2.660693975240532860e-01
1.000000000000000056e-01 5.500000000000000444e-01 9.000000000000000222e-01 2.000000000000000111e-01 2.506664753731463469e-01 2.660289997279229879e-01
1.000000000000000056e-01 5.500000000000000444e-01 9.000000000000000222e-01 3.000000000000000444e-01 2.512879923732159737e-01 2.635705516182014763e-01
1.000000000000000056e-01 5.500000000000000444e-01 9.000000000000000222e-01 4.000000000000000222e-01 2.510280986205161713e-01 2.641594532728749889e-01
1.000000000000000056e-01 5.500000000000000444e-01 9.000000000000000222e-01 5.000000000000000000e-01 2.500895317194462564e-01 2.640349927988442924e-01
1.000000000000000056e-01 5.500000000000000444e-01 9.000000000000000222e-01 6.000000000000000888e-01 2.515584859923009065e-01 2.651643792404174693e-01
1.000000000000000056e-01 6.000000000000000888e-01 9.000000000000000222e-01 1.000000000000000056e-01 2.511091954358154466e-01 2.638327433644981901e-01
1.000000000000000056e-01 6.000000000000000888e-01 9.000000000000000222e-01 2.000000000000000111e-01 2.521921006104057561e-01 2.657079241900200950e-01
1.000000000000000056e-01 6.000000000000000888e-01 9.000000000000000222e-01 3.000000000000000444e-01 2.522523622362415341e-01 2.660239600894189205e-01
1.000000000000000056e-01 6.000000000000000888e-01 9.000000000000000222e-01 4.000000000000000222e-01 2.540328084798533781e-01 2.659056931933068690e-01
1.000000000000000056e-01 6.000000000000000888e-01 9.000000000000000222e-01 5.000000000000000000e-01 2.499931906498453482e-01 2.646165057479878402e-01
1.000000000000000056e-01 6.500000000000000222e-01 9.000000000000000222e-01 1.000000000000000056e-01 2.526821156405431590e-01 2.658121610792895106e-01
1.000000000000000056e-01 6.500000000000000222e-01 9.000000000000000222e-01 2.000000000000000111e-01 2.522573059145305496e-01 2.660339864174608437e-01
1.000000000000000056e-01 6.500000000000000222e-01 9.000000000000000222e-01 3.000000000000000444e-01 2.515247610799744571e-01 2.661796669426588213e-01
1.000000000000000056e-01 6.500000000000000222e-01 9.000000000000000222e-01 4.000000000000000222e-01 2.513999206069011394e-01 2.658007621390433561e-01
1.000000000000000056e-01 6.500000000000000222e-01 9.000000000000000222e-01 5.000000000000000000e-01 2.531171069299782972e-01 2.655596811934433643e-01
1.000000000000000056e-01 7.000000000000000666e-01 9.000000000000000222e-01 1.000000000000000056e-01 2.514232389599466710e-01 2.659112589532301452e-01
1.000000000000000056e-01 7.000000000000000666e-01 9.000000000000000222e-01 2.000000000000000111e-01 2.526544303458332363e-01 2.661272054625842265e-01
1.000000000000000056e-01 7.000000000000000666e-01 9.000000000000000222e-01 3.000000000000000444e-01 2.518267428082785475e-01 2.661068705409541102e-01
1.000000000000000056e-01 7.000000000000000666e-01 9.000000000000000222e-01 4.000000000000000222e-01 2.520321423184364029e-01 2.663430115089452377e-01
1.000000000000000056e-01 7.500000000000000000e-01 9.000000000000000222e-01 1.000000000000000056e-01 2.515418336716686576e-01 2.661950317914735242e-01
1.000000000000000056e-01 7.500000000000000000e-01 9.000000000000000222e-01 2.000000000000000111e-01 2.524736067207545842e-01 2.660359314182572654e-01
1.000000000000000056e-01 7.500000000000000000e-01 9.000000000000000222e-01 3.000000000000000444e-01 2.531368851690067312e-01 2.661255505974415847e-01
1.000000000000000056e-01 7.500000000000000000e-01 9.000000000000000222e-01 4.000000000000000222e-01 2.526617327710917182e-01 2.657243873402412859e-01
1.000000000000000056e-01 8.000000000000000444e-01 9.000000000000000222e-01 1.000000000000000056e-01 2.526829805609306923e-01 2.662125181918959527e-01
1.000000000000000056e-01 8.000000000000000444e-01 9.000000000000000222e-01 2.000000000000000111e-01 2.518630005371393921e-01 2.663728605731786048e-01
1.000000000000000056e-01 8.000000000000000444e-01 9.000000000000000222e-01 3.000000000000000444e-01 2.540062218082632106e-01 2.663625721230640231e-01
1.000000000000000056e-01 8.500000000000000888e-01 9.000000000000000222e-01 1.000000000000000056e-01 2.517300222657809505e-01 2.662951641383478618e-01
1.000000000000000056e-01 8.500000000000000888e-01 9.000000000000000222e-01 2.000000000000000111e-01 2.521438746901811800e-01 2.663047779382882729e-01
1.000000000000000056e-01 8.500000000000000888e-01 9.000000000000000222e-01 3.000000000000000444e-01 2.508180209177759412e-01 2.660755288561936771e-01
1.000000000000000056e-01 9.000000000000000222e-01 9.000000000000000222e-01 1.000000000000000056e-01 2.524508421025316585e-01 2.663253551304142208e-01
1.000000000000000056e-01 9.000000000000000222e-01 9.000000000000000222e-01 2.000000000000000111e-01 2.525335802091279169e-01 2.663261922398766357e-01
1.000000000000000056e-01 9.500000000000000666e-01 9.000000000000000222e-01 1.000000000000000056e-01 2.517831597799063403e-01 2.662567829237539874e-01
1.000000000000000056e-01 9.500000000000000666e-01 9.000000000000000222e-01 2.000000000000000111e-01 2.532074825090117054e-01 2.663850988320899393e-01
1.500000000000000222e-01 5.000000000000000278e-02 9.000000000000000222e-01 1.000000000000000056e-01 1.269338278725617164e-01 1.260829560557246709e-01
1.500000000000000222e-01 5.000000000000000278e-02 9.000000000000000222e-01 2.000000000000000111e-01 1.130283711124608209e-01 1.067781429017726769e-01
1.500000000000000222e-01 5.000000000000000278e-02 9.000000000000000222e-01 3.000000000000000444e-01 1.380196882818789661e-01 1.389441443296545453e-01
1.500000000000000222e-01 5.000000000000000278e-02 9.000000000000000222e-01 4.000000000000000222e-01 1.391779192415861510e-01 1.387992238526414568e-01
1.500000000000000222e-01 5.000000000000000278e-02 9.000000000000000222e-01 5.000000000000000000e-01 1.392020111150100992e-01 1.388907092729092796e-01
1.500000000000000222e-01 5.000000000000000278e-02 9.000000000000000222e-01 6.000000000000000888e-01 1.354774552204371929e-01 1.299421428912268250e-01
1.500000000000000222e-01 5.000000000000000278e-02 9.000000000000000222e-01 7.000000000000000666e-01 1.564236377245295795e-01 1.579110098554699637e-01
1.500000000000000222e-01 5.000000000000000278e-02 9.000000000000000222e-01 8.000000000000000444e-01 2.013364512542606399e-01 2.102014266529276809e-01
1.500000000000000222e-01 5.000000000000000278e-02 9.000000000000000222e-01 9.000000000000000222e-01 1.671894984468566825e-01 1.719335754437334163e-01
1.500000000000000222e-01 1.000000000000000056e-01 9.000000000000000222e-01 1.000000000000000056e-01 2.134708837478704047e-01 2.235064511006689680e-01
1.500000000000000222e-01 1.000000000000000056e-01 9.000000000000000222e-01 2.000000000000000111e-01 2.214455149402681233e-01 2.314993243126237943e-01
1.500000000000000222e-01 1.000000000000000056e-01 9.000000000000000222e-01 3.000000000000000444e-01 1.919729860145281963e-01 1.989125143918090977e-01
1.500000000000000222e-01 1.000000000000000056e-01 9.000000000000000222e-01 4.000000000000000222e-01 1.964318541127730300e-01 2.029406678055736823e-01
1.500000000000000222e-01 1.000000000000000056e-01 9.000000000000000222e-01 5.000000000000000000e-01 2.181338129264831782e-01 2.281032793614296561e-01
1.500000000000000222e-01 1.000000000000000056e-01 9.000000000000000222e-01 6.000000000000000888e-01 2.240140566923425336e-01 2.353725980190790046e-01
1.500000000000000222e-01 1.000000000000000056e-01 9.000000000000000222e-01 7.000000000000000666e-01 2.031707747911296880e-01 2.107044592481011891e-01
1.500000000000000222e-01 1.000000000000000056e-01 9.000000000000000222e-01 8.000000000000000444e-01 2.280629415865260690e-01 2.398738397762316399e-01
1.500000000000000222e-01 1.000000000000000056e-01 9.000000000000000222e-01 9.000000000000000222e-01 2.289265218738730234e-01 2.399317595575136131e-01
1.500000000000000222e-01 1.500000000000000222e-01 9.000000000000000222e-01 1.000000000000000056e-01 2.387196991587399175e-01 2.520010442659578742e-01
1.500000000000000222e-01 1.500000000000000222e-01 9.000000000000000222e-01 2.000000000000000111e-01 2.155368017860518626e-01 2.258208899647152212e-01
1.500000000000000222e-01 1.500000000000000222e-01 9.000000000000000222e-01 3.000000000000000444e-01 2.318044823572305846e-01 2.435760385268630757e-01
1.500000000000000222e-01 1.500000000000000222e-01 9.000000000000000222e-01 4.000000000000000222e-01 2.309050624593822210e-01 2.427093851345476228e-01
1.500000000000000222e-01 1.500000000000000222e-01 9.000000000000000222e-01 5.000000000000000000e-01 2.410672571238622885e-01 2.544126492966261588e-01
1.500000000000000222e-01 1.500000000000000222e-01 9.000000000000000222e-01 6.000000000000000888e-01 2.422185364194034130e-01 2.558028226395105409e-01
1.500000000000000222e-01 1.500000000000000222e-01 9.000000000000000222e-01 7.000000000000000666e-01 2.382937986478743664e-01 2.511992577861876241e-01
1.500000000000000222e-01 1.500000000000000222e-01 9.000000000000000222e-01 8.000000000000000444e-01 2.436806893116358896e-01 2.576601007956632605e-01
1.500000000000000222e-01 1.500000000000000222e-01 9.000000000000000222e-01 9.000000000000000222e-01 2.425323629430812533e-01 2.569184835589790605e-01
1.500000000000000222e-01 2.000000000000000111e-01 9.000000000000000222e-01 1.000000000000000056e-01 2.380728956377754502e-01 2.505615352718091882e-01
1.500000000000000222e-01 2.000000000000000111e-01 9.000000000000000222e-01 2.000000000000000111e-01 2.388827862508602629e-01 2.514457099363391901e-01
1.500000000000000222e-01 2.000000000000000111e-01 9.000000000000000222e-01 3.000000000000000444e-01 2.252907835673705061e-01 2.360606155720330612e-01
1.500000000000000222e-01 2.000000000000000111e-01 9.000000000000000222e-01 4.000000000000000222e-01 2.456708439103500174e-01 2.600846732943214445e-01
1.500000000000000222e-01 2.000000000000000111e-01 9.000000000000000222e-01 5.000000000000000000e-01 2.434589053996125962e-01 2.567855702516217975e-01
1.500000000000000222e-01 2.000000000000000111e-01 9.000000000000000222e-01 6.000000000000000888e-01 2.425942380034409596e-01 2.563967287651843230e-01
1.500000000000000222e-01 2.000000000000000111e-01 9.000000000000000222e-01 7.000000000000000666e-01 2.414758302083496178e-01 2.554778482844500265e-01
1.500000000000000222e-01 2.000000000000000111e-01 9.000000000000000222e-01 8.000000000000000444e-01 2.460296733011067827e-01 2.605116202141823933e-01
1.500000000000000222e-01 2.000000000000000111e-01 9.000000000000000222e-01 9.000000000000000222e-01 2.460371811383130491e-01 2.608775784298809075e-01
1.500000000000000222e-01 2.500000000000000000e-01 9.000000000000000222e-01 1.000000000000000056e-01 2.451146699118707806e-01 2.597031937472217278e-01
1.500000000000000222e-01 2.500000000000000000e-01 9.000000000000000222e-01 2.000000000000000111e-01 2.466490003662707986e-01 2.617568845154773505e-01
1.500000000000000222e-01 2.500000000000000000e-01 9.000000000000000222e-01 3.000000000000000444e-01 2.458680430804466022e-01 2.619444318628328383e-01
1.500000000000000222e-01 2.500000000000000000e-01 9.000000000000000222e-01 4.000000000000000222e-01 2.462404657612164705e-01 2.601690782966195048e-01
1.500000000000000222e-01 2.500000000000000000e-01 9.000000000000000222e-01 5.000000000000000000e-01 2.449077422410257943e-01 2.595921013737429450e-01
1.500000000000000222e-01 2.500000000000000000e-01 9.000000000000000222e-01 6.000000000000000888e-01 2.459132092157735316e-01 2.591191491495523080e-01
1.500000000000000222e-01 2.500000000000000000e-01 9.000000000000000222e-01 7.000000000000000666e-01 2.466483428966003977e-01 2.599925968981336433e-01
1.500000000000000222e-01 2.500000000000000000e-01 9.000000000000000222e-01 8.000000000000000444e-01 2.475932860360650911e-01 2.635429144382954170e-01
1.500000000000000222e-01 2.500000000000000000e-01 9.000000000000000222e-01 9.000000000000000222e-01 2.473518656719192743e-01 2.633072190297979231e-01
1.500000000000000222e-01 3.000000000000000444e-01 9.000000000000000222e-01 1.000000000000000056e-01 2.483550379457076795e-01 2.628495133866397548e-01
1.500000000000000222e-01 3.000000000000000444e-01 9.000000000000000222e-01 2.000000000000000111e-01 2.417272945742395263e-01 2.557191019105044538e-01
1.500000000000000222e-01 3.000000000000000444e-01 9.000000000000000222e-01 3.000000000000000444e-01 2.465652448624992554e-01 2.597148414321276411e-01
1.500000000000000222e-01 3.000000000000000444e-01 9.000000000000000222e-01 4.000000000000000222e-01 2.463041420649934865e-01 2.613136522364582492e-01
1.500000000000000222e-01 3.000000000000000444e-01 9.000000000000000222e-01 5.000000000000000000e-01 2.447141673067401713e-01 2.580119979763708660e-01
1.500000000000000222e-01 3.000000000000000444e-01 9.000000000000000222e-01 6.000000000000000888e-01 2.461362325663782047e-01 2.615639433252927026e-01
1.500000000000000222e-01 3.000000000000000444e-01 9.000000000000000222e-01 7.000000000000000666e-01 2.459370243093528252e-01 2.597564070190399033e-01
1.500000000000000222e-01 3.000000000000000444e-01 9.000000000000000222e-01 8.000000000000000444e-01 2.470185564725968508e-01 2.627186442121685062e-01
1.500000000000000222e-01 3.500000000000000333e-01 9.000000000000000222e-01 1.000000000000000056e-01 2.496571869539563893e-01 2.641965904137722476e-01
1.500000000000000222e-01 3.500000000000000333e-01 9.000000000000000222e-01 2.000000000000000111e-01 2.482890050199966780e-01 2.640111780195104618e-01
1.500000000000000222e-01 3.500000000000000333e-01 9.000000000000000222e-01 3.000000000000000444e-01 2.481862031219762843e-01 2.642536547742522779e-01
1.500000000000000222e-01 3.500000000000000333e-01 9.000000000000000222e-01 4.000000000000000222e-01 2.477946794689185328e-01 2.616846724245380229e-01
1.500000000000000222e-01 3.500000000000000333e-01 9.000000000000000222e-01 5.000000000000000000e-01 2.479770514370857604e-01 2.639208131065328145e-01
1.500000000000000222e-01 3.500000000000000333e-01 9.000000000000000222e-01 6.000000000000000888e-01 2.477611300032238617e-01 2.636099345756352519e-01
1.500000000000000222e-01 3.500000000000000333e-01 9.000000000000000222e-01 7.000000000000000666e-01 2.464197681348459790e-01 2.622462384461520801e-01
1.500000000000000222e-01 3.500000000000000333e-01 9.000000000000000222e-01 8.000000000000000444e-01 2.481130119447803040e-01 2.633003282064367290e-01
1.500000000000000222e-01 4.000000000000000222e-01 9.000000000000000222e-01 1.000000000000000056e-01 2.477714248279097864e-01 2.635671866564675558e-01
1.500000000000000222e-01 4.000000000000000222e-01 9.000000000000000222e-01 2.000000000000000111e-01 2.480277728756714872e-01 2.645998406302859651e-01
1.500000000000000222e-01 4.000000000000000222e-01 9.000000000000000222e-01 3.000000000000000444e-01 2.485318074511270459e-01 2.638481346948325923e-01
1.500000000000000222e-01 4.000000000000000222e-01 9.000000000000000222e-01 4.000000000000000222e-01 2.488549426965383227e-01 2.640917293032437052e-01
1.500000000000000222e-01 4.000000000000000222e-01 9.000000000000000222e-01 5.000000000000000000e-01 2.490058610250617532e-01 2.651421108969210794e-01
1.500000000000000222e-01 4.000000000000000222e-01 9.000000000000000222e-01 6.000000000000000888e-01 2.494887967810854867e-01 2.645330803960451171e-01
1.500000000000000222e-01 4.000000000000000222e-01 9.000000000000000222e-01 7.000000000000000666e-01 2.500333135193595901e-01 2.647665261177253315e-01
1.500000000000000222e-01 4.500000000000000111e-01 9.000000000000000222e-01 1.000000000000000056e-01 2.492033264442995444e-01 2.646809779625683978e-01
1.500000000000000222e-01 4.500000000000000111e-01 9.000000000000000222e-01 2.000000000000000111e-01 2.494503396884222568e-01 2.650729883652001018e-01
1.500000000000000222e-01 4.500000000000000111e-01 9.000000000000000222e-01 3.000000000000000444e-01 2.481645682089518301e-01 2.646137316146396357e-01
1.500000000000000222e-01 4.500000000000000111e-01 9.000000000000000222e-01 4.000000000000000222e-01 2.485374966206913561e-01 2.651755734993593849e-01
1.500000000000000222e-01 4.500000000000000111e-01 9.000000000000000222e-01 5.000000000000000000e-01 2.498429965270121123e-01 2.657166388693261716e-01
1.500000000000000222e-01 4.500000000000000111e-01 9.000000000000000222e-01 6.000000000000000888e-01 2.485362881040853178e-01 2.644130444606933028e-01
1.500000000000000222e-01 4.500000000000000111e-01 9.000000000000000222e-01 7.000000000000000666e-01 2.480079225883503602e-01 2.637138588498256220e-01
1.500000000000000222e-01 5.000000000000000000e-01 9.000000000000000222e-01 1.000000000000000056e-01 2.492977706454815034e-01 2.659683985142710649e-01
1.500000000000000222e-01 5.000000000000000000e-01 9.000000000000000222e-01 2.000000000000000111e-01 2.496758238985605227e-01 2.653812237182435751e-01
1.500000000000000222e-01 5.000000000000000000e-01 9.000000000000000222e-01 3.000000000000000444e-01 2.494313625772415222e-01 2.653684063863413489e-01
1.500000000000000222e-01 5.000000000000000000e-01 9.000000000000000222e-01 4.000000000000000222e-01 2.495080014286658321e-01 2.639934316739278586e-01
1.500000000000000222e-01 5.000000000000000000e-01 9.000000000000000222e-01 5.000000000000000000e-01 2.486267750954777311e-01 2.655715972250612400e-01
1.500000000000000222e-01 5.000000000000000000e-01 9.000000000000000222e-01 6.000000000000000888e-01 2.490576069446256424e-01 2.660786703659171470e-01
1.500000000000000222e-01 5.500000000000000444e-01 9.000000000000000222e-01 1.000000000000000056e-01 2.490238104101150651e-01 2.640300151538275686e-01
1.500000000000000222e-01 5.500000000000000444e-01 9.000000000000000222e-01 2.000000000000000111e-01 2.476884797751930656e-01 2.632320003720640123e-01
1.500000000000000222e-01 5.500000000000000444e-01 9.000000000000000222e-01 3.000000000000000444e-01 2.488510469289497151e-01 2.653878190651023927e-01
1.500000000000000222e-01 5.500000000000000444e-01 9.000000000000000222e-01 4.000000000000000222e-01 2.486473071970385917e-01 2.649729396418091798e-01
1.500000000000000222e-01 5.500000000000000444e-01 9.000000000000000222e-01 5.000000000000000000e-01 2.489531101423802795e-01 2.642261823061982651e-01
1.500000000000000222e-01 5.500000000000000444e-01 9.000000000000000222e-01 6.000000000000000888e-01 2.492695954588536600e-01 2.653888249164984003e-01
1.500000000000000222e-01 6.000000000000000888e-01 9.000000000000000222e-01 1.000000000000000056e-01 2.483560559762318376e-01 2.634357567131687672e-01
1.500000000000000222e-01 6.000000000000000888e-01 9.000000000000000222e-01 2.000000000000000111e-01 2.494038418353059505e-01 2.662014278903563347e-01
1.500000000000000222e-01 6.000000000000000888e-01 9.000000000000000222e-01 3.000000000000000444e-01 2.493494387717908323e-01 2.660257132398092805e-01
1.500000000000000222e-01 6.000000000000000888e-01 9.000000000000000222e-01 4.000000000000000222e-01 2.486821172737875563e-01 2.649962443887134422e-01
1.500000000000000222e-01 6.000000000000000888e-01 9.000000000000000222e-01 5.000000000000000000e-01 2.506129239082479643e-01 2.656293053397484338e-01
1.500000000000000222e-01 6.500000000000000222e-01 9.000000000000000222e-01 1.000000000000000056e-01 2.505316148993805281e-01 2.658430924796572614e-01
1.500000000000000222e-01 6.500000000000000222e-01 9.000000000000000222e-01 2.000000000000000111e-01 2.494186714549552764e-01 2.660726711636464126e-01
1.500000000000000222e-01 6.500000000000000222e-01 9.000000000000000222e-01 3.000000000000000444e-01 2.495347652424457774e-01 2.658932753777032976e-01
1.500000000000000222e-01 6.500000000000000222e-01 9.000000000000000222e-01 4.000000000000000222e-01 2.495612935474629257e-01 2.662039489983741847e-01
1.500000000000000222e-01 6.500000000000000222e-01 9.000000000000000222e-01 5.000000000000000000e-01 2.493256560069180006e-01 2.660600329751833804e-01
1.500000000000000222e-01 7.000000000000000666e-01 9.000000000000000222e-01 1.000000000000000056e-01 2.505341773011772744e-01 2.655940135653575007e-01
1.500000000000000222e-01 7.000000000000000666e-01 9.000000000000000222e-01 2.000000000000000111e-01 2.503534374340852797e-01 2.656572107075333977e-01
1.500000000000000222e-01 7.000000000000000666e-01 9.000000000000000222e-01 3.000000000000000444e-01 2.502784317235180467e-01 2.655427710193566382e-01
1.500000000000000222e-01 7.000000000000000666e-01 9.000000000000000222e-01 4.000000000000000222e-01 2.492520259142433359e-01 2.660634152206460823e-01
1.500000000000000222e-01 7.500000000000000000e-01 9.000000000000000222e-01 1.000000000000000056e-01 2.508431659208227860e-01 2.655881091140600558e-01
1.500000000000000222e-01 7.500000000000000000e-01 9.000000000000000222e-01 2.000000000000000111e-01 2.504618316711043624e-01 2.659243424391257160e-01
1.500000000000000222e-01 7.500000000000000000e-01 9.000000000000000222e-01 3.000000000000000444e-01 2.501749189301600840e-01 2.657665724878475189e-01
1.500000000000000222e-01 7.500000000000000000e-01 9.000000000000000222e-01 4.000000000000000222e-01 2.491997359745193596e-01 2.661899151245883943e-01
1.500000000000000222e-01 8.000000000000000444e-01 9.000000000000000222e-01 1.000000000000000056e-01 2.501519962400512442e-01 2.657588317279955814e-01
1.500000000000000222e-01 8.000000000000000444e-01 9.000000000000000222e-01 2.000000000000000111e-01 2.505719146934744512e-01 2.663156599622220067e-01
1.500000000000000222e-01 8.000000000000000444e-01 9.000000000000000222e-01 3.000000000000000444e-01 2.485842837400560612e-01 2.648734199525543676e-01
1.500000000000000222e-01 8.500000000000000888e-01 9.000000000000000222e-01 1.000000000000000056e-01 2.494233997337965969e-01 2.649970758259056480e-01
1.500000000000000222e-01 8.500000000000000888e-01 9.000000000000000222e-01 2.000000000000000111e-01 2.498476101051887999e-01 2.661684119809346050e-01
1.500000000000000222e-01 8.500000000000000888e-01 9.000000000000000222e-01 3.000000000000000444e-01 2.495618509748920300e-01 2.661455273730610194e-01
1.500000000000000222e-01 9.000000000000000222e-01 9.000000000000000222e-01 1.000000000000000056e-01 2.496663010719160636e-01 2.658165694384249655e-01
1.500000000000000222e-01 9.000000000000000222e-01 9.000000000000000222e-01 2.000000000000000111e-01 2.499113650594669001e-01 2.658204528483696927e-01
1.500000000000000222e-01 9.500000000000000666e-01 9.000000000000000222e-01 1.000000000000000056e-01 2.512370494791071329e-01 2.657957411580161300e-01
1.500000000000000222e-01 9.500000000000000666e-01 9.000000000000000222e-01 2.000000000000000111e-01 2.502852214066060843e-01 2.662806921116500081e-01
2.000000000000000111e-01 5.000000000000000278e-02 9.000000000000000222e-01 1.000000000000000056e-01 9.298418585769685496e-02 6.823196783920570940e-02
2.000000000000000111e-01 5.000000000000000278e-02 9.000000000000000222e-01 2.000000000000000111e-01 1.132180280107701192e-01 9.940878952790783984e-02
2.000000000000000111e-01 5.000000000000000278e-02 9.000000000000000222e-01 3.000000000000000444e-01 1.115641382972449719e-01 1.002225758116564586e-01
2.000000000000000111e-01 5.000000000000000278e-02 9.000000000000000222e-01 4.000000000000000222e-01 1.060438656412943242e-01 9.154876206839554498e-02
2.000000000000000111e-01 5.000000000000000278e-02 9.000000000000000222e-01 5.000000000000000000e-01 1.031241285606519231e-01 8.446407346341837374e-02
2.000000000000000111e-01 5.000000000000000278e-02 9.000000000000000222e-01 6.000000000000000888e-01 1.488590112805239507e-01 1.486609890395096112e-01
2.000000000000000111e-01 5.000000000000000278e-02 9.000000000000000222e-01 7.000000000000000666e-01 1.015234859741437207e-01 6.400662095758172243e-02
2.000000000000000111e-01 5.000000000000000278e-02 9.000000000000000222e-01 8.000000000000000444e-01 1.842707978981903971e-01 1.889769886330138760e-01
2.000000000000000111e-01 5.000000000000000278e-02 9.000000000000000222e-01 9.000000000000000222e-01 1.444505774515039975e-01 1.439651554816389623e-01
2.000000000000000111e-01 1.000000000000000056e-01 9.000000000000000222e-01 1.000000000000000056e-01 1.304240423692583639e-01 1.179479509647004681e-01
2.000000000000000111e-01 1.000000000000000056e-01 9.000000000000000222e-01 2.000000000000000111e-01 1.450931864135343308e-01 1.414208436139347547e-01
2.000000000000000111e-01 1.000000000000000056e-01 9.000000000000000222e-01 3.000000000000000444e-01 1.712958318086937048e-01 1.727338466842989473e-01
2.000000000000000111e-01 1.000000000000000056e-01 9.000000000000000222e-01 4.000000000000000222e-01 1.812519724425172563e-01 1.865097582821825806e-01
2.000000000000000111e-01 1.000000000000000056e-01 9.000000000000000222e-01 5.000000000000000000e-01 1.977700071320677155e-01 2.046619781250212378e-01
2.000000000000000111e-01 1.000000000000000056e-01 9.000000000000000222e-01 6.000000000000000888e-01 1.942694097925698193e-01 2.012664056272792934e-01
2.000000000000000111e-01 1.000000000000000056e-01 9.000000000000000222e-01 7.000000000000000666e-01 2.074029271084504578e-01 2.150772227038688922e-01
2.000000000000000111e-01 1.000000000000000056e-01 9.000000000000000222e-01 8.000000000000000444e-01 1.846050829125570891e-01 1.892763092030709249e-01
2.000000000000000111e-01 1.000000000000000056e-01 9.000000000000000222e-01 9.000000000000000222e-01 1.910647161417605988e-01 1.936471812089079203e-01
2.000000000000000111e-01 1.500000000000000222e-01 9.000000000000000222e-01 1.000000000000000056e-01 2.101447452554169315e-01 2.178273815359299537e-01
2.000000000000000111e-01 1.500000000000000222e-01 9.000000000000000222e-01 2.000000000000000111e-01 2.164409768840880599e-01 2.259147652285292684e-01
2.000000000000000111e-01 1.500000000000000222e-01 9.000000000000000222e-01 3.000000000000000444e-01 2.164536182290497934e-01 2.252335320088125481e-01
2.000000000000000111e-01 1.500000000000000222e-01 9.000000000000000222e-01 4.000000000000000222e-01 2.305299630770605290e-01 2.420292622973483354e-01
2.000000000000000111e-01 1.500000000000000222e-01 9.000000000000000222e-01 5.000000000000000000e-01 2.339091622996109787e-01 2.463614116659742226e-01
2.000000000000000111e-01 1.500000000000000222e-01 9.000000000000000222e-01 6.000000000000000888e-01 2.304726028477286359e-01 2.420572890894807372e-01
2.000000000000000111e-01 1.500000000000000222e-01 9.000000000000000222e-01 7.000000000000000666e-01 2.417787766994607124e-01 2.562189186822603770e-01
2.000000000000000111e-01 1.500000000000000222e-01 9.000000000000000222e-01 8.000000000000000444e-01 2.239071994706157975e-01 2.359451413179066703e-01
2.000000000000000111e-01 1.500000000000000222e-01 9.000000000000000222e-01 9.000000000000000222e-01 2.397200394973035276e-01 2.534798136543257030e-01
2.000000000000000111e-01 2.000000000000000111e-01 9.000000000000000222e-01 1.000000000000000056e-01 2.309479217556137942e-01 2.422710423715521699e-01
2.000000000000000111e-01 2.000000000000000111e-01 9.000000000000000222e-01 2.000000000000000111e-01 2.383656974516413507e-01 2.515693525298234867e-01
2.000000000000000111e-01 2.000000000000000111e-01 9.000000000000000222e-01 3.000000000000000444e-01 2.394584543868575333e-01 2.529539184005029084e-01
2.000000000000000111e-01 2.000000000000000111e-01 9.000000000000000222e-01 4.000000000000000222e-01 2.453860517834775268e-01 2.613647705071221461e-01
2.000000000000000111e-01 2.000000000000000111e-01 9.000000000000000222e-01 5.000000000000000000e-01 2.437384755153071125e-01 2.591293740975332272e-01
2.000000000000000111e-01 2.000000000000000111e-01 9.000000000000000222e-01 6.000000000000000888e-01 2.392410397411363354e-01 2.530777890120486373e-01
2.000000000000000111e-01 2.000000000000000111e-01 9.000000000000000222e-01 7.000000000000000666e-01 2.413250944556505351e-01 2.547919852556783105e-01
2.000000000000000111e-01 2.000000000000000111e-01 9.000000000000000222e-01 8.000000000000000444e-01 2.411968543234638551e-01 2.551201263632159044e-01
2.000000000000000111e-01 2.000000000000000111e-01 9.000000000000000222e-01 9.000000000000000222e-01 2.432865712784787193e-01 2.581706989955185882e-01
2.000000000000000111e-01 2.500000000000000000e-01 9.000000000000000222e-01 1.000000000000000056e-01 2.431457228974730767e-01 2.579825349069989615e-01
2.000000000000000111e-01 2.500000000000000000e-01 9.000000000000000222e-01 2.000000000000000111e-01 2.440111072181800067e-01 2.585476668536426104e-01
2.000000000000000111e-01 2.500000000000000000e-01 9.000000000000000222e-01 3.000000000000000444e-01 2.448936808914272678e-01 2.606043966786882327e-01
2.000000000000000111e-01 2.500000000000000000e-01 9.000000000000000222e-01 4.000000000000000222e-01 2.434674051864585409e-01 2.577764842373559961e-01
2.000000000000000111e-01 2.500000000000000000e-01 9.000000000000000222e-01 5.000000000000000000e-01 2.430105191837577672e-01 2.573429075193178761e-01
2.000000000000000111e-01 2.500000000000000000e-01 9.000000000000000222e-01 6.000000000000000888e-01 2.445106082303288852e-01 2.602721293381426437e-01
2.000000000000000111e-01 2.500000000000000000e-01 9.000000000000000222e-01 7.000000000000000666e-01 2.420701494948669374e-01 2.555628573946656656e-01
2.000000000000000111e-01 2.500000000000000000e-01 9.000000000000000222e-01 8.000000000000000444e-01 2.419175034769568133e-01 2.563115773864858560e-01
2.000000000000000111e-01 2.500000000000000000e-01 9.000000000000000222e-01 9.000000000000000222e-01 2.412950418421171417e-01 2.560446098318788777e-01
2.000000000000000111e-01 3.000000000000000444e-01 9.000000000000000222e-01 1.000000000000000056e-01 2.456723423381738380e-01 2.622713714056427170e-01
2.000000000000000111e-01 3.000000000000000444e-01 9.000000000000000222e-01 2.000000000000000111e-01 2.440901457048026690e-01 2.594603907741461768e-01
2.000000000000000111e-01 3.000000000000000444e-01 9.000000000000000222e-01 3.000000000000000444e-01 2.442835456358617985e-01 2.594793142745566716e-01
2.000000000000000111e-01 3.000000000000000444e-01 9.000000000000000222e-01 4.000000000000000222e-01 2.459140400535665405e-01 2.628678956631570474e-01
2.000000000000000111e-01 3.000000000000000444e-01 9.000000000000000222e-01 5.000000000000000000e-01 2.465189770292156857e-01 2.635456255491218092e-01
2.000000000000000111e-01 3.000000000000000444e-01 9.000000000000000222e-01 6.000000000000000888e-01 2.442823032062072519e-01 2.594149242287910329e-01
2.000000000000000111e-01 3.000000000000000444e-01 9.000000000000000222e-01 7.000000000000000666e-01 2.462522635078815136e-01 2.626312981139129477e-01
2.000000000000000111e-01 3.000000000000000444e-01 9.000000000000000222e-01 8.000000000000000444e-01 2.447274168997623511e-01 2.603558292207458491e-01
2.000000000000000111e-01 3.500000000000000333e-01 9.000000000000000222e-01 1.000000000000000056e-01 2.465045472637626689e-01 2.632332729311924746e-01
2.000000000000000111e-01 3.500000000000000333e-01 9.000000000000000222e-01 2.000000000000000111e-01 2.469258413143820552e-01 2.621972446962591574e-01
2.000000000000000111e-01 3.500000000000000333e-01 9.000000000000000222e-01 3.000000000000000444e-01 2.463031871017393737e-01 2.628571139851350047e-01
2.000000000000000111e-01 3.500000000000000333e-01 9.000000000000000222e-01 4.000000000000000222e-01 2.465685062579690834e-01 2.637888869692194826e-01
2.000000000000000111e-01 3.500000000000000333e-01 9.000000000000000222e-01 5.000000000000000000e-01 2.438764272924185683e-01 2.587911217346423598e-01
2.000000000000000111e-01 3.500000000000000333e-01 9.000000000000000222e-01 6.000000000000000888e-01 2.461064074164769355e-01 2.622110514592163599e-01
2.000000000000000111e-01 3.500000000000000333e-01 9.000000000000000222e-01 7.000000000000000666e-01 2.453249108761536568e-01 2.611589642693846747e-01
2.000000000000000111e-01 3.500000000000000333e-01 9.000000000000000222e-01 8.000000000000000444e-01 2.435796286717011039e-01 2.597171605388309823e-01
2.000000000000000111e-01 4.000000000000000222e-01 9.000000000000000222e-01 1.000000000000000056e-01 2.466462589433235097e-01 2.637996242148454851e-01
2.000000000000000111e-01 4.000000000000000222e-01 9.000000000000000222e-01 2.000000000000000111e-01 2.473014210642376087e-01 2.651817525491623195e-01
2.000000000000000111e-01 4.000000000000000222e-01 9.000000000000000222e-01 3.000000000000000444e-01 2.475665236103496147e-01 2.652235408053269516e-01
2.000000000000000111e-01 4.000000000000000222e-01 9.000000000000000222e-01 4.000000000000000222e-01 2.471724830800387795e-01 2.650702091411112349e-01
2.000000000000000111e-01 4.000000000000000222e-01 9.000000000000000222e-01 5.000000000000000000e-01 2.463673711338928707e-01 2.632164254127563052e-01
2.000000000000000111e-01 4.000000000000000222e-01 9.000000000000000222e-01 6.000000000000000888e-01 2.470172310462194765e-01 2.637955687770502378e-01
2.000000000000000111e-01 4.000000000000000222e-01 9.000000000000000222e-01 7.000000000000000666e-01 2.466738273556687844e-01 2.636947700144343654e-01
2.000000000000000111e-01 4.500000000000000111e-01 9.000000000000000222e-01 1.000000000000000056e-01 2.474255528051639008e-01 2.650593587324874267e-01
2.000000000000000111e-01 4.500000000000000111e-01 9.000000000000000222e-01 2.000000000000000111e-01 2.475126929176106327e-01 2.647531634557027114e-01
2.000000000000000111e-01 4.500000000000000111e-01 9.000000000000000222e-01 3.000000000000000444e-01 2.473815857836574039e-01 2.642329602051704529e-01
2.000000000000000111e-01 4.500000000000000111e-01 9.000000000000000222e-01 4.000000000000000222e-01 2.468049060916846504e-01 2.641793734559585993e-01
2.000000000000000111e-01 4.500000000000000111e-01 9.000000000000000222e-01 5.000000000000000000e-01 2.472961161630296556e-01 2.634151414081004061e-01
2.000000000000000111e-01 4.500000000000000111e-01 9.000000000000000222e-01 6.000000000000000888e-01 2.477987953923697917e-01 2.650512202484532343e-01
2.000000000000000111e-01 4.500000000000000111e-01 9.000000000000000222e-01 7.000000000000000666e-01 2.476704180194232996e-01 2.658465890552733080e-01
2.000000000000000111e-01 5.000000000000000000e-01 9.000000000000000222e-01 1.000000000000000056e-01 2.480340512224598337e-01 2.653895396757727232e-01
2.000000000000000111e-01 5.000000000000000000e-01 9.000000000000000222e-01 2.000000000000000111e-01 2.473135647588598218e-01 2.643424264304085058e-01
2.000000000000000111e-01 5.000000000000000000e-01 9.000000000000000222e-01 3.000000000000000444e-01 2.479576176867477055e-01 2.654188822044976082e-01
2.000000000000000111e-01 5.000000000000000000e-01 9.000000000000000222e-01 4.000000000000000222e-01 2.463727276522816034e-01 2.638807144042161767e-01
2.000000000000000111e-01 5.000000000000000000e-01 9.000000000000000222e-01 5.000000000000000000e-01 2.470683008939312530e-01 2.646611504899044065e-01
2.000000000000000111e-01 5.000000000000000000e-01 9.000000000000000222e-01 6.000000000000000888e-01 2.483299770529555639e-01 2.655615682641664366e-01
2.000000000000000111e-01 5.500000000000000444e-01 9.000000000000000222e-01 1.000000000000000056e-01 2.476149481464359758e-01 2.657481942768411542e-01
2.000000000000000111e-01 5.500000000000000444e-01 9.000000000000000222e-01 2.000000000000000111e-01 2.479149793816473601e-01 2.656545524003178227e-01
2.000000000000000111e-01 5.500000000000000444e-01 9.000000000000000222e-01 3.000000000000000444e-01 2.475538043458231086e-01 2.646930538794042276e-01
2.000000000000000111e-01 5.500000000000000444e-01 9.000000000000000222e-01 4.000000000000000222e-01 2.483782988855562923e-01 2.653513453935762434e-01
2.000000000000000111e-01 5.500000000000000444e-01 9.000000000000000222e-01 5.000000000000000000e-01 2.473759061866109277e-01 2.647405993766724919e-01
2.000000000000000111e-01 5.500000000000000444e-01 9.000000000000000222e-01 6.000000000000000888e-01 2.472443077953628277e-01 2.644014000571473511e-01
2.000000000000000111e-01 6.000000000000000888e-01 9.000000000000000222e-01 1.000000000000000056e-01 2.475618816156397728e-01 2.654254858210302603e-01
2.000000000000000111e-01 6.000000000000000888e-01 9.000000000000000222e-01 2.000000000000000111e-01 2.480322062553081963e-01 2.649649302046627186e-01
2.000000000000000111e-01 6.000000000000000888e-01 9.000000000000000222e-01 3.000000000000000444e-01 2.483484598452872227e-01 2.656901292139229320e-01
2.000000000000000111e-01 6.000000000000000888e-01 9.000000000000000222e-01 4.000000000000000222e-01 2.482877466631076557e-01 2.650013725502077255e-01
2.000000000000000111e-01 6.000000000000000888e-01 9.000000000000000222e-01 5.000000000000000000e-01 2.480460360863714908e-01 2.657554558260701860e-01
2.000000000000000111e-01 6.500000000000000222e-01 9.000000000000000222e-01 1.000000000000000056e-01 2.475811912865812647e-01 2.657928929162850507e-01
2.000000000000000111e-01 6.500000000000000222e-01 9.000000000000000222e-01 2.000000000000000111e-01 2.490720371782610132e-01 2.656313183790659505e-01
2.000000000000000111e-01 6.500000000000000222e-01 9.000000000000000222e-01 3.000000000000000444e-01 2.481337147510443153e-01 2.660589371198278652e-01
2.000000000000000111e-01 6.500000000000000222e-01 9.000000000000000222e-01 4.000000000000000222e-01 2.482236467573797900e-01 2.659468723912556953e-01
2.000000000000000111e-01 6.500000000000000222e-01 9.000000000000000222e-01 5.000000000000000000e-01 2.489102855626613431e-01 2.656445334302121042e-01
2.000000000000000111e-01 7.000000000000000666e-01 9.000000000000000222e-01 1.000000000000000056e-01 2.483437898269228727e-01 2.662413206830319123e-01
2.000000000000000111e-01 7.000000000000000666e-01 9.000000000000000222e-01 2.000000000000000111e-01 2.479694616422506714e-01 2.653375496240955589e-01
2.000000000000000111e-01 7.000000000000000666e-01 9.000000000000000222e-01 3.000000000000000444e-01 2.479992987062158982e-01 2.659478309421652309e-01
2.000000000000000111e-01 7.000000000000000666e-01 9.000000000000000222e-01 4.000000000000000222e-01 2.484553126299550996e-01 2.656806324446486789e-01
2.000000000000000111e-01 7.500000000000000000e-01 9.000000000000000222e-01 1.000000000000000056e-01 2.483515590849633414e-01 2.662674347034042488e-01
2.000000000000000111e-01 7.500000000000000000e-01 9.000000000000000222e-01 2.000000000000000111e-01 2.481267233561547936e-01 2.659584360533278069e-01
2.000000000000000111e-01 7.500000000000000000e-01 9.000000000000000222e-01 3.000000000000000444e-01 2.483960267717065795e-01 2.659526562649990322e-01
2.000000000000000111e-01 7.500000000000000000e-01 9.000000000000000222e-01 4.000000000000000222e-01 2.478581427487875632e-01 2.649181604598068174e-01
2.000000000000000111e-01 8.000000000000000444e-01 9.000000000000000222e-01 1.000000000000000056e-01 2.489070079768109511e-01 2.660241893476785746e-01
2.000000000000000111e-01 8.000000000000000444e-01 9.000000000000000222e-01 2.000000000000000111e-01 2.481000497719343112e-01 2.662416044010496585e-01
2.000000000000000111e-01 8.000000000000000444e-01 9.000000000000000222e-01 3.000000000000000444e-01 2.483104760074232586e-01 2.660527111580701098e-01
2.000000000000000111e-01 8.500000000000000888e-01 9.000000000000000222e-01 1.000000000000000056e-01 2.487568441784780982e-01 2.662871554363205329e-01
2.000000000000000111e-01 8.500000000000000888e-01 9.000000000000000222e-01 2.000000000000000111e-01 2.486458492292306088e-01 2.662328261999797885e-01
2.000000000000000111e-01 8.500000000000000888e-01 9.000000000000000222e-01 3.000000000000000444e-01 2.475473092705799405e-01 2.651272976010570215e-01
2.000000000000000111e-01 9.000000000000000222e-01 9.000000000000000222e-01 1.000000000000000056e-01 2.481407888002429563e-01 2.655008826778524345e-01
2.000000000000000111e-01 9.000000000000000222e-01 9.000000000000000222e-01 2.000000000000000111e-01 2.482511778960503346e-01 2.662546812808456176e-01
2.000000000000000111e-01 9.500000000000000666e-01 9.000000000000000222e-01 1.000000000000000056e-01 2.490709858532792476e-01 2.662191325088169580e-01
2.000000000000000111e-01 9.500000000000000666e-01 9.000000000000000222e-01 2.000000000000000111e-01 2.486197242020996845e-01 2.661221012642487893e-01
2.500000000000000000e-01 5.000000000000000278e-02 9.000000000000000222e-01 1.000000000000000056e-01 1.101744593376246112e-01 5.684845659894986747e-02
2.500000000000000000e-01 5.000000000000000278e-02 9.000000000000000222e-01 2.000000000000000111e-01 9.044869159796860292e-02 4.976360318920785425e-02
2.500000000000000000e-01 5.000000000000000278e-02 9.000000000000000222e-01 3.000000000000000444e-01 9.746253838904027356e-02 4.966969858026461238e-02
2.500000000000000000e-01 5.000000000000000278e-02 9.000000000000000222e-01 4.000000000000000222e-01 1.251685442166899365e-01 6.936323090400517422e-02
2.500000000000000000e-01 5.000000000000000278e-02 9.000000000000000222e-01 5.000000000000000000e-01 1.130367030238499104e-01 7.262790362760834784e-02
2.500000000000000000e-01 5.000000000000000278e-02 9.000000000000000222e-01 6.000000000000000888e-01 1.242224714483844278e-01 6.225455548322232635e-02
2.500000000000000000e-01 5.000000000000000278e-02 9.000000000000000222e-01 7.000000000000000666e-01 1.074310365871747330e-01 7.120153272484623652e-02
2.500000000000000000e-01 5.000000000000000278e-02 9.000000000000000222e-01 8.000000000000000444e-01 1.165519082134784390e-01 8.628268383921340601e-02
2.500000000000000000e-01 5.000000000000000278e-02 9.000000000000000222e-01 9.000000000000000222e-01 1.113868620650101671e-01 6.724770041099482898e-02
2.500000000000000000e-01 1.000000000000000056e-01 9.000000000000000222e-01 1.000000000000000056e-01 1.208818947478205036e-01 9.481268768602756081e-02
2.500000000000000000e-01 1.000000000000000056e-01 9.000000000000000222e-01 2.000000000000000111e-01 1.261443769015972716e-01 1.014606041120520857e-01
2.500000000000000000e-01 1.000000000000000056e-01 9.000000000000000222e-01 3.000000000000000444e-01 1.181584103983265299e-01 1.040366407337899313e-01
2.500000000000000000e-01 1.000000000000000056e-01 9.000000000000000222e-01 4.000000000000000222e-01 1.516862226020313231e-01 1.427521921767790358e-01
2.500000000000000000e-01 1.000000000000000056e-01 9.000000000000000222e-01 5.000000000000000000e-01 1.595720983123548320e-01 1.531155561591602821e-01
2.500000000000000000e-01 1.000000000000000056e-01 9.000000000000000222e-01 6.000000000000000888e-01 1.263951511038144127e-01 9.464073015787791143e-02
2.500000000000000000e-01 1.000000000000000056e-01 9.000000000000000222e-01 7.000000000000000666e-01 1.250730108044828537e-01 9.355222937324252086e-02
2.500000000000000000e-01 1.000000000000000056e-01 9.000000000000000222e-01 8.000000000000000444e-01 1.500158321814904772e-01 1.376014971442923451e-01
2.500000000000000000e-01 1.000000000000000056e-01 9.000000000000000222e-01 9.000000000000000222e-01 1.783774982925874220e-01 1.781492880859779915e-01
2.500000000000000000e-01 1.500000000000000222e-01 9.000000000000000222e-01 1.000000000000000056e-01 2.180838885316957743e-01 2.269996240571501844e-01
2.500000000000000000e-01 1.500000000000000222e-01 9.000000000000000222e-01 2.000000000000000111e-01 2.211255117567954842e-01 2.305331400706303879e-01
2.500000000000000000e-01 1.500000000000000222e-01 9.000000000000000222e-01 3.000000000000000444e-01 2.086200551534379832e-01 2.162765263323535858e-01
2.500000000000000000e-01 1.500000000000000222e-01 9.000000000000000222e-01 4.000000000000000222e-01 1.991997499189170628e-01 2.005093669241914400e-01
2.500000000000000000e-01 1.500000000000000222e-01 9.000000000000000222e-01 5.000000000000000000e-01 2.362770197634060376e-01 2.489313233582172713e-01
2.500000000000000000e-01 1.500000000000000222e-01 9.000000000000000222e-01 6.000000000000000888e-01 2.218829511489992523e-01 2.298357922115548124e-01
2.500000000000000000e-01 1.500000000000000222e-01 9.000000000000000222e-01 7.000000000000000666e-01 2.070950717672120633e-01 2.122227306685503245e-01
2.500000000000000000e-01 1.500000000000000222e-01 9.000000000000000222e-01 8.000000000000000444e-01 2.341737828203930005e-01 2.460985298914737107e-01
2.500000000000000000e-01 1.500000000000000222e-01 9.000000000000000222e-01 9.000000000000000222e-01 2.367334866541037641e-01 2.480688820498282710e-01
2.500000000000000000e-01 2.000000000000000111e-01 9.000000000000000222e-01 1.000000000000000056e-01 2.331291050907324247e-01 2.451866387723264373e-01
2.500000000000000000e-01 2.000000000000000111e-01 9.000000000000000222e-01 2.000000000000000111e-01 2.400247356303291668e-01 2.532788198566739424e-01
2.500000000000000000e-01 2.000000000000000111e-01 9.000000000000000222e-01 3.000000000000000444e-01 2.406136361393562961e-01 2.541162158692523154e-01
2.500000000000000000e-01 2.000000000000000111e-01 9.000000000000000222e-01 4.000000000000000222e-01 2.411533218557231351e-01 2.554239295971152401e-01
2.500000000000000000e-01 2.000000000000000111e-01 9.000000000000000222e-01 5.000000000000000000e-01 2.317004109846287629e-01 2.432162807401435367e-01
2.500000000000000000e-01 2.000000000000000111e-01 9.000000000000000222e-01 6.000000000000000888e-01 2.236802935107954082e-01 2.338483714034778338e-01
2.500000000000000000e-01 2.000000000000000111e-01 9.000000000000000222e-01 7.000000000000000666e-01 2.395073715784103441e-01 2.524764580190532182e-01
2.500000000000000000e-01 2.000000000000000111e-01 9.000000000000000222e-01 8.000000000000000444e-01 2.339973917383087465e-01 2.441203747005564750e-01
2.500000000000000000e-01 2.000000000000000111e-01 9.000000000000000222e-01 9.000000000000000222e-01 2.422389656454402296e-01 2.561764083108744039e-01
2.500000000000000000e-01 2.500000000000000000e-01 9.000000000000000222e-01 1.000000000000000056e-01 2.439017868401852640e-01 2.592212099720322405e-01
2.500000000000000000e-01 2.500000000000000000e-01 9.000000000000000222e-01 2.000000000000000111e-01 2.417516038212039198e-01 2.541148795196129795e-01
2.500000000000000000e-01 2.500000000000000000e-01 9.000000000000000222e-01 3.000000000000000444e-01 2.419230561128530022e-01 2.564626659343464676e-01
2.500000000000000000e-01 2.500000000000000000e-01 9.000000000000000222e-01 4.000000000000000222e-01 2.440611385799764943e-01 2.593790528920043026e-01
2.500000000000000000e-01 2.500000000000000000e-01 9.000000000000000222e-01 5.000000000000000000e-01 2.450354583935100139e-01 2.617261270454793176e-01
2.500000000000000000e-01 2.500000000000000000e-01 9.000000000000000222e-01 6.000000000000000888e-01 2.423042960108548471e-01 2.565796116008101091e-01
2.500000000000000000e-01 2.500000000000000000e-01 9.000000000000000222e-01 7.000000000000000666e-01 2.386651050462964829e-01 2.508562033562601323e-01
2.500000000000000000e-01 2.500000000000000000e-01 9.000000000000000222e-01 8.000000000000000444e-01 2.411444574713431654e-01 2.556128796284697358e-01
2.500000000000000000e-01 2.500000000000000000e-01 9.000000000000000222e-01 9.000000000000000222e-01 2.443161245809311322e-01 2.603124796550548292e-01
2.500000000000000000e-01 3.000000000000000444e-01 9.000000000000000222e-01 1.000000000000000056e-01 2.435945034042226454e-01 2.592615467518303296e-01
2.500000000000000000e-01 3.000000000000000444e-01 9.000000000000000222e-01 2.000000000000000111e-01 2.457022043990952642e-01 2.618580657325020322e-01
2.500000000000000000e-01 3.000000000000000444e-01 9.000000000000000222e-01 3.000000000000000444e-01 2.434827807815853340e-01 2.578029463966737267e-01
2.500000000000000000e-01 3.000000000000000444e-01 9.000000000000000222e-01 4.000000000000000222e-01 2.448758382371595266e-01 2.606352318599345352e-01
2.500000000000000000e-01 3.000000000000000444e-01 9.000000000000000222e-01 5.000000000000000000e-01 2.399021222145089616e-01 2.535367032635529871e-01
2.500000000000000000e-01 3.000000000000000444e-01 9.000000000000000222e-01 6.000000000000000888e-01 2.438178886067326467e-01 2.590869252770672260e-01
2.500000000000000000e-01 3.000000000000000444e-01 9.000000000000000222e-01 7.000000000000000666e-01 2.458985262925872939e-01 2.626575057754734210e-01
2.500000000000000000e-01 3.000000000000000444e-01 9.000000000000000222e-01 8.000000000000000444e-01 2.454515454403252972e-01 2.617799831932712817e-01
2.500000000000000000e-01 3.500000000000000333e-01 9.000000000000000222e-01 1.000000000000000056e-01 2.452020729008557165e-01 2.617687902456555804e-01
2.500000000000000000e-01 3.500000000000000333e-01 9.000000000000000222e-01 2.000000000000000111e-01 2.428155361808213564e-01 2.578136184569471689e-01
2.500000000000000000e-01 3.500000000000000333e-01 9.000000000000000222e-01 3.000000000000000444e-01 2.458151989554935857e-01 2.623443059763635454e-01
2.500000000000000000e-01 3.500000000000000333e-01 9.000000000000000222e-01 4.000000000000000222e-01 2.463384357959299831e-01 2.638157302015679551e-01
2.500000000000000000e-01 3.500000000000000333e-01 9.000000000000000222e-01 5.000000000000000000e-01 2.461309965183445803e-01 2.626968800322481146e-01
2.500000000000000000e-01 3.500000000000000333e-01 9.000000000000000222e-01 6.000000000000000888e-01 2.461789042307319375e-01 2.631232197303031151e-01
2.500000000000000000e-01 3.500000000000000333e-01 9.000000000000000222e-01 7.000000000000000666e-01 2.455986711541800205e-01 2.617684696060317839e-01
2.500000000000000000e-01 3.500000000000000333e-01 9.000000000000000222e-01 8.000000000000000444e-01 2.458240250798675308e-01 2.622110912189372089e-01
2.500000000000000000e-01 4.000000000000000222e-01 9.000000000000000222e-01 1.000000000000000056e-01 2.467158650261991604e-01 2.642410999675779970e-01
2.500000000000000000e-01 4.000000000000000222e-01 9.000000000000000222e-01 2.000000000000000111e-01 2.463030589721220409e-01 2.639200934818331512e-01
2.500000000000000000e-01 4.000000000000000222e-01 9.000000000000000222e-01 3.000000000000000444e-01 2.464734604428485687e-01 2.633562784983415339e-01
2.500000000000000000e-01 4.000000000000000222e-01 9.000000000000000222e-01 4.000000000000000222e-01 2.460883924495079200e-01 2.633494584977267849e-01
2.500000000000000000e-01 4.000000000000000222e-01 9.000000000000000222e-01 5.000000000000000000e-01 2.462584121993730280e-01 2.643607753151301920e-01
2.500000000000000000e-01 4.000000000000000222e-01 9.000000000000000222e-01 6.000000000000000888e-01 2.452369925935730666e-01 2.616462477371370166e-01
2.500000000000000000e-01 4.000000000000000222e-01 9.000000000000000222e-01 7.000000000000000666e-01 2.473390495633925601e-01 2.647112664670575044e-01
2.500000000000000000e-01 4.500000000000000111e-01 9.000000000000000222e-01 1.000000000000000056e-01 2.461312458360600530e-01 2.636172902500589221e-01
2.500000000000000000e-01 4.500000000000000111e-01 9.000000000000000222e-01 2.000000000000000111e-01 2.467968687422116281e-01 2.644270134342070477e-01
2.500000000000000000e-01 4.500000000000000111e-01 9.000000000000000222e-01 3.000000000000000444e-01 2.467386377649519735e-01 2.641068030933232391e-01
2.500000000000000000e-01 4.500000000000000111e-01 9.000000000000000222e-01 4.000000000000000222e-01 2.466613437251824748e-01 2.643159803593872481e-01
2.500000000000000000e-01 4.500000000000000111e-01 9.000000000000000222e-01 5.000000000000000000e-01 2.465484685353164507e-01 2.644198414999216484e-01
2.500000000000000000e-01 4.500000000000000111e-01 9.000000000000000222e-01 6.000000000000000888e-01 2.472022065356679066e-01 2.651222540676789197e-01
2.500000000000000000e-01 4.500000000000000111e-01 9.000000000000000222e-01 7.000000000000000666e-01 2.469395186111073837e-01 2.646573382092177185e-01
2.500000000000000000e-01 5.000000000000000000e-01 9.000000000000000222e-01 1.000000000000000056e-01 2.469715703164147014e-01 2.650767697940528689e-01
2.500000000000000000e-01 5.000000000000000000e-01 9.000000000000000222e-01 2.000000000000000111e-01 2.454991062732469198e-01 2.620407536630260936e-01
2.500000000000000000e-01 5.000000000000000000e-01 9.000000000000000222e-01 3.000000000000000444e-01 2.472487209960110566e-01 2.654316539698401978e-01
2.500000000000000000e-01 5.000000000000000000e-01 9.000000000000000222e-01 4.000000000000000222e-01 2.471975514402979246e-01 2.648151706725315191e-01
2.500000000000000000e-01 5.000000000000000000e-01 9.000000000000000222e-01 5.000000000000000000e-01 2.468949872078236851e-01 2.641561321288637965e-01
2.500000000000000000e-01 5.000000000000000000e-01 9.000000000000000222e-01 6.000000000000000888e-01 2.474740081338227538e-01 2.656875393978055389e-01
2.500000000000000000e-01 5.500000000000000444e-01 9.000000000000000222e-01 1.000000000000000056e-01 2.473488006153680696e-01 2.655560328333910203e-01
2.500000000000000000e-01 5.500000000000000444e-01 9.000000000000000222e-01 2.000000000000000111e-01 2.469953884516243314e-01 2.648476766122651038e-01
2.500000000000000000e-01 5.500000000000000444e-01 9.000000000000000222e-01 3.000000000000000444e-01 2.474161413564389123e-01 2.657612874136229819e-01
2.500000000000000000e-01 5.500000000000000444e-01 9.000000000000000222e-01 4.000000000000000222e-01 2.465696232333218496e-01 2.639002971069739911e-01
2.500000000000000000e-01 5.500000000000000444e-01 9.000000000000000222e-01 5.000000000000000000e-01 2.467704885008424609e-01 2.646141435841929956e-01
2.500000000000000000e-01 5.500000000000000444e-01 9.000000000000000222e-01 6.000000000000000888e-01 2.474295649719598922e-01 2.657389845876442780e-01
2.500000000000000000e-01 6.000000000000000888e-01 9.000000000000000222e-01 1.000000000000000056e-01 2.472422788868472998e-01 2.653353918807068723e-01
2.500000000000000000e-01 6.000000000000000888e-01 9.000000000000000222e-01 2.000000000000000111e-01 2.455058209092748911e-01 2.624122203404112841e-01
2.500000000000000000e-01 6.000000000000000888e-01 9.000000000000000222e-01 3.000000000000000444e-01 2.476614985281489489e-01 2.659248143153037369e-01
2.500000000000000000e-01 6.000000000000000888e-01 9.000000000000000222e-01 4.000000000000000222e-01 2.473639420524139376e-01 2.654546852430251236e-01
2.500000000000000000e-01 6.000000000000000888e-01 9.000000000000000222e-01 5.000000000000000000e-01 2.475398788357619784e-01 2.657494800329378570e-01
2.500000000000000000e-01 6.500000000000000222e-01 9.000000000000000222e-01 1.000000000000000056e-01 2.473945784565157735e-01 2.659582378502362010e-01
2.500000000000000000e-01 6.500000000000000222e-01 9.000000000000000222e-01 2.000000000000000111e-01 2.473970861159659196e-01 2.658226460495017318e-01
2.500000000000000000e-01 6.500000000000000222e-01 9.000000000000000222e-01 3.000000000000000444e-01 2.465519553760913418e-01 2.638591464238209117e-01
2.500000000000000000e-01 6.500000000000000222e-01 9.000000000000000222e-01 4.000000000000000222e-01 2.472080500347238752e-01 2.661932131790923362e-01
2.500000000000000000e-01 6.500000000000000222e-01 9.000000000000000222e-01 5.000000000000000000e-01 2.475679242271854319e-01 2.653896563330188085e-01
2.500000000000000000e-01 7.000000000000000666e-01 9.000000000000000222e-01 1.000000000000000056e-01 2.465291479190186985e-01 2.642470480040262082e-01
2.500000000000000000e-01 7.000000000000000666e-01 9.000000000000000222e-01 2.000000000000000111e-01 2.476436803056442093e-01 2.660024683553178226e-01
2.500000000000000000e-01 7.000000000000000666e-01 9.000000000000000222e-01 3.000000000000000444e-01 2.476120169382251546e-01 2.661783709203603410e-01
2.500000000000000000e-01 7.000000000000000666e-01 9.000000000000000222e-01 4.000000000000000222e-01 2.473520427439770408e-01 2.662382687210612664e-01
2.500000000000000000e-01 7.500000000000000000e-01 9.000000000000000222e-01 1.000000000000000056e-01 2.477267902890558648e-01 2.659709673317745549e-01
2.500000000000000000e-01 7.500000000000000000e-01 9.000000000000000222e-01 2.000000000000000111e-01 2.473177889792962658e-01 2.660028441108235886e-01
2.500000000000000000e-01 7.500000000000000000e-01 9.000000000000000222e-01 3.000000000000000444e-01 2.477967681584488935e-01 2.662686961977285272e-01
2.500000000000000000e-01 7.500000000000000000e-01 9.000000000000000222e-01 4.000000000000000222e-01 2.474623430365801013e-01 2.659239212069748337e-01
2.500000000000000000e-01 8.000000000000000444e-01 9.000000000000000222e-01 1.000000000000000056e-01 2.473875017437113522e-01 2.662816977543113750e-01
2.500000000000000000e-01 8.000000000000000444e-01 9.000000000000000222e-01 2.000000000000000111e-01 2.477175282615036445e-01 2.662593369530176779e-01
2.500000000000000000e-01 8.000000000000000444e-01 9.000000000000000222e-01 3.000000000000000444e-01 2.479315251748800963e-01 2.662746065879824098e-01
2.500000000000000000e-01 8.500000000000000888e-01 9.000000000000000222e-01 1.000000000000000056e-01 2.471559610397982831e-01 2.652921404886879886e-01
2.500000000000000000e-01 8.500000000000000888e-01 9.000000000000000222e-01 2.000000000000000111e-01 2.478303337752017221e-01 2.661398805802930312e-01
2.500000000000000000e-01 8.500000000000000888e-01 9.000000000000000222e-01 3.000000000000000444e-01 2.475081651869948107e-01 2.663096814403159707e-01
2.500000000000000000e-01 9.000000000000000222e-01 9.000000000000000222e-01 1.000000000000000056e-01 2.478969510928266118e-01 2.662062001629980634e-01
2.500000000000000000e-01 9.000000000000000222e-01 9.000000000000000222e-01 2.000000000000000111e-01 2.479797190225506431e-01 2.662823480299194023e-01
2.500000000000000000e-01 9.500000000000000666e-01 9.000000000000000222e-01 1.000000000000000056e-01 2.475291389375429141e-01 2.662165894070456229e-01
2.500000000000000000e-01 9.500000000000000666e-01 9.000000000000000222e-01 2.000000000000000111e-01 2.461581969378260348e-01 2.639231926839277764e-01
