0.13 0.11 0.13 0.13 0.11 0.11 0.13 0.13 0.15 0.13 0.16 0.12 0.16 0.15 0.13 0.13 0.13 0.13 0.15 0.11 0.11 0.11 0.15 0.12 0.14 0.13 0.11 0.14 0.12 0.12 0.13 0.12 0.11 0.10 0.14 0.10 0.14 0.14 0.13 0.12 0.12 0.12 0.12 0.10 0.13 0.12 0.14 0.10 0.14 0.14 0.12 0.13 0.13 0.11 0.13 0.12 0.11 0.13 0.13 0.12 0.11 0.12 0.14 0.11 0.11 0.12 0.11 0.11 0.11 0.15 0.11 0.10 0.10 0.11 0.13 0.11 0.13 0.13 0.12 0.12 0.11 0.11 0.10 0.09 0.12 0.11 0.12 0.10 0.09 0.11 0.11 0.11 0.12 0.11 0.09 0.11 0.10 0.11 0.11 0.09
0.13 0.13 0.14 0.14 0.13 0.13 0.14 0.13 0.13 0.12 0.15 0.13 0.13 0.13 0.12 0.12 0.12 0.12 0.14 0.12 0.13 0.13 0.12 0.11 0.14 0.14 0.13 0.12 0.14 0.13 0.11 0.10 0.13 0.12 0.14 0.12 0.12 0.10 0.13 0.10 0.13 0.13 0.11 0.12 0.12 0.12 0.14 0.12 0.13 0.14 0.11 0.10 0.13 0.10 0.14 0.13 0.14 0.13 0.11 0.11 0.14 0.13 0.12 0.11 0.13 0.10 0.11 0.11 0.10 0.12 0.12 0.11 0.13 0.13 0.12 0.11 0.10 0.09 0.11 0.11 0.13 0.12 0.12 0.09 0.12 0.10 0.12 0.12 0.12 0.11 0.11 0.15 0.11 0.11 0.10 0.10 0.10 0.10 0.10 0.12
0.12 0.11 0.13 0.15 0.15 0.12 0.12 0.11 0.13 0.11 0.15 0.13 0.13 0.11 0.11 0.15 0.13 0.15 0.13 0.12 0.13 0.13 0.12 0.14 0.14 0.11 0.13 0.14 0.12 0.14 0.14 0.12 0.13 0.12 0.14 0.15 0.12 0.15 0.11 0.10 0.11 0.17 0.13 0.11 0.12 0.14 0.12 0.11 0.13 0.11 0.11 0.12 0.12 0.12 0.12 0.12 0.12 0.11 0.12 0.13 0.12 0.12 0.09 0.11 0.13 0.12 0.13 0.13 0.10 0.11 0.14 0.15 0.13 0.11 0.13 0.11 0.12 0.09 0.12 0.11 0.12 0.12 0.11 0.12 0.10 0.11 0.13 0.12 0.10 0.11 0.14 0.09 0.10 0.10 0.10 0.11 0.13 0.10 0.09 0.10
0.12 0.11 0.14 0.10 0.12 0.11 0.13 0.12 0.13 0.13 0.11 0.14 0.13 0.11 0.13 0.13 0.13 0.14 0.13 0.14 0.11 0.14 0.11 0.13 0.14 0.13 0.12 0.14 0.11 0.13 0.14 0.14 0.13 0.14 0.12 0.14 0.12 0.12 0.13 0.12 0.12 0.12 0.11 0.14 0.12 0.12 0.11 0.13 0.11 0.11 0.13 0.11 0.14 0.11 0.11 0.12 0.11 0.13 0.13 0.13 0.12 0.10 0.12 0.11 0.09 0.12 0.11 0.11 0.14 0.13 0.13 0.09 0.14 0.11 0.12 0.11 0.14 0.12 0.13 0.09 0.13 0.10 0.12 0.12 0.10 0.10 0.09 0.09 0.10 0.10 0.11 0.12 0.08 0.12 0.12 0.12 0.12 0.09 0.11 0.12
0.15 0.13 0.11 0.13 0.12 0.13 0.11 0.14 0.12 0.14 0.15 0.12 0.12 0.11 0.13 0.12 0.13 0.12 0.13 0.13 0.11 0.12 0.12 0.13 0.14 0.13 0.12 0.12 0.12 0.12 0.13 0.10 0.12 0.11 0.12 0.10 0.12 0.12 0.12 0.10 0.10 0.13 0.13 0.12 0.14 0.12 0.11 0.12 0.13 0.12 0.13 0.12 0.10 0.11 0.11 0.10 0.10 0.12 0.14 0.12 0.12 0.11 0.10 0.11 0.12 0.11 0.15 0.11 0.10 0.10 0.11 0.11 0.13 0.10 0.11 0.11 0.13 0.12 0.11 0.13 0.13 0.11 0.09 0.11 0.11 0.10 0.10 0.12 0.12 0.10 0.11 0.11 0.15 0.11 0.13 0.11 0.12 0.10 0.10 0.11
0.12 0.14 0.14 0.12 0.12 0.16 0.14 0.12 0.11 0.12 0.13 0.11 0.11 0.13 0.13 0.13 0.12 0.12 0.14 0.12 0.12 0.11 0.11 0.12 0.12 0.13 0.13 0.14 0.13 0.16 0.16 0.13 0.11 0.14 0.14 0.12 0.14 0.11 0.10 0.13 0.15 0.12 0.11 0.11 0.15 0.15 0.10 0.11 0.11 0.10 0.13 0.11 0.14 0.15 0.11 0.13 0.12 0.12 0.13 0.12 0.12 0.12 0.09 0.11 0.13 0.11 0.12 0.10 0.11 0.11 0.12 0.12 0.11 0.13 0.10 0.15 0.13 0.12 0.13 0.12 0.13 0.10 0.10 0.11 0.10 0.14 0.11 0.09 0.11 0.12 0.11 0.13 0.11 0.12 0.11 0.10 0.10 0.11 0.11 0.12
0.12 0.16 0.14 0.12 0.13 0.14 0.13 0.14 0.12 0.12 0.14 0.14 0.13 0.16 0.13 0.14 0.15 0.13 0.12 0.11 0.13 0.13 0.14 0.13 0.13 0.11 0.12 0.11 0.12 0.12 0.11 0.14 0.10 0.12 0.12 0.14 0.13 0.12 0.10 0.11 0.12 0.12 0.12 0.13 0.11 0.13 0.14 0.13 0.13 0.10 0.13 0.13 0.11 0.13 0.12 0.12 0.11 0.13 0.13 0.14 0.10 0.11 0.10 0.13 0.14 0.12 0.11 0.12 0.13 0.11 0.10 0.10 0.10 0.12 0.09 0.13 0.11 0.13 0.14 0.14 0.12 0.11 0.10 0.12 0.11 0.10 0.12 0.12 0.14 0.12 0.11 0.10 0.12 0.10 0.10 0.11 0.12 0.10 0.09 0.10
0.14 0.12 0.16 0.12 0.13 0.16 0.12 0.11 0.12 0.15 0.11 0.12 0.12 0.12 0.12 0.12 0.13 0.15 0.14 0.10 0.14 0.14 0.14 0.15 0.13 0.12 0.13 0.14 0.13 0.10 0.12 0.10 0.13 0.12 0.13 0.13 0.13 0.12 0.13 0.13 0.13 0.10 0.11 0.14 0.13 0.11 0.13 0.11 0.12 0.12 0.12 0.11 0.09 0.12 0.11 0.14 0.12 0.14 0.12 0.12 0.14 0.12 0.11 0.12 0.11 0.12 0.11 0.12 0.12 0.13 0.10 0.13 0.10 0.10 0.11 0.11 0.10 0.12 0.09 0.13 0.10 0.14 0.10 0.09 0.13 0.11 0.13 0.12 0.13 0.07 0.12 0.12 0.11 0.13 0.10 0.11 0.11 0.10 0.11 0.11
0.12 0.13 0.14 0.14 0.13 0.13 0.15 0.14 0.13 0.12 0.16 0.13 0.15 0.14 0.14 0.13 0.15 0.12 0.12 0.12 0.11 0.12 0.12 0.14 0.12 0.10 0.16 0.14 0.14 0.11 0.11 0.11 0.14 0.13 0.15 0.13 0.15 0.14 0.12 0.13 0.12 0.12 0.11 0.15 0.13 0.09 0.12 0.13 0.09 0.10 0.14 0.13 0.11 0.11 0.14 0.12 0.13 0.14 0.13 0.11 0.12 0.12 0.10 0.12 0.10 0.11 0.14 0.13 0.12 0.10 0.11 0.11 0.12 0.11 0.13 0.10 0.11 0.12 0.12 0.11 0.12 0.12 0.11 0.11 0.14 0.13 0.10 0.13 0.12 0.11 0.12 0.11 0.13 0.09 0.10 0.13 0.12 0.10 0.09 0.13
0.13 0.15 0.12 0.13 0.13 0.16 0.10 0.15 0.12 0.11 0.14 0.13 0.14 0.13 0.13 0.13 0.13 0.11 0.15 0.13 0.13 0.15 0.10 0.12 0.12 0.13 0.14 0.11 0.13 0.15 0.12 0.11 0.14 0.13 0.12 0.11 0.13 0.12 0.14 0.11 0.14 0.12 0.11 0.12 0.11 0.12 0.12 0.14 0.10 0.13 0.12 0.11 0.11 0.13 0.12 0.11 0.11 0.11 0.10 0.12 0.12 0.11 0.10 0.12 0.11 0.10 0.11 0.12 0.14 0.12 0.11 0.12 0.10 0.12 0.13 0.11 0.11 0.10 0.13 0.14 0.12 0.12 0.11 0.11 0.11 0.10 0.12 0.13 0.12 0.10 0.11 0.11 0.11 0.11 0.11 0.15 0.12 0.11 0.12 0.12
0.13 0.13 0.13 0.16 0.14 0.12 0.12 0.12 0.12 0.13 0.13 0.13 0.14 0.10 0.13 0.12 0.11 0.11 0.11 0.13 0.13 0.14 0.12 0.10 0.15 0.14 0.12 0.14 0.15 0.15 0.11 0.13 0.13 0.14 0.11 0.14 0.12 0.13 0.11 0.12 0.12 0.12 0.12 0.12 0.10 0.13 0.13 0.12 0.13 0.11 0.12 0.11 0.13 0.11 0.09 0.12 0.12 0.11 0.12 0.11 0.12 0.11 0.10 0.10 0.11 0.14 0.11 0.13 0.15 0.12 0.14 0.12 0.11 0.10 0.13 0.12 0.11 0.13 0.11 0.11 0.13 0.13 0.12 0.12 0.10 0.13 0.11 0.12 0.12 0.11 0.11 0.09 0.09 0.11 0.10 0.10 0.11 0.12 0.11 0.08
0.12 0.12 0.14 0.12 0.15 0.14 0.13 0.14 0.15 0.11 0.11 0.15 0.14 0.15 0.15 0.12 0.12 0.15 0.13 0.13 0.13 0.11 0.14 0.14 0.12 0.13 0.11 0.13 0.11 0.14 0.11 0.12 0.13 0.12 0.12 0.11 0.10 0.13 0.11 0.12 0.12 0.12 0.12 0.13 0.10 0.12 0.12 0.14 0.12 0.12 0.14 0.12 0.13 0.13 0.12 0.12 0.14 0.11 0.13 0.10 0.11 0.14 0.13 0.13 0.11 0.12 0.11 0.11 0.10 0.08 0.10 0.12 0.12 0.14 0.12 0.14 0.11 0.12 0.11 0.11 0.11 0.12 0.11 0.14 0.12 0.12 0.10 0.14 0.12 0.11 0.11 0.12 0.11 0.12 0.12 0.13 0.13 0.10 0.14 0.11
0.14 0.13 0.13 0.12 0.13 0.14 0.16 0.12 0.13 0.13 0.13 0.12 0.13 0.12 0.14 0.14 0.13 0.15 0.13 0.13 0.11 0.13 0.11 0.12 0.13 0.13 0.13 0.12 0.13 0.17 0.13 0.13 0.13 0.12 0.11 0.12 0.10 0.12 0.12 0.13 0.10 0.11 0.12 0.12 0.14 0.14 0.12 0.11 0.12 0.13 0.12 0.13 0.11 0.10 0.11 0.12 0.14 0.13 0.11 0.12 0.10 0.12 0.12 0.12 0.14 0.11 0.09 0.13 0.13 0.13 0.13 0.11 0.12 0.12 0.10 0.10 0.12 0.11 0.13 0.12 0.14 0.13 0.13 0.12 0.11 0.12 0.13 0.12 0.12 0.12 0.11 0.11 0.11 0.12 0.12 0.09 0.12 0.12 0.10 0.12
0.12 0.13 0.12 0.14 0.13 0.12 0.12 0.14 0.11 0.15 0.11 0.14 0.13 0.13 0.11 0.14 0.12 0.10 0.12 0.11 0.12 0.13 0.13 0.14 0.12 0.12 0.12 0.11 0.13 0.11 0.12 0.11 0.11 0.12 0.11 0.10 0.12 0.11 0.12 0.12 0.13 0.14 0.13 0.12 0.10 0.11 0.12 0.12 0.12 0.13 0.14 0.11 0.13 0.10 0.11 0.11 0.12 0.13 0.11 0.13 0.12 0.14 0.12 0.14 0.12 0.12 0.11 0.13 0.12 0.11 0.11 0.09 0.08 0.12 0.12 0.12 0.11 0.13 0.10 0.12 0.12 0.11 0.14 0.13 0.11 0.11 0.11 0.10 0.11 0.12 0.10 0.12 0.11 0.12 0.12 0.11 0.12 0.11 0.11 0.13
0.13 0.14 0.12 0.13 0.12 0.13 0.14 0.11 0.15 0.12 0.13 0.15 0.14 0.12 0.10 0.11 0.13 0.13 0.15 0.17 0.14 0.12 0.13 0.13 0.12 0.13 0.14 0.14 0.14 0.12 0.14 0.13 0.12 0.12 0.12 0.11 0.13 0.14 0.16 0.10 0.13 0.14 0.11 0.11 0.13 0.11 0.13 0.12 0.12 0.13 0.08 0.12 0.12 0.11 0.13 0.12 0.11 0.12 0.14 0.12 0.10 0.14 0.11 0.10 0.13 0.13 0.13 0.11 0.13 0.15 0.11 0.12 0.14 0.10 0.11 0.13 0.12 0.10 0.13 0.10 0.13 0.12 0.13 0.11 0.12 0.13 0.11 0.09 0.10 0.09 0.11 0.10 0.12 0.10 0.12 0.11 0.10 0.12 0.11 0.13
0.13 0.12 0.13 0.13 0.12 0.14 0.14 0.13 0.14 0.10 0.12 0.12 0.14 0.12 0.12 0.14 0.13 0.15 0.14 0.12 0.13 0.12 0.14 0.14 0.13 0.13 0.12 0.13 0.12 0.11 0.11 0.12 0.11 0.13 0.12 0.12 0.12 0.13 0.12 0.10 0.14 0.12 0.13 0.13 0.08 0.13 0.11 0.11 0.13 0.11 0.11 0.12 0.12 0.12 0.13 0.13 0.11 0.15 0.11 0.13 0.13 0.11 0.12 0.11 0.13 0.13 0.11 0.13 0.12 0.13 0.12 0.11 0.11 0.08 0.12 0.12 0.12 0.13 0.11 0.11 0.12 0.11 0.13 0.10 0.11 0.12 0.14 0.12 0.12 0.13 0.10 0.11 0.11 0.10 0.11 0.10 0.09 0.12 0.11 0.12
0.12 0.14 0.14 0.13 0.14 0.13 0.11 0.13 0.11 0.11 0.15 0.12 0.11 0.13 0.13 0.13 0.12 0.15 0.10 0.14 0.14 0.12 0.13 0.13 0.13 0.13 0.12 0.12 0.14 0.11 0.11 0.10 0.12 0.12 0.13 0.15 0.12 0.11 0.12 0.15 0.13 0.12 0.12 0.11 0.11 0.12 0.11 0.12 0.13 0.14 0.12 0.14 0.12 0.12 0.13 0.11 0.13 0.12 0.13 0.13 0.11 0.11 0.11 0.10 0.10 0.10 0.14 0.12 0.13 0.12 0.12 0.12 0.09 0.13 0.12 0.10 0.10 0.11 0.15 0.13 0.11 0.12 0.11 0.10 0.13 0.11 0.12 0.12 0.10 0.12 0.11 0.11 0.12 0.12 0.12 0.12 0.10 0.11 0.11 0.09
0.13 0.14 0.12 0.14 0.13 0.14 0.13 0.13 0.14 0.14 0.13 0.13 0.13 0.15 0.12 0.13 0.15 0.15 0.12 0.12 0.12 0.13 0.13 0.12 0.14 0.14 0.11 0.13 0.13 0.13 0.09 0.13 0.12 0.14 0.12 0.11 0.13 0.13 0.13 0.13 0.14 0.10 0.10 0.13 0.10 0.11 0.10 0.14 0.11 0.12 0.13 0.11 0.13 0.12 0.12 0.13 0.13 0.12 0.15 0.13 0.13 0.12 0.12 0.11 0.13 0.14 0.11 0.12 0.10 0.13 0.12 0.13 0.14 0.11 0.12 0.12 0.10 0.11 0.10 0.13 0.11 0.12 0.11 0.13 0.13 0.13 0.10 0.11 0.11 0.12 0.12 0.12 0.10 0.10 0.09 0.11 0.11 0.10 0.12 0.11
0.13 0.14 0.13 0.15 0.15 0.14 0.14 0.12 0.12 0.13 0.13 0.14 0.13 0.11 0.11 0.13 0.16 0.14 0.14 0.17 0.13 0.12 0.13 0.11 0.13 0.11 0.12 0.11 0.13 0.11 0.11 0.11 0.11 0.12 0.11 0.13 0.14 0.12 0.15 0.13 0.11 0.12 0.13 0.11 0.14 0.12 0.10 0.12 0.11 0.12 0.14 0.11 0.12 0.15 0.13 0.14 0.11 0.11 0.12 0.10 0.11 0.10 0.10 0.11 0.13 0.14 0.12 0.12 0.13 0.10 0.11 0.11 0.10 0.10 0.12 0.10 0.11 0.11 0.13 0.10 0.11 0.10 0.13 0.10 0.10 0.11 0.11 0.12 0.11 0.13 0.11 0.12 0.13 0.10 0.12 0.11 0.12 0.13 0.12 0.11
0.13 0.11 0.11 0.12 0.12 0.13 0.12 0.12 0.12 0.14 0.13 0.13 0.12 0.11 0.12 0.14 0.11 0.13 0.15 0.12 0.13 0.14 0.12 0.12 0.11 0.10 0.12 0.14 0.13 0.11 0.12 0.13 0.16 0.13 0.12 0.12 0.10 0.11 0.11 0.12 0.16 0.10 0.11 0.13 0.11 0.14 0.12 0.14 0.12 0.13 0.12 0.11 0.11 0.14 0.12 0.14 0.11 0.12 0.12 0.13 0.13 0.12 0.13 0.11 0.11 0.11 0.13 0.11 0.13 0.11 0.12 0.12 0.11 0.10 0.13 0.11 0.13 0.13 0.10 0.11 0.12 0.12 0.12 0.11 0.12 0.11 0.14 0.10 0.13 0.12 0.12 0.10 0.12 0.10 0.12 0.11 0.12 0.11 0.13 0.11
0.12 0.14 0.14 0.13 0.13 0.13 0.14 0.13 0.15 0.13 0.15 0.13 0.10 0.16 0.13 0.12 0.10 0.11 0.13 0.15 0.13 0.11 0.13 0.12 0.13 0.13 0.14 0.13 0.12 0.10 0.14 0.10 0.11 0.13 0.12 0.14 0.14 0.14 0.14 0.12 0.12 0.13 0.13 0.14 0.12 0.11 0.14 0.12 0.12 0.12 0.11 0.12 0.11 0.14 0.12 0.11 0.11 0.13 0.13 0.11 0.15 0.12 0.11 0.12 0.12 0.13 0.12 0.11 0.15 0.13 0.14 0.10 0.12 0.11 0.11 0.10 0.13 0.10 0.12 0.11 0.12 0.13 0.11 0.11 0.13 0.10 0.13 0.12 0.11 0.10 0.11 0.10 0.12 0.11 0.11 0.12 0.10 0.11 0.12 0.12
0.12 0.12 0.16 0.12 0.12 0.14 0.15 0.12 0.12 0.16 0.14 0.13 0.16 0.14 0.16 0.12 0.13 0.14 0.13 0.12 0.12 0.11 0.12 0.11 0.11 0.14 0.13 0.11 0.12 0.14 0.11 0.11 0.14 0.12 0.14 0.12 0.13 0.14 0.11 0.12 0.13 0.13 0.13 0.13 0.12 0.13 0.10 0.09 0.15 0.10 0.13 0.12 0.13 0.12 0.11 0.10 0.11 0.11 0.12 0.11 0.12 0.11 0.12 0.10 0.12 0.11 0.11 0.12 0.14 0.13 0.11 0.12 0.12 0.11 0.11 0.14 0.11 0.13 0.10 0.12 0.11 0.11 0.14 0.11 0.11 0.10 0.12 0.11 0.11 0.14 0.13 0.12 0.12 0.11 0.10 0.10 0.09 0.10 0.12 0.09
0.15 0.14 0.15 0.14 0.11 0.13 0.16 0.14 0.10 0.16 0.13 0.14 0.12 0.15 0.11 0.14 0.09 0.11 0.12 0.12 0.13 0.12 0.14 0.13 0.13 0.12 0.13 0.14 0.12 0.13 0.13 0.13 0.13 0.11 0.12 0.10 0.11 0.12 0.12 0.13 0.09 0.11 0.13 0.12 0.12 0.11 0.14 0.12 0.11 0.13 0.10 0.12 0.12 0.12 0.11 0.12 0.12 0.13 0.12 0.13 0.12 0.11 0.12 0.11 0.12 0.12 0.12 0.12 0.11 0.11 0.11 0.11 0.11 0.14 0.13 0.10 0.11 0.13 0.11 0.12 0.12 0.12 0.12 0.13 0.10 0.11 0.11 0.13 0.11 0.12 0.12 0.10 0.11 0.12 0.13 0.12 0.12 0.11 0.13 0.11
0.12 0.11 0.12 0.12 0.12 0.14 0.12 0.16 0.13 0.17 0.13 0.15 0.14 0.15 0.11 0.12 0.13 0.13 0.13 0.12 0.12 0.11 0.12 0.12 0.13 0.12 0.11 0.13 0.14 0.12 0.14 0.14 0.12 0.12 0.12 0.14 0.10 0.13 0.15 0.12 0.13 0.12 0.12 0.13 0.12 0.10 0.11 0.13 0.12 0.14 0.13 0.14 0.13 0.12 0.13 0.14 0.13 0.09 0.14 0.12 0.11 0.11 0.13 0.12 0.14 0.13 0.12 0.12 0.10 0.11 0.15 0.14 0.10 0.12 0.13 0.10 0.12 0.11 0.09 0.12 0.12 0.10 0.10 0.12 0.12 0.13 0.10 0.11 0.12 0.10 0.11 0.11 0.11 0.11 0.12 0.13 0.12 0.13 0.11 0.12
0.15 0.14 0.11 0.14 0.13 0.10 0.14 0.14 0.14 0.09 0.13 0.11 0.12 0.11 0.12 0.14 0.11 0.11 0.14 0.13 0.12 0.11 0.14 0.12 0.13 0.13 0.11 0.12 0.14 0.13 0.11 0.11 0.13 0.12 0.14 0.13 0.14 0.16 0.12 0.13 0.14 0.14 0.14 0.13 0.11 0.14 0.11 0.11 0.10 0.11 0.11 0.12 0.11 0.11 0.11 0.15 0.14 0.12 0.13 0.12 0.11 0.13 0.13 0.12 0.11 0.11 0.11 0.12 0.11 0.12 0.10 0.11 0.12 0.12 0.11 0.14 0.10 0.11 0.10 0.12 0.14 0.10 0.11 0.12 0.13 0.14 0.13 0.13 0.11 0.11 0.12 0.12 0.12 0.12 0.11 0.13 0.12 0.11 0.11 0.11
0.14 0.12 0.12 0.14 0.11 0.16 0.16 0.13 0.12 0.13 0.12 0.14 0.13 0.11 0.13 0.12 0.13 0.12 0.15 0.13 0.14 0.10 0.12 0.15 0.13 0.14 0.10 0.13 0.13 0.14 0.12 0.12 0.10 0.15 0.12 0.11 0.13 0.12 0.14 0.11 0.13 0.13 0.10 0.13 0.11 0.12 0.11 0.13 0.12 0.11 0.13 0.11 0.11 0.11 0.14 0.15 0.13 0.10 0.10 0.13 0.13 0.12 0.11 0.11 0.12 0.12 0.12 0.11 0.12 0.13 0.12 0.15 0.11 0.13 0.13 0.10 0.11 0.11 0.11 0.12 0.09 0.10 0.11 0.11 0.12 0.11 0.12 0.13 0.09 0.14 0.13 0.11 0.10 0.12 0.12 0.10 0.10 0.12 0.09 0.10
0.12 0.12 0.15 0.13 0.17 0.13 0.14 0.13 0.13 0.13 0.11 0.13 0.13 0.14 0.12 0.12 0.12 0.11 0.14 0.14 0.13 0.16 0.12 0.10 0.14 0.14 0.12 0.14 0.14 0.11 0.13 0.12 0.12 0.11 0.13 0.14 0.12 0.11 0.12 0.13 0.12 0.15 0.12 0.13 0.09 0.12 0.09 0.14 0.11 0.12 0.13 0.11 0.13 0.12 0.11 0.11 0.12 0.14 0.09 0.12 0.12 0.12 0.11 0.11 0.11 0.13 0.13 0.12 0.12 0.12 0.13 0.12 0.11 0.11 0.10 0.09 0.14 0.11 0.11 0.11 0.11 0.11 0.12 0.13 0.10 0.11 0.12 0.13 0.12 0.10 0.11 0.13 0.12 0.12 0.09 0.11 0.12 0.11 0.11 0.10
0.13 0.14 0.13 0.12 0.16 0.13 0.12 0.15 0.13 0.12 0.14 0.14 0.13 0.12 0.13 0.15 0.12 0.13 0.14 0.13 0.11 0.10 0.15 0.14 0.12 0.12 0.12 0.12 0.14 0.12 0.14 0.12 0.14 0.12 0.12 0.13 0.14 0.12 0.13 0.11 0.11 0.11 0.12 0.11 0.10 0.11 0.11 0.12 0.12 0.14 0.11 0.14 0.12 0.13 0.12 0.13 0.11 0.12 0.11 0.14 0.12 0.11 0.10 0.08 0.11 0.11 0.12 0.13 0.13 0.11 0.10 0.13 0.11 0.12 0.13 0.11 0.13 0.11 0.14 0.09 0.11 0.13 0.11 0.13 0.11 0.09 0.12 0.10 0.12 0.11 0.11 0.10 0.12 0.11 0.13 0.11 0.11 0.11 0.10 0.10
0.14 0.17 0.13 0.12 0.14 0.13 0.10 0.12 0.14 0.10 0.15 0.13 0.13 0.11 0.14 0.13 0.14 0.12 0.15 0.12 0.13 0.12 0.16 0.12 0.12 0.16 0.11 0.14 0.12 0.12 0.11 0.13 0.13 0.10 0.11 0.13 0.10 0.14 0.13 0.14 0.14 0.14 0.12 0.13 0.11 0.12 0.11 0.11 0.12 0.11 0.12 0.12 0.14 0.10 0.14 0.13 0.11 0.13 0.14 0.12 0.09 0.11 0.11 0.13 0.13 0.12 0.12 0.12 0.12 0.12 0.12 0.09 0.12 0.12 0.12 0.12 0.12 0.11 0.10 0.10 0.11 0.09 0.14 0.13 0.10 0.10 0.11 0.14 0.13 0.10 0.11 0.11 0.11 0.11 0.13 0.11 0.12 0.14 0.12 0.13
0.11 0.12 0.16 0.15 0.12 0.14 0.15 0.14 0.13 0.13 0.14 0.14 0.15 0.14 0.14 0.12 0.11 0.10 0.15 0.12 0.13 0.12 0.14 0.17 0.11 0.13 0.12 0.12 0.15 0.13 0.11 0.13 0.12 0.14 0.12 0.10 0.13 0.13 0.12 0.10 0.13 0.12 0.12 0.13 0.12 0.15 0.11 0.10 0.11 0.14 0.12 0.11 0.15 0.12 0.10 0.13 0.09 0.11 0.13 0.13 0.11 0.11 0.11 0.12 0.12 0.11 0.12 0.10 0.11 0.12 0.11 0.12 0.12 0.12 0.12 0.10 0.11 0.14 0.11 0.10 0.09 0.11 0.10 0.11 0.12 0.11 0.11 0.11 0.10 0.12 0.10 0.13 0.12 0.12 0.11 0.11 0.13 0.11 0.11 0.12
0.15 0.15 0.16 0.13 0.12 0.16 0.14 0.14 0.13 0.12 0.12 0.13 0.16 0.13 0.13 0.15 0.12 0.12 0.12 0.15 0.14 0.12 0.11 0.12 0.13 0.12 0.13 0.12 0.11 0.13 0.13 0.12 0.12 0.13 0.13 0.13 0.14 0.15 0.11 0.13 0.12 0.12 0.16 0.11 0.12 0.12 0.12 0.12 0.14 0.13 0.12 0.11 0.13 0.12 0.12 0.14 0.12 0.12 0.11 0.12 0.12 0.14 0.12 0.14 0.11 0.13 0.11 0.11 0.11 0.12 0.14 0.13 0.10 0.10 0.12 0.11 0.11 0.12 0.12 0.12 0.11 0.12 0.10 0.11 0.10 0.12 0.10 0.12 0.11 0.13 0.12 0.10 0.11 0.11 0.11 0.11 0.09 0.09 0.11 0.12
0.14 0.12 0.13 0.14 0.14 0.13 0.11 0.13 0.14 0.11 0.12 0.12 0.12 0.13 0.10 0.12 0.12 0.13 0.10 0.13 0.12 0.16 0.13 0.12 0.15 0.15 0.12 0.12 0.12 0.12 0.12 0.15 0.11 0.13 0.12 0.13 0.12 0.13 0.11 0.14 0.11 0.11 0.13 0.13 0.13 0.16 0.14 0.15 0.13 0.12 0.13 0.10 0.12 0.13 0.12 0.13 0.10 0.12 0.12 0.13 0.12 0.11 0.10 0.13 0.12 0.11 0.11 0.12 0.15 0.15 0.12 0.11 0.13 0.13 0.12 0.13 0.11 0.11 0.13 0.12 0.12 0.13 0.13 0.13 0.11 0.11 0.12 0.07 0.12 0.12 0.09 0.11 0.13 0.10 0.11 0.10 0.13 0.12 0.12 0.12
0.15 0.13 0.13 0.13 0.14 0.14 0.11 0.15 0.14 0.13 0.12 0.13 0.13 0.13 0.12 0.11 0.15 0.16 0.13 0.14 0.12 0.10 0.13 0.14 0.15 0.13 0.12 0.12 0.14 0.12 0.13 0.11 0.14 0.13 0.12 0.14 0.13 0.13 0.12 0.15 0.15 0.12 0.16 0.10 0.13 0.12 0.12 0.13 0.09 0.12 0.11 0.13 0.11 0.11 0.13 0.12 0.12 0.11 0.14 0.12 0.13 0.12 0.11 0.13 0.13 0.10 0.12 0.11 0.10 0.12 0.11 0.12 0.14 0.14 0.13 0.12 0.11 0.09 0.12 0.10 0.10 0.15 0.11 0.10 0.11 0.13 0.12 0.12 0.12 0.09 0.13 0.11 0.12 0.11 0.12 0.12 0.11 0.12 0.09 0.12
0.14 0.11 0.13 0.15 0.13 0.13 0.16 0.09 0.13 0.12 0.11 0.15 0.12 0.13 0.13 0.11 0.11 0.13 0.14 0.13 0.15 0.12 0.13 0.14 0.14 0.13 0.15 0.13 0.13 0.14 0.14 0.13 0.12 0.11 0.13 0.12 0.14 0.14 0.13 0.11 0.11 0.13 0.13 0.13 0.12 0.11 0.12 0.12 0.14 0.12 0.12 0.13 0.12 0.15 0.12 0.12 0.12 0.14 0.11 0.11 0.11 0.11 0.11 0.12 0.13 0.14 0.11 0.10 0.11 0.13 0.12 0.10 0.12 0.11 0.12 0.11 0.11 0.14 0.10 0.13 0.12 0.12 0.10 0.09 0.13 0.11 0.11 0.11 0.13 0.12 0.12 0.10 0.11 0.11 0.11 0.11 0.10 0.12 0.11 0.12
0.13 0.14 0.12 0.13 0.15 0.13 0.15 0.12 0.12 0.12 0.12 0.14 0.14 0.13 0.12 0.13 0.11 0.11 0.12 0.14 0.13 0.12 0.12 0.12 0.13 0.12 0.13 0.14 0.11 0.13 0.14 0.12 0.11 0.12 0.12 0.12 0.14 0.13 0.11 0.12 0.12 0.11 0.13 0.12 0.14 0.09 0.13 0.13 0.13 0.11 0.13 0.14 0.12 0.13 0.13 0.11 0.11 0.13 0.10 0.13 0.14 0.10 0.13 0.12 0.13 0.13 0.11 0.11 0.11 0.14 0.11 0.11 0.12 0.12 0.11 0.10 0.10 0.13 0.14 0.12 0.13 0.13 0.11 0.10 0.12 0.12 0.12 0.12 0.14 0.10 0.12 0.11 0.11 0.12 0.12 0.10 0.11 0.10 0.12 0.11
0.12 0.13 0.12 0.15 0.15 0.12 0.12 0.10 0.16 0.14 0.15 0.12 0.12 0.11 0.13 0.14 0.13 0.10 0.12 0.12 0.14 0.12 0.14 0.11 0.13 0.13 0.11 0.14 0.12 0.15 0.14 0.13 0.09 0.14 0.13 0.10 0.10 0.13 0.11 0.10 0.12 0.13 0.12 0.11 0.13 0.12 0.12 0.11 0.13 0.13 0.11 0.12 0.12 0.10 0.10 0.12 0.12 0.11 0.10 0.11 0.13 0.12 0.12 0.12 0.11 0.10 0.12 0.11 0.10 0.13 0.12 0.13 0.10 0.10 0.13 0.13 0.12 0.12 0.12 0.13 0.11 0.11 0.11 0.11 0.09 0.13 0.13 0.11 0.10 0.12 0.10 0.11 0.11 0.13 0.10 0.11 0.14 0.11 0.11 0.09
0.14 0.12 0.14 0.13 0.14 0.12 0.13 0.13 0.14 0.13 0.13 0.13 0.14 0.14 0.15 0.12 0.14 0.11 0.13 0.12 0.12 0.16 0.13 0.13 0.11 0.11 0.13 0.11 0.14 0.12 0.15 0.12 0.13 0.14 0.14 0.13 0.11 0.12 0.15 0.12 0.12 0.12 0.14 0.13 0.15 0.10 0.11 0.13 0.10 0.11 0.10 0.13 0.13 0.13 0.13 0.13 0.12 0.12 0.11 0.14 0.11 0.11 0.14 0.11 0.14 0.12 0.12 0.11 0.13 0.13 0.15 0.12 0.13 0.13 0.10 0.12 0.13 0.10 0.12 0.10 0.11 0.09 0.12 0.11 0.10 0.12 0.11 0.11 0.09 0.10 0.11 0.12 0.12 0.11 0.10 0.11 0.10 0.11 0.12 0.10
0.12 0.14 0.13 0.13 0.14 0.12 0.12 0.15 0.13 0.16 0.14 0.12 0.13 0.12 0.11 0.13 0.12 0.11 0.10 0.13 0.13 0.11 0.14 0.11 0.12 0.12 0.11 0.12 0.13 0.11 0.11 0.12 0.11 0.13 0.11 0.12 0.12 0.13 0.12 0.14 0.11 0.11 0.11 0.11 0.10 0.11 0.11 0.14 0.13 0.15 0.11 0.11 0.12 0.13 0.09 0.14 0.13 0.12 0.13 0.13 0.11 0.14 0.11 0.13 0.11 0.12 0.11 0.12 0.12 0.12 0.11 0.14 0.13 0.11 0.11 0.11 0.13 0.10 0.13 0.10 0.13 0.13 0.11 0.14 0.13 0.10 0.10 0.12 0.11 0.12 0.13 0.13 0.12 0.10 0.11 0.11 0.12 0.09 0.11 0.09
0.13 0.13 0.14 0.11 0.11 0.12 0.14 0.13 0.15 0.11 0.11 0.11 0.15 0.13 0.15 0.14 0.12 0.15 0.11 0.13 0.12 0.13 0.14 0.14 0.12 0.13 0.13 0.14 0.12 0.12 0.12 0.09 0.14 0.11 0.15 0.11 0.14 0.10 0.10 0.13 0.13 0.10 0.11 0.13 0.12 0.14 0.10 0.13 0.12 0.12 0.14 0.14 0.12 0.10 0.11 0.10 0.10 0.14 0.12 0.12 0.14 0.11 0.12 0.14 0.12 0.15 0.12 0.12 0.11 0.11 0.14 0.12 0.11 0.12 0.13 0.12 0.13 0.13 0.12 0.11 0.11 0.11 0.12 0.12 0.11 0.11 0.12 0.13 0.11 0.12 0.13 0.09 0.09 0.12 0.10 0.13 0.11 0.10 0.10 0.11
0.13 0.13 0.15 0.13 0.13 0.14 0.14 0.10 0.12 0.13 0.13 0.15 0.12 0.13 0.12 0.12 0.15 0.14 0.14 0.14 0.13 0.12 0.13 0.10 0.10 0.14 0.13 0.13 0.13 0.11 0.11 0.13 0.13 0.12 0.11 0.14 0.12 0.12 0.12 0.12 0.11 0.12 0.13 0.13 0.12 0.13 0.14 0.12 0.13 0.13 0.09 0.10 0.11 0.12 0.14 0.11 0.10 0.12 0.13 0.12 0.15 0.10 0.13 0.12 0.12 0.14 0.11 0.13 0.11 0.11 0.11 0.12 0.13 0.10 0.11 0.11 0.12 0.12 0.11 0.12 0.12 0.12 0.12 0.11 0.10 0.11 0.09 0.10 0.14 0.12 0.12 0.11 0.11 0.10 0.11 0.12 0.10 0.11 0.10 0.11
0.14 0.12 0.13 0.12 0.13 0.12 0.13 0.10 0.14 0.14 0.11 0.12 0.12 0.14 0.12 0.15 0.15 0.13 0.15 0.13 0.12 0.14 0.12 0.14 0.11 0.12 0.14 0.14 0.12 0.13 0.12 0.12 0.11 0.11 0.12 0.13 0.14 0.11 0.12 0.12 0.15 0.14 0.12 0.15 0.10 0.11 0.13 0.14 0.14 0.14 0.13 0.12 0.12 0.14 0.11 0.12 0.12 0.14 0.15 0.12 0.12 0.11 0.12 0.11 0.10 0.13 0.11 0.12 0.12 0.12 0.10 0.12 0.11 0.11 0.13 0.12 0.12 0.11 0.10 0.10 0.12 0.11 0.13 0.10 0.11 0.10 0.10 0.11 0.15 0.12 0.11 0.13 0.12 0.11 0.10 0.13 0.09 0.12 0.10 0.12
0.13 0.11 0.11 0.14 0.16 0.12 0.13 0.15 0.14 0.13 0.10 0.17 0.12 0.14 0.12 0.14 0.12 0.12 0.15 0.12 0.12 0.14 0.12 0.11 0.13 0.12 0.12 0.13 0.14 0.14 0.10 0.13 0.14 0.11 0.11 0.10 0.11 0.13 0.15 0.12 0.10 0.14 0.14 0.10 0.11 0.16 0.12 0.14 0.12 0.13 0.12 0.13 0.12 0.13 0.11 0.13 0.12 0.11 0.12 0.14 0.10 0.11 0.13 0.11 0.13 0.10 0.12 0.12 0.13 0.14 0.11 0.12 0.12 0.12 0.13 0.11 0.13 0.14 0.12 0.13 0.12 0.11 0.12 0.14 0.11 0.11 0.10 0.14 0.12 0.11 0.10 0.12 0.10 0.10 0.12 0.12 0.12 0.10 0.12 0.13
0.12 0.13 0.14 0.15 0.14 0.12 0.15 0.15 0.11 0.12 0.12 0.13 0.12 0.14 0.13 0.13 0.15 0.10 0.12 0.12 0.11 0.13 0.12 0.13 0.14 0.12 0.15 0.11 0.13 0.14 0.13 0.11 0.14 0.12 0.13 0.13 0.12 0.12 0.14 0.12 0.11 0.15 0.13 0.12 0.13 0.13 0.12 0.12 0.12 0.11 0.14 0.13 0.11 0.13 0.12 0.13 0.13 0.10 0.13 0.12 0.12 0.11 0.11 0.11 0.12 0.12 0.13 0.12 0.14 0.11 0.12 0.12 0.10 0.13 0.11 0.12 0.11 0.11 0.11 0.12 0.11 0.11 0.09 0.13 0.10 0.12 0.13 0.08 0.12 0.14 0.10 0.10 0.13 0.10 0.13 0.13 0.11 0.12 0.11 0.13
0.14 0.12 0.16 0.12 0.14 0.11 0.12 0.15 0.15 0.15 0.11 0.16 0.16 0.15 0.12 0.13 0.13 0.13 0.14 0.13 0.12 0.15 0.13 0.13 0.13 0.15 0.12 0.16 0.13 0.09 0.13 0.13 0.10 0.12 0.12 0.12 0.11 0.12 0.14 0.14 0.10 0.12 0.14 0.12 0.13 0.13 0.11 0.11 0.12 0.11 0.12 0.12 0.13 0.13 0.11 0.14 0.12 0.12 0.15 0.16 0.13 0.14 0.13 0.12 0.12 0.15 0.15 0.12 0.12 0.11 0.14 0.11 0.11 0.11 0.15 0.13 0.12 0.12 0.11 0.10 0.12 0.10 0.14 0.10 0.10 0.13 0.10 0.11 0.14 0.10 0.13 0.12 0.11 0.12 0.12 0.12 0.12 0.12 0.12 0.10
0.13 0.13 0.12 0.14 0.13 0.12 0.13 0.13 0.13 0.17 0.13 0.13 0.09 0.12 0.11 0.12 0.14 0.12 0.14 0.12 0.14 0.12 0.11 0.12 0.12 0.10 0.12 0.12 0.10 0.12 0.11 0.14 0.13 0.12 0.11 0.12 0.13 0.13 0.12 0.12 0.13 0.12 0.10 0.15 0.12 0.12 0.12 0.11 0.12 0.12 0.12 0.12 0.11 0.14 0.10 0.12 0.12 0.14 0.13 0.11 0.13 0.13 0.13 0.13 0.10 0.11 0.12 0.12 0.12 0.10 0.13 0.13 0.11 0.12 0.11 0.12 0.15 0.14 0.13 0.12 0.11 0.11 0.11 0.12 0.11 0.13 0.15 0.10 0.13 0.11 0.12 0.09 0.12 0.11 0.12 0.12 0.14 0.10 0.11 0.12
0.12 0.13 0.13 0.15 0.13 0.15 0.14 0.14 0.11 0.13 0.14 0.13 0.14 0.11 0.11 0.14 0.14 0.10 0.11 0.13 0.12 0.15 0.14 0.12 0.15 0.13 0.10 0.11 0.13 0.13 0.11 0.12 0.13 0.11 0.14 0.13 0.11 0.12 0.13 0.12 0.13 0.14 0.14 0.11 0.13 0.14 0.14 0.10 0.11 0.11 0.13 0.11 0.12 0.14 0.13 0.10 0.11 0.14 0.12 0.13 0.14 0.12 0.13 0.12 0.13 0.10 0.11 0.10 0.11 0.12 0.10 0.11 0.12 0.12 0.12 0.14 0.10 0.12 0.11 0.13 0.11 0.12 0.13 0.11 0.13 0.13 0.11 0.11 0.11 0.11 0.10 0.11 0.11 0.11 0.12 0.13 0.11 0.11 0.09 0.09
0.11 0.13 0.12 0.13 0.14 0.13 0.13 0.12 0.11 0.13 0.13 0.11 0.14 0.13 0.12 0.11 0.15 0.12 0.13 0.14 0.13 0.12 0.15 0.11 0.13 0.12 0.13 0.15 0.13 0.16 0.11 0.13 0.12 0.15 0.12 0.14 0.13 0.13 0.12 0.12 0.11 0.12 0.14 0.13 0.11 0.10 0.15 0.13 0.11 0.12 0.13 0.13 0.12 0.14 0.11 0.13 0.12 0.12 0.12 0.10 0.12 0.11 0.13 0.11 0.12 0.15 0.11 0.13 0.10 0.12 0.08 0.12 0.13 0.11 0.09 0.13 0.11 0.11 0.11 0.11 0.13 0.10 0.11 0.11 0.13 0.12 0.13 0.10 0.10 0.11 0.11 0.10 0.12 0.10 0.13 0.11 0.12 0.12 0.10 0.10
0.12 0.13 0.12 0.12 0.16 0.13 0.14 0.14 0.13 0.13 0.13 0.12 0.14 0.14 0.13 0.13 0.12 0.15 0.14 0.13 0.14 0.13 0.14 0.12 0.12 0.11 0.15 0.10 0.12 0.12 0.14 0.14 0.12 0.13 0.12 0.11 0.15 0.13 0.13 0.10 0.12 0.12 0.16 0.14 0.11 0.13 0.13 0.12 0.10 0.12 0.14 0.13 0.14 0.15 0.13 0.13 0.13 0.14 0.10 0.14 0.14 0.09 0.12 0.11 0.10 0.13 0.13 0.12 0.13 0.11 0.14 0.14 0.11 0.13 0.14 0.12 0.12 0.11 0.14 0.12 0.11 0.10 0.09 0.10 0.12 0.12 0.11 0.11 0.12 0.13 0.10 0.11 0.13 0.13 0.12 0.12 0.12 0.11 0.11 0.12
0.14 0.11 0.14 0.13 0.13 0.13 0.13 0.14 0.15 0.14 0.13 0.12 0.14 0.12 0.12 0.13 0.12 0.14 0.15 0.13 0.12 0.13 0.13 0.12 0.13 0.12 0.13 0.14 0.12 0.14 0.11 0.14 0.14 0.11 0.13 0.12 0.11 0.13 0.13 0.12 0.13 0.14 0.13 0.12 0.12 0.11 0.13 0.14 0.11 0.12 0.10 0.13 0.10 0.13 0.13 0.12 0.11 0.11 0.13 0.11 0.12 0.12 0.11 0.09 0.12 0.12 0.10 0.11 0.11 0.13 0.13 0.11 0.14 0.13 0.11 0.13 0.10 0.12 0.13 0.10 0.11 0.13 0.11 0.11 0.14 0.11 0.10 0.09 0.11 0.12 0.11 0.14 0.11 0.13 0.12 0.09 0.11 0.12 0.11 0.11
0.14 0.11 0.12 0.12 0.12 0.11 0.12 0.13 0.13 0.12 0.13 0.13 0.11 0.15 0.12 0.14 0.14 0.13 0.12 0.12 0.13 0.14 0.11 0.12 0.12 0.12 0.14 0.13 0.14 0.12 0.13 0.11 0.11 0.11 0.10 0.11 0.13 0.11 0.13 0.13 0.10 0.12 0.11 0.15 0.14 0.11 0.13 0.09 0.09 0.11 0.12 0.13 0.12 0.11 0.13 0.13 0.13 0.11 0.13 0.14 0.12 0.11 0.14 0.12 0.13 0.10 0.12 0.13 0.12 0.12 0.12 0.12 0.11 0.11 0.09 0.13 0.12 0.11 0.12 0.12 0.10 0.10 0.13 0.13 0.10 0.12 0.12 0.11 0.10 0.11 0.10 0.15 0.12 0.10 0.10 0.12 0.11 0.11 0.13 0.12
0.13 0.14 0.16 0.12 0.15 0.15 0.13 0.14 0.14 0.12 0.13 0.15 0.14 0.12 0.14 0.13 0.13 0.12 0.15 0.13 0.15 0.11 0.13 0.10 0.12 0.12 0.11 0.12 0.11 0.13 0.13 0.13 0.12 0.10 0.13 0.14 0.12 0.13 0.14 0.13 0.14 0.10 0.12 0.14 0.13 0.11 0.15 0.12 0.13 0.11 0.12 0.12 0.11 0.11 0.12 0.10 0.09 0.13 0.12 0.13 0.10 0.15 0.12 0.12 0.11 0.11 0.14 0.12 0.14 0.12 0.12 0.13 0.11 0.09 0.12 0.11 0.12 0.11 0.11 0.11 0.12 0.13 0.11 0.09 0.10 0.11 0.11 0.11 0.11 0.11 0.13 0.11 0.11 0.11 0.13 0.12 0.11 0.13 0.13 0.12
0.15 0.12 0.14 0.12 0.12 0.11 0.12 0.15 0.11 0.12 0.10 0.13 0.16 0.16 0.13 0.14 0.15 0.15 0.13 0.13 0.13 0.11 0.12 0.14 0.12 0.12 0.15 0.13 0.13 0.15 0.12 0.14 0.14 0.14 0.13 0.10 0.12 0.13 0.13 0.13 0.12 0.10 0.12 0.13 0.13 0.13 0.12 0.12 0.11 0.11 0.10 0.14 0.12 0.13 0.11 0.11 0.13 0.12 0.10 0.12 0.14 0.12 0.10 0.13 0.14 0.13 0.12 0.10 0.12 0.15 0.13 0.11 0.13 0.12 0.13 0.13 0.12 0.09 0.12 0.10 0.14 0.13 0.11 0.11 0.11 0.11 0.12 0.12 0.11 0.10 0.11 0.12 0.10 0.11 0.13 0.12 0.11 0.13 0.09 0.10
0.14 0.13 0.12 0.13 0.15 0.13 0.13 0.12 0.12 0.14 0.13 0.15 0.12 0.13 0.13 0.14 0.10 0.12 0.14 0.13 0.13 0.12 0.12 0.13 0.14 0.15 0.12 0.14 0.14 0.12 0.10 0.12 0.14 0.14 0.13 0.11 0.13 0.13 0.15 0.13 0.13 0.12 0.13 0.13 0.13 0.12 0.14 0.13 0.14 0.10 0.12 0.11 0.11 0.13 0.10 0.12 0.12 0.11 0.12 0.14 0.12 0.13 0.14 0.13 0.11 0.11 0.13 0.13 0.11 0.11 0.11 0.10 0.13 0.13 0.10 0.10 0.12 0.13 0.10 0.11 0.13 0.15 0.13 0.14 0.11 0.12 0.11 0.12 0.13 0.11 0.14 0.13 0.11 0.13 0.10 0.13 0.13 0.11 0.10 0.12
0.14 0.12 0.13 0.14 0.13 0.11 0.13 0.16 0.12 0.14 0.11 0.17 0.12 0.10 0.15 0.14 0.12 0.15 0.13 0.13 0.13 0.15 0.13 0.16 0.11 0.13 0.12 0.14 0.11 0.13 0.14 0.12 0.14 0.12 0.12 0.12 0.13 0.12 0.12 0.13 0.11 0.11 0.14 0.14 0.12 0.13 0.13 0.14 0.13 0.12 0.11 0.11 0.12 0.13 0.12 0.11 0.11 0.11 0.11 0.11 0.12 0.11 0.12 0.12 0.12 0.11 0.11 0.10 0.13 0.10 0.14 0.12 0.12 0.12 0.15 0.12 0.12 0.11 0.13 0.12 0.14 0.13 0.12 0.11 0.12 0.13 0.11 0.12 0.12 0.12 0.08 0.12 0.12 0.10 0.14 0.09 0.10 0.09 0.11 0.12
0.10 0.13 0.15 0.12 0.14 0.13 0.15 0.14 0.13 0.12 0.12 0.13 0.13 0.14 0.12 0.12 0.14 0.12 0.13 0.12 0.15 0.12 0.13 0.15 0.12 0.15 0.11 0.12 0.14 0.13 0.11 0.13 0.12 0.14 0.12 0.12 0.13 0.13 0.15 0.10 0.13 0.13 0.12 0.11 0.12 0.13 0.13 0.12 0.14 0.13 0.12 0.13 0.11 0.13 0.12 0.11 0.11 0.12 0.11 0.11 0.13 0.11 0.11 0.11 0.12 0.12 0.13 0.13 0.11 0.10 0.11 0.12 0.12 0.13 0.11 0.11 0.11 0.12 0.11 0.11 0.11 0.10 0.13 0.14 0.11 0.11 0.12 0.11 0.12 0.10 0.10 0.09 0.10 0.11 0.13 0.11 0.10 0.11 0.10 0.12
0.13 0.14 0.14 0.13 0.12 0.13 0.14 0.13 0.12 0.13 0.16 0.13 0.11 0.13 0.14 0.13 0.13 0.12 0.12 0.12 0.14 0.15 0.13 0.14 0.15 0.10 0.12 0.14 0.14 0.13 0.11 0.14 0.14 0.11 0.13 0.12 0.13 0.13 0.12 0.13 0.11 0.15 0.12 0.13 0.10 0.11 0.10 0.12 0.12 0.13 0.11 0.12 0.11 0.10 0.11 0.13 0.11 0.12 0.12 0.12 0.12 0.10 0.12 0.12 0.12 0.11 0.10 0.11 0.12 0.12 0.11 0.13 0.13 0.09 0.13 0.13 0.10 0.14 0.11 0.11 0.13 0.11 0.11 0.11 0.11 0.13 0.11 0.13 0.14 0.11 0.11 0.11 0.14 0.12 0.11 0.09 0.12 0.14 0.12 0.12
0.11 0.11 0.16 0.10 0.13 0.16 0.13 0.12 0.14 0.12 0.13 0.15 0.14 0.13 0.14 0.13 0.11 0.13 0.12 0.10 0.12 0.12 0.12 0.15 0.14 0.12 0.11 0.16 0.14 0.12 0.14 0.12 0.12 0.12 0.13 0.13 0.11 0.10 0.13 0.15 0.13 0.12 0.13 0.10 0.11 0.13 0.13 0.11 0.13 0.13 0.13 0.10 0.12 0.11 0.11 0.12 0.12 0.12 0.11 0.15 0.13 0.12 0.11 0.14 0.13 0.11 0.12 0.10 0.11 0.10 0.09 0.14 0.12 0.12 0.10 0.12 0.12 0.10 0.12 0.10 0.14 0.13 0.12 0.09 0.11 0.12 0.11 0.12 0.10 0.10 0.13 0.10 0.10 0.12 0.12 0.12 0.11 0.10 0.13 0.11
0.13 0.12 0.15 0.15 0.11 0.13 0.14 0.13 0.13 0.13 0.12 0.14 0.12 0.15 0.11 0.12 0.13 0.12 0.16 0.14 0.12 0.13 0.14 0.12 0.14 0.15 0.12 0.11 0.11 0.13 0.13 0.13 0.10 0.11 0.12 0.13 0.13 0.11 0.11 0.11 0.14 0.12 0.10 0.14 0.11 0.14 0.13 0.11 0.12 0.12 0.12 0.13 0.11 0.12 0.14 0.12 0.10 0.12 0.13 0.12 0.14 0.13 0.14 0.12 0.16 0.12 0.12 0.11 0.14 0.11 0.11 0.14 0.14 0.11 0.12 0.10 0.12 0.10 0.10 0.12 0.13 0.10 0.11 0.11 0.12 0.11 0.12 0.11 0.10 0.14 0.13 0.10 0.15 0.11 0.13 0.12 0.12 0.12 0.11 0.12
0.15 0.12 0.15 0.15 0.12 0.16 0.13 0.12 0.13 0.14 0.14 0.14 0.15 0.11 0.12 0.10 0.13 0.12 0.12 0.13 0.14 0.13 0.13 0.12 0.13 0.10 0.13 0.13 0.10 0.14 0.13 0.10 0.11 0.12 0.12 0.14 0.12 0.11 0.14 0.14 0.14 0.13 0.10 0.11 0.13 0.16 0.13 0.11 0.10 0.11 0.13 0.10 0.12 0.14 0.13 0.13 0.10 0.10 0.11 0.13 0.13 0.12 0.09 0.11 0.10 0.14 0.13 0.11 0.12 0.15 0.13 0.13 0.10 0.11 0.11 0.10 0.11 0.12 0.12 0.14 0.13 0.13 0.10 0.13 0.14 0.13 0.12 0.11 0.12 0.12 0.12 0.12 0.13 0.13 0.11 0.12 0.10 0.09 0.10 0.10
0.13 0.13 0.13 0.09 0.12 0.12 0.10 0.13 0.13 0.12 0.12 0.13 0.16 0.14 0.12 0.14 0.12 0.13 0.13 0.10 0.12 0.14 0.13 0.13 0.13 0.17 0.14 0.12 0.13 0.12 0.12 0.14 0.11 0.13 0.14 0.14 0.13 0.13 0.12 0.13 0.11 0.13 0.15 0.15 0.14 0.13 0.12 0.12 0.13 0.13 0.13 0.13 0.12 0.12 0.11 0.12 0.12 0.13 0.12 0.11 0.12 0.13 0.11 0.11 0.13 0.13 0.13 0.11 0.13 0.12 0.10 0.10 0.12 0.12 0.12 0.10 0.14 0.12 0.13 0.13 0.11 0.11 0.11 0.12 0.12 0.11 0.10 0.12 0.11 0.10 0.12 0.13 0.12 0.13 0.11 0.12 0.11 0.13 0.12 0.10
0.12 0.17 0.13 0.13 0.14 0.11 0.14 0.12 0.13 0.10 0.15 0.15 0.15 0.12 0.12 0.13 0.11 0.14 0.11 0.14 0.12 0.15 0.14 0.10 0.12 0.13 0.13 0.11 0.14 0.14 0.14 0.12 0.12 0.12 0.11 0.13 0.12 0.11 0.10 0.12 0.11 0.12 0.12 0.13 0.13 0.13 0.11 0.12 0.13 0.12 0.13 0.15 0.13 0.10 0.13 0.13 0.13 0.11 0.12 0.11 0.15 0.14 0.12 0.14 0.14 0.10 0.11 0.10 0.14 0.12 0.09 0.12 0.10 0.11 0.12 0.12 0.14 0.11 0.13 0.09 0.13 0.11 0.12 0.11 0.13 0.09 0.13 0.10 0.12 0.12 0.14 0.10 0.13 0.10 0.12 0.10 0.13 0.09 0.10 0.10
0.13 0.15 0.11 0.13 0.13 0.13 0.14 0.14 0.14 0.13 0.16 0.12 0.12 0.11 0.12 0.14 0.10 0.13 0.11 0.12 0.09 0.12 0.13 0.14 0.14 0.10 0.13 0.14 0.12 0.11 0.12 0.14 0.12 0.11 0.15 0.13 0.14 0.12 0.13 0.12 0.13 0.11 0.09 0.12 0.13 0.13 0.11 0.13 0.15 0.13 0.11 0.13 0.14 0.10 0.13 0.12 0.13 0.13 0.11 0.10 0.11 0.11 0.10 0.10 0.11 0.14 0.12 0.13 0.14 0.12 0.13 0.12 0.12 0.12 0.13 0.12 0.11 0.12 0.11 0.11 0.12 0.12 0.12 0.12 0.13 0.10 0.12 0.11 0.10 0.12 0.10 0.09 0.11 0.09 0.10 0.13 0.12 0.10 0.12 0.13
0.14 0.13 0.15 0.14 0.13 0.12 0.15 0.15 0.15 0.11 0.13 0.13 0.11 0.13 0.12 0.12 0.13 0.15 0.13 0.13 0.14 0.12 0.17 0.11 0.13 0.13 0.12 0.14 0.11 0.11 0.13 0.12 0.13 0.13 0.16 0.14 0.13 0.12 0.11 0.14 0.14 0.13 0.10 0.14 0.14 0.12 0.12 0.14 0.15 0.14 0.12 0.14 0.12 0.14 0.12 0.12 0.14 0.12 0.12 0.11 0.12 0.11 0.11 0.14 0.12 0.12 0.13 0.12 0.12 0.12 0.12 0.09 0.14 0.12 0.12 0.12 0.12 0.11 0.11 0.13 0.11 0.11 0.11 0.13 0.12 0.12 0.11 0.12 0.12 0.13 0.11 0.11 0.12 0.13 0.11 0.13 0.10 0.11 0.12 0.11
0.15 0.14 0.13 0.12 0.14 0.14 0.15 0.13 0.13 0.13 0.14 0.12 0.15 0.12 0.11 0.12 0.14 0.12 0.12 0.13 0.12 0.12 0.13 0.10 0.11 0.14 0.12 0.11 0.12 0.11 0.12 0.12 0.14 0.13 0.12 0.12 0.14 0.11 0.11 0.11 0.11 0.12 0.12 0.13 0.14 0.14 0.13 0.13 0.11 0.12 0.10 0.12 0.11 0.10 0.11 0.13 0.11 0.10 0.13 0.14 0.12 0.09 0.13 0.13 0.13 0.13 0.10 0.12 0.11 0.12 0.12 0.13 0.13 0.13 0.12 0.10 0.11 0.12 0.12 0.12 0.11 0.09 0.11 0.13 0.11 0.09 0.11 0.11 0.12 0.11 0.11 0.10 0.09 0.12 0.12 0.12 0.11 0.10 0.12 0.11
0.13 0.12 0.14 0.14 0.13 0.14 0.12 0.13 0.16 0.13 0.14 0.13 0.12 0.13 0.12 0.12 0.11 0.12 0.12 0.14 0.15 0.10 0.13 0.13 0.11 0.15 0.14 0.11 0.14 0.13 0.14 0.14 0.12 0.13 0.13 0.16 0.16 0.11 0.13 0.11 0.12 0.13 0.11 0.14 0.12 0.13 0.11 0.12 0.12 0.11 0.11 0.13 0.13 0.13 0.14 0.13 0.14 0.10 0.14 0.12 0.12 0.12 0.13 0.11 0.12 0.14 0.10 0.12 0.15 0.11 0.12 0.15 0.13 0.12 0.14 0.13 0.11 0.12 0.13 0.12 0.14 0.12 0.13 0.13 0.11 0.11 0.10 0.09 0.10 0.11 0.11 0.10 0.11 0.10 0.13 0.10 0.11 0.10 0.09 0.10
0.12 0.14 0.15 0.13 0.15 0.13 0.13 0.14 0.14 0.11 0.12 0.14 0.12 0.16 0.14 0.15 0.12 0.13 0.12 0.13 0.13 0.14 0.14 0.13 0.13 0.12 0.16 0.15 0.12 0.13 0.12 0.11 0.15 0.12 0.13 0.11 0.12 0.12 0.12 0.13 0.12 0.11 0.11 0.11 0.12 0.12 0.13 0.09 0.14 0.12 0.13 0.13 0.10 0.12 0.13 0.13 0.14 0.12 0.12 0.12 0.11 0.13 0.14 0.10 0.14 0.12 0.12 0.12 0.12 0.14 0.13 0.10 0.11 0.12 0.10 0.10 0.11 0.12 0.13 0.15 0.13 0.16 0.11 0.12 0.11 0.13 0.11 0.10 0.11 0.13 0.13 0.11 0.12 0.11 0.13 0.10 0.12 0.11 0.10 0.10
0.15 0.13 0.15 0.13 0.12 0.14 0.15 0.13 0.14 0.14 0.12 0.15 0.12 0.15 0.11 0.14 0.16 0.13 0.14 0.13 0.14 0.13 0.14 0.12 0.11 0.11 0.11 0.12 0.15 0.11 0.12 0.13 0.14 0.13 0.12 0.14 0.12 0.12 0.13 0.11 0.11 0.12 0.13 0.14 0.11 0.12 0.12 0.13 0.11 0.11 0.12 0.15 0.14 0.11 0.11 0.11 0.12 0.11 0.13 0.11 0.11 0.12 0.12 0.11 0.12 0.13 0.12 0.11 0.11 0.13 0.11 0.11 0.11 0.11 0.12 0.10 0.12 0.12 0.11 0.12 0.13 0.11 0.11 0.13 0.14 0.12 0.12 0.11 0.11 0.11 0.13 0.10 0.10 0.13 0.11 0.13 0.11 0.11 0.09 0.10
0.13 0.15 0.15 0.14 0.16 0.14 0.15 0.13 0.13 0.12 0.12 0.12 0.14 0.15 0.13 0.13 0.12 0.13 0.13 0.13 0.14 0.13 0.13 0.14 0.15 0.13 0.13 0.16 0.14 0.12 0.13 0.14 0.12 0.14 0.12 0.12 0.14 0.10 0.14 0.11 0.11 0.16 0.12 0.16 0.12 0.14 0.12 0.12 0.11 0.12 0.13 0.11 0.12 0.13 0.12 0.13 0.10 0.11 0.14 0.11 0.13 0.11 0.12 0.13 0.14 0.10 0.13 0.10 0.12 0.12 0.12 0.12 0.10 0.12 0.12 0.13 0.12 0.11 0.13 0.13 0.11 0.13 0.12 0.15 0.11 0.11 0.11 0.12 0.11 0.11 0.12 0.13 0.12 0.12 0.12 0.12 0.11 0.12 0.12 0.11
0.10 0.11 0.13 0.15 0.14 0.11 0.14 0.14 0.13 0.15 0.15 0.13 0.13 0.11 0.13 0.13 0.15 0.13 0.14 0.11 0.11 0.12 0.14 0.12 0.12 0.16 0.13 0.11 0.15 0.13 0.11 0.12 0.13 0.14 0.13 0.13 0.13 0.13 0.11 0.10 0.13 0.11 0.10 0.16 0.12 0.13 0.11 0.15 0.13 0.13 0.14 0.12 0.13 0.14 0.12 0.15 0.14 0.12 0.13 0.15 0.12 0.12 0.10 0.12 0.13 0.13 0.14 0.09 0.11 0.13 0.12 0.11 0.10 0.12 0.10 0.12 0.15 0.12 0.10 0.15 0.11 0.13 0.11 0.14 0.10 0.11 0.13 0.12 0.12 0.12 0.11 0.11 0.12 0.11 0.12 0.10 0.12 0.12 0.13 0.12
0.14 0.14 0.14 0.13 0.12 0.14 0.12 0.15 0.12 0.12 0.14 0.15 0.13 0.12 0.14 0.13 0.12 0.11 0.13 0.12 0.14 0.12 0.12 0.13 0.12 0.13 0.12 0.12 0.14 0.12 0.13 0.11 0.14 0.14 0.14 0.13 0.11 0.14 0.12 0.12 0.12 0.12 0.14 0.11 0.12 0.13 0.11 0.12 0.11 0.11 0.12 0.11 0.12 0.15 0.12 0.13 0.13 0.10 0.11 0.11 0.12 0.11 0.11 0.14 0.14 0.13 0.11 0.14 0.10 0.11 0.13 0.09 0.13 0.13 0.12 0.11 0.11 0.13 0.11 0.12 0.11 0.12 0.10 0.11 0.12 0.12 0.10 0.11 0.13 0.11 0.12 0.13 0.10 0.12 0.10 0.09 0.13 0.12 0.12 0.12
0.15 0.12 0.13 0.13 0.12 0.15 0.15 0.13 0.13 0.12 0.14 0.11 0.13 0.14 0.13 0.15 0.15 0.12 0.13 0.13 0.13 0.14 0.13 0.13 0.14 0.14 0.13 0.13 0.13 0.13 0.13 0.13 0.14 0.13 0.13 0.10 0.11 0.12 0.12 0.15 0.14 0.11 0.12 0.12 0.13 0.12 0.11 0.12 0.11 0.13 0.11 0.10 0.12 0.11 0.12 0.11 0.13 0.11 0.15 0.11 0.12 0.14 0.12 0.11 0.13 0.11 0.12 0.10 0.11 0.14 0.13 0.11 0.11 0.13 0.14 0.12 0.10 0.08 0.11 0.13 0.11 0.13 0.11 0.15 0.11 0.13 0.10 0.12 0.10 0.11 0.12 0.13 0.12 0.11 0.13 0.13 0.11 0.13 0.13 0.12
0.13 0.13 0.18 0.13 0.13 0.11 0.12 0.15 0.12 0.12 0.14 0.11 0.12 0.14 0.15 0.12 0.14 0.11 0.14 0.13 0.14 0.11 0.10 0.12 0.13 0.13 0.12 0.15 0.13 0.16 0.14 0.11 0.11 0.13 0.14 0.15 0.14 0.16 0.12 0.13 0.13 0.13 0.13 0.12 0.13 0.12 0.12 0.14 0.13 0.13 0.13 0.12 0.13 0.12 0.13 0.12 0.11 0.12 0.12 0.13 0.10 0.11 0.11 0.11 0.09 0.12 0.14 0.13 0.13 0.11 0.10 0.11 0.14 0.14 0.13 0.12 0.14 0.12 0.11 0.13 0.13 0.11 0.15 0.13 0.12 0.14 0.12 0.14 0.13 0.13 0.13 0.14 0.15 0.11 0.13 0.14 0.11 0.11 0.11 0.11
0.12 0.14 0.15 0.11 0.13 0.15 0.14 0.10 0.12 0.15 0.13 0.19 0.13 0.11 0.13 0.13 0.13 0.14 0.12 0.14 0.12 0.13 0.10 0.11 0.11 0.13 0.10 0.13 0.12 0.11 0.14 0.13 0.13 0.12 0.14 0.12 0.12 0.12 0.16 0.13 0.13 0.15 0.13 0.11 0.13 0.12 0.12 0.14 0.12 0.11 0.13 0.14 0.11 0.11 0.14 0.11 0.14 0.11 0.12 0.10 0.14 0.11 0.11 0.10 0.10 0.11 0.13 0.13 0.11 0.10 0.13 0.11 0.16 0.11 0.13 0.11 0.11 0.10 0.11 0.14 0.13 0.12 0.11 0.12 0.14 0.12 0.09 0.12 0.12 0.11 0.11 0.11 0.11 0.14 0.12 0.12 0.11 0.11 0.11 0.11
0.15 0.16 0.14 0.15 0.13 0.12 0.12 0.15 0.14 0.14 0.14 0.14 0.12 0.14 0.14 0.13 0.14 0.11 0.11 0.14 0.12 0.15 0.13 0.14 0.14 0.13 0.15 0.12 0.11 0.13 0.12 0.12 0.14 0.10 0.12 0.12 0.14 0.12 0.13 0.14 0.12 0.15 0.14 0.14 0.13 0.13 0.11 0.12 0.12 0.13 0.13 0.13 0.12 0.10 0.09 0.12 0.11 0.12 0.13 0.12 0.11 0.13 0.12 0.11 0.13 0.13 0.13 0.11 0.12 0.11 0.16 0.13 0.13 0.11 0.12 0.14 0.10 0.13 0.13 0.10 0.13 0.12 0.10 0.11 0.11 0.12 0.12 0.12 0.13 0.13 0.10 0.13 0.12 0.15 0.10 0.12 0.12 0.11 0.13 0.11
0.13 0.17 0.13 0.15 0.15 0.13 0.14 0.14 0.12 0.15 0.13 0.13 0.12 0.14 0.10 0.12 0.14 0.12 0.12 0.12 0.12 0.11 0.14 0.14 0.15 0.14 0.11 0.14 0.12 0.13 0.13 0.13 0.12 0.13 0.14 0.13 0.14 0.13 0.13 0.12 0.13 0.11 0.12 0.13 0.12 0.13 0.13 0.12 0.11 0.10 0.13 0.13 0.13 0.12 0.14 0.11 0.12 0.12 0.11 0.12 0.13 0.11 0.14 0.10 0.12 0.12 0.11 0.13 0.13 0.11 0.14 0.14 0.13 0.12 0.13 0.11 0.11 0.10 0.11 0.13 0.13 0.11 0.14 0.13 0.12 0.12 0.13 0.11 0.12 0.09 0.11 0.10 0.12 0.12 0.11 0.12 0.12 0.11 0.11 0.11
0.15 0.13 0.15 0.14 0.13 0.14 0.14 0.13 0.11 0.13 0.14 0.13 0.11 0.12 0.14 0.15 0.15 0.12 0.13 0.12 0.16 0.13 0.11 0.13 0.12 0.13 0.13 0.14 0.10 0.13 0.12 0.12 0.11 0.15 0.14 0.13 0.12 0.11 0.12 0.13 0.15 0.12 0.13 0.15 0.13 0.12 0.14 0.13 0.13 0.12 0.11 0.11 0.13 0.12 0.11 0.09 0.13 0.15 0.12 0.13 0.11 0.12 0.14 0.13 0.11 0.12 0.10 0.11 0.12 0.13 0.11 0.11 0.11 0.15 0.13 0.13 0.13 0.11 0.11 0.12 0.11 0.13 0.11 0.11 0.13 0.10 0.12 0.14 0.12 0.12 0.10 0.13 0.12 0.11 0.10 0.14 0.14 0.11 0.13 0.11
0.15 0.14 0.13 0.13 0.15 0.11 0.13 0.12 0.13 0.15 0.12 0.14 0.13 0.16 0.13 0.14 0.15 0.13 0.12 0.13 0.13 0.13 0.12 0.13 0.12 0.14 0.12 0.13 0.14 0.12 0.15 0.12 0.13 0.14 0.11 0.14 0.12 0.12 0.12 0.12 0.11 0.14 0.12 0.14 0.12 0.14 0.14 0.14 0.12 0.14 0.11 0.12 0.12 0.11 0.13 0.13 0.13 0.12 0.14 0.14 0.12 0.14 0.13 0.12 0.14 0.11 0.11 0.12 0.11 0.12 0.14 0.12 0.11 0.10 0.11 0.12 0.13 0.12 0.12 0.12 0.14 0.11 0.13 0.13 0.12 0.13 0.10 0.14 0.13 0.13 0.14 0.13 0.12 0.13 0.09 0.10 0.13 0.11 0.11 0.11
0.14 0.13 0.14 0.14 0.14 0.13 0.12 0.16 0.16 0.13 0.15 0.15 0.13 0.15 0.09 0.15 0.14 0.14 0.13 0.15 0.12 0.15 0.11 0.13 0.14 0.14 0.13 0.14 0.14 0.14 0.11 0.12 0.14 0.13 0.13 0.11 0.14 0.13 0.14 0.12 0.15 0.13 0.12 0.17 0.12 0.11 0.11 0.11 0.12 0.14 0.12 0.12 0.10 0.13 0.09 0.13 0.11 0.13 0.17 0.13 0.13 0.12 0.13 0.13 0.12 0.13 0.14 0.11 0.09 0.12 0.11 0.13 0.12 0.14 0.12 0.12 0.10 0.14 0.13 0.11 0.12 0.12 0.14 0.12 0.10 0.12 0.09 0.11 0.12 0.10 0.12 0.14 0.13 0.12 0.12 0.11 0.11 0.12 0.13 0.13
0.16 0.12 0.14 0.16 0.14 0.12 0.13 0.13 0.12 0.17 0.13 0.13 0.15 0.11 0.12 0.13 0.11 0.13 0.13 0.12 0.13 0.11 0.14 0.15 0.12 0.13 0.13 0.12 0.13 0.13 0.14 0.14 0.15 0.12 0.12 0.10 0.12 0.11 0.13 0.11 0.13 0.14 0.14 0.14 0.13 0.12 0.14 0.12 0.15 0.13 0.13 0.14 0.15 0.10 0.15 0.13 0.12 0.14 0.12 0.10 0.13 0.13 0.14 0.11 0.12 0.15 0.13 0.11 0.11 0.12 0.13 0.13 0.12 0.13 0.12 0.11 0.12 0.12 0.13 0.12 0.11 0.14 0.13 0.12 0.14 0.11 0.10 0.13 0.13 0.13 0.10 0.14 0.12 0.11 0.12 0.14 0.10 0.12 0.11 0.09
0.13 0.15 0.11 0.12 0.13 0.15 0.14 0.16 0.13 0.19 0.11 0.12 0.15 0.13 0.12 0.15 0.13 0.15 0.13 0.14 0.14 0.13 0.13 0.14 0.13 0.15 0.11 0.13 0.14 0.11 0.15 0.13 0.15 0.13 0.16 0.11 0.12 0.12 0.15 0.13 0.12 0.13 0.13 0.14 0.15 0.12 0.13 0.13 0.11 0.12 0.11 0.12 0.12 0.11 0.13 0.10 0.12 0.12 0.13 0.16 0.13 0.13 0.12 0.12 0.12 0.12 0.16 0.10 0.13 0.11 0.11 0.11 0.12 0.11 0.10 0.13 0.12 0.11 0.12 0.11 0.14 0.13 0.11 0.13 0.11 0.11 0.09 0.13 0.10 0.13 0.11 0.13 0.11 0.11 0.12 0.12 0.11 0.10 0.11 0.14
0.15 0.12 0.13 0.14 0.14 0.11 0.14 0.13 0.14 0.16 0.12 0.13 0.13 0.11 0.11 0.15 0.14 0.11 0.13 0.15 0.10 0.14 0.12 0.15 0.14 0.12 0.16 0.14 0.12 0.14 0.11 0.11 0.12 0.13 0.17 0.12 0.14 0.14 0.12 0.12 0.13 0.11 0.15 0.14 0.14 0.15 0.11 0.12 0.13 0.13 0.12 0.12 0.12 0.15 0.11 0.13 0.09 0.11 0.11 0.13 0.13 0.11 0.14 0.12 0.13 0.14 0.14 0.13 0.12 0.12 0.11 0.11 0.12 0.13 0.12 0.14 0.12 0.14 0.13 0.12 0.14 0.11 0.12 0.10 0.10 0.13 0.12 0.10 0.12 0.13 0.13 0.11 0.12 0.12 0.12 0.11 0.11 0.14 0.11 0.10
0.15 0.15 0.13 0.14 0.13 0.15 0.13 0.13 0.12 0.15 0.14 0.14 0.14 0.12 0.16 0.12 0.17 0.13 0.13 0.15 0.12 0.14 0.12 0.14 0.11 0.13 0.13 0.13 0.13 0.12 0.13 0.11 0.12 0.11 0.13 0.14 0.12 0.13 0.12 0.13 0.14 0.16 0.14 0.12 0.12 0.11 0.12 0.15 0.14 0.14 0.13 0.13 0.11 0.12 0.12 0.12 0.12 0.10 0.12 0.15 0.12 0.11 0.12 0.14 0.13 0.14 0.12 0.12 0.12 0.11 0.12 0.11 0.13 0.12 0.12 0.14 0.14 0.14 0.13 0.09 0.10 0.10 0.10 0.10 0.11 0.11 0.13 0.10 0.13 0.09 0.14 0.12 0.13 0.11 0.11 0.08 0.10 0.12 0.12 0.12
0.15 0.16 0.12 0.12 0.14 0.16 0.12 0.12 0.13 0.11 0.14 0.12 0.12 0.14 0.16 0.12 0.16 0.10 0.11 0.15 0.13 0.13 0.13 0.13 0.13 0.14 0.16 0.13 0.12 0.12 0.11 0.15 0.13 0.16 0.12 0.10 0.13 0.12 0.13 0.12 0.13 0.14 0.12 0.14 0.11 0.15 0.12 0.14 0.13 0.15 0.16 0.12 0.13 0.12 0.13 0.15 0.13 0.12 0.17 0.12 0.12 0.14 0.12 0.14 0.12 0.12 0.12 0.14 0.12 0.11 0.13 0.11 0.14 0.12 0.11 0.11 0.14 0.13 0.11 0.12 0.13 0.14 0.13 0.11 0.13 0.12 0.10 0.10 0.13 0.12 0.12 0.12 0.13 0.11 0.11 0.13 0.10 0.11 0.11 0.13
0.13 0.11 0.14 0.11 0.13 0.14 0.15 0.13 0.15 0.16 0.15 0.18 0.14 0.14 0.12 0.13 0.13 0.14 0.13 0.16 0.12 0.11 0.15 0.15 0.12 0.12 0.14 0.11 0.16 0.14 0.15 0.11 0.12 0.13 0.14 0.11 0.17 0.13 0.12 0.15 0.13 0.11 0.11 0.12 0.10 0.14 0.11 0.12 0.13 0.13 0.13 0.14 0.12 0.15 0.12 0.13 0.15 0.13 0.09 0.10 0.13 0.16 0.12 0.11 0.12 0.11 0.11 0.13 0.12 0.12 0.11 0.13 0.13 0.14 0.13 0.12 0.11 0.11 0.11 0.12 0.13 0.12 0.10 0.12 0.12 0.11 0.12 0.11 0.12 0.11 0.13 0.13 0.14 0.10 0.12 0.13 0.14 0.13 0.11 0.11
0.12 0.10 0.15 0.13 0.12 0.14 0.18 0.16 0.11 0.13 0.13 0.14 0.15 0.16 0.13 0.15 0.11 0.14 0.15 0.12 0.14 0.10 0.13 0.13 0.11 0.11 0.14 0.12 0.12 0.16 0.13 0.16 0.13 0.13 0.14 0.13 0.13 0.15 0.14 0.14 0.11 0.16 0.14 0.12 0.13 0.14 0.15 0.14 0.13 0.13 0.11 0.14 0.15 0.14 0.14 0.11 0.13 0.14 0.13 0.11 0.12 0.15 0.13 0.12 0.13 0.10 0.13 0.11 0.12 0.14 0.12 0.11 0.12 0.13 0.11 0.11 0.14 0.12 0.10 0.10 0.13 0.13 0.11 0.12 0.14 0.10 0.12 0.11 0.11 0.10 0.12 0.12 0.11 0.09 0.13 0.12 0.12 0.14 0.13 0.12
0.16 0.11 0.17 0.13 0.13 0.16 0.15 0.12 0.13 0.13 0.13 0.13 0.13 0.14 0.14 0.15 0.14 0.16 0.10 0.15 0.12 0.15 0.15 0.11 0.12 0.11 0.14 0.13 0.14 0.15 0.14 0.12 0.15 0.14 0.12 0.13 0.14 0.12 0.12 0.11 0.13 0.12 0.11 0.13 0.11 0.12 0.12 0.12 0.13 0.11 0.14 0.13 0.12 0.11 0.15 0.12 0.12 0.15 0.13 0.14 0.15 0.11 0.12 0.11 0.11 0.14 0.14 0.14 0.11 0.11 0.11 0.13 0.10 0.12 0.16 0.12 0.11 0.14 0.14 0.10 0.13 0.13 0.13 0.14 0.13 0.13 0.12 0.11 0.14 0.14 0.12 0.13 0.12 0.11 0.12 0.12 0.11 0.13 0.10 0.15
0.15 0.13 0.12 0.14 0.14 0.13 0.14 0.14 0.14 0.14 0.11 0.13 0.12 0.15 0.15 0.14 0.14 0.17 0.14 0.14 0.13 0.12 0.13 0.12 0.12 0.14 0.14 0.12 0.15 0.12 0.12 0.12 0.14 0.13 0.13 0.13 0.15 0.15 0.14 0.12 0.12 0.14 0.14 0.13 0.13 0.13 0.13 0.14 0.12 0.15 0.13 0.15 0.13 0.13 0.12 0.10 0.13 0.14 0.12 0.12 0.12 0.11 0.12 0.13 0.13 0.13 0.13 0.13 0.13 0.12 0.12 0.14 0.13 0.12 0.14 0.11 0.12 0.13 0.13 0.12 0.12 0.15 0.11 0.12 0.09 0.12 0.12 0.11 0.11 0.11 0.11 0.14 0.12 0.11 0.13 0.13 0.12 0.12 0.12 0.11
0.12 0.16 0.16 0.12 0.13 0.16 0.12 0.15 0.17 0.16 0.13 0.13 0.12 0.13 0.13 0.14 0.12 0.14 0.12 0.13 0.12 0.14 0.14 0.14 0.13 0.12 0.12 0.14 0.15 0.11 0.15 0.15 0.12 0.15 0.14 0.14 0.14 0.11 0.14 0.13 0.14 0.12 0.15 0.14 0.16 0.12 0.12 0.15 0.13 0.10 0.13 0.15 0.13 0.12 0.11 0.13 0.15 0.14 0.13 0.12 0.12 0.12 0.14 0.11 0.12 0.14 0.12 0.12 0.13 0.14 0.13 0.14 0.13 0.09 0.13 0.13 0.11 0.14 0.12 0.12 0.15 0.12 0.12 0.12 0.13 0.13 0.12 0.13 0.11 0.11 0.13 0.11 0.12 0.12 0.12 0.12 0.10 0.13 0.12 0.11
0.12 0.13 0.14 0.13 0.14 0.16 0.13 0.16 0.11 0.16 0.12 0.11 0.17 0.14 0.14 0.14 0.14 0.14 0.13 0.16 0.17 0.12 0.14 0.14 0.12 0.11 0.15 0.12 0.15 0.14 0.16 0.15 0.14 0.12 0.14 0.13 0.13 0.13 0.14 0.10 0.12 0.13 0.15 0.13 0.13 0.17 0.15 0.12 0.14 0.18 0.13 0.13 0.13 0.11 0.12 0.11 0.14 0.13 0.11 0.12 0.13 0.13 0.13 0.10 0.13 0.12 0.12 0.11 0.14 0.11 0.14 0.16 0.14 0.13 0.12 0.15 0.13 0.12 0.13 0.11 0.13 0.14 0.13 0.12 0.11 0.15 0.13 0.12 0.11 0.13 0.12 0.13 0.16 0.14 0.12 0.13 0.12 0.13 0.15 0.11
0.12 0.12 0.14 0.15 0.14 0.12 0.14 0.15 0.14 0.13 0.12 0.15 0.12 0.14 0.12 0.13 0.15 0.13 0.13 0.16 0.14 0.13 0.13 0.12 0.14 0.16 0.15 0.12 0.15 0.14 0.15 0.13 0.12 0.14 0.15 0.15 0.15 0.13 0.12 0.15 0.13 0.13 0.14 0.15 0.14 0.14 0.13 0.13 0.14 0.13 0.14 0.11 0.14 0.14 0.15 0.11 0.13 0.12 0.14 0.13 0.14 0.12 0.10 0.12 0.13 0.13 0.12 0.12 0.13 0.11 0.13 0.11 0.11 0.15 0.11 0.10 0.12 0.11 0.14 0.13 0.11 0.12 0.14 0.11 0.11 0.14 0.12 0.13 0.12 0.13 0.11 0.11 0.15 0.11 0.12 0.13 0.12 0.11 0.12 0.13
0.13 0.15 0.15 0.18 0.15 0.13 0.12 0.13 0.15 0.14 0.13 0.15 0.14 0.14 0.12 0.13 0.11 0.15 0.12 0.15 0.14 0.14 0.16 0.15 0.12 0.14 0.14 0.13 0.15 0.11 0.16 0.14 0.12 0.15 0.13 0.14 0.14 0.13 0.13 0.14 0.16 0.13 0.13 0.13 0.14 0.16 0.11 0.16 0.13 0.14 0.13 0.14 0.12 0.16 0.13 0.13 0.13 0.14 0.13 0.15 0.12 0.13 0.12 0.15 0.13 0.13 0.12 0.14 0.14 0.14 0.14 0.13 0.14 0.11 0.14 0.13 0.13 0.13 0.13 0.11 0.13 0.11 0.13 0.12 0.14 0.13 0.13 0.13 0.12 0.14 0.12 0.14 0.13 0.11 0.11 0.12 0.12 0.13 0.13 0.13
0.17 0.18 0.16 0.16 0.14 0.18 0.13 0.16 0.15 0.15 0.16 0.14 0.14 0.16 0.14 0.13 0.16 0.16 0.13 0.19 0.15 0.12 0.14 0.16 0.14 0.16 0.13 0.14 0.13 0.12 0.15 0.12 0.16 0.13 0.15 0.13 0.14 0.14 0.14 0.13 0.14 0.16 0.15 0.12 0.14 0.13 0.12 0.13 0.13 0.12 0.13 0.14 0.14 0.12 0.14 0.15 0.14 0.12 0.12 0.12 0.13 0.17 0.14 0.14 0.15 0.14 0.14 0.12 0.12 0.11 0.14 0.15 0.10 0.14 0.14 0.13 0.12 0.13 0.12 0.11 0.14 0.10 0.16 0.14 0.12 0.14 0.14 0.13 0.16 0.11 0.10 0.13 0.14 0.10 0.12 0.10 0.11 0.16 0.11 0.14
0.16 0.18 0.13 0.15 0.15 0.14 0.18 0.15 0.16 0.14 0.17 0.14 0.13 0.18 0.13 0.16 0.15 0.18 0.13 0.14 0.15 0.14 0.13 0.14 0.15 0.12 0.14 0.12 0.15 0.14 0.13 0.15 0.14 0.16 0.16 0.12 0.15 0.14 0.14 0.15 0.15 0.14 0.11 0.15 0.14 0.13 0.12 0.12 0.15 0.13 0.13 0.12 0.15 0.16 0.14 0.14 0.13 0.14 0.12 0.12 0.13 0.15 0.13 0.13 0.13 0.13 0.14 0.11 0.10 0.13 0.12 0.12 0.14 0.13 0.14 0.13 0.12 0.14 0.12 0.11 0.16 0.12 0.16 0.11 0.12 0.13 0.14 0.11 0.11 0.11 0.12 0.13 0.12 0.13 0.13 0.14 0.11 0.11 0.13 0.12
0.15 0.17 0.15 0.13 0.15 0.17 0.16 0.13 0.17 0.12 0.15 0.12 0.18 0.16 0.16 0.14 0.15 0.13 0.15 0.15 0.13 0.13 0.13 0.16 0.15 0.16 0.15 0.13 0.15 0.15 0.16 0.09 0.14 0.17 0.14 0.15 0.13 0.12 0.14 0.11 0.14 0.14 0.14 0.14 0.16 0.14 0.15 0.14 0.11 0.12 0.15 0.10 0.15 0.15 0.12 0.13 0.12 0.12 0.14 0.14 0.16 0.13 0.13 0.12 0.13 0.12 0.13 0.15 0.16 0.10 0.15 0.13 0.16 0.14 0.14 0.12 0.13 0.12 0.13 0.13 0.13 0.14 0.12 0.13 0.11 0.12 0.13 0.16 0.12 0.12 0.11 0.14 0.13 0.12 0.14 0.13 0.14 0.10 0.13 0.13
0.14 0.15 0.13 0.16 0.18 0.16 0.17 0.17 0.15 0.15 0.16 0.14 0.15 0.16 0.15 0.19 0.16 0.15 0.12 0.14 0.15 0.14 0.15 0.13 0.17 0.14 0.14 0.16 0.14 0.17 0.13 0.16 0.14 0.15 0.15 0.15 0.15 0.14 0.12 0.12 0.12 0.15 0.16 0.14 0.15 0.14 0.17 0.14 0.12 0.14 0.16 0.15 0.15 0.16 0.14 0.16 0.13 0.15 0.15 0.14 0.15 0.13 0.15 0.13 0.13 0.16 0.15 0.12 0.16 0.13 0.13 0.15 0.13 0.12 0.12 0.15 0.13 0.13 0.15 0.11 0.13 0.15 0.14 0.16 0.15 0.15 0.11 0.13 0.13 0.14 0.14 0.13 0.12 0.14 0.11 0.12 0.13 0.12 0.12 0.14
0.13 0.14 0.14 0.16 0.17 0.15 0.16 0.15 0.19 0.17 0.16 0.16 0.16 0.17 0.16 0.17 0.17 0.16 0.16 0.17 0.17 0.14 0.15 0.13 0.18 0.17 0.13 0.14 0.16 0.15 0.13 0.15 0.17 0.15 0.15 0.15 0.15 0.15 0.16 0.13 0.15 0.12 0.16 0.16 0.15 0.13 0.14 0.15 0.15 0.11 0.12 0.16 0.15 0.15 0.16 0.15 0.15 0.16 0.13 0.14 0.15 0.13 0.13 0.15 0.13 0.16 0.16 0.11 0.15 0.15 0.12 0.16 0.17 0.15 0.13 0.13 0.12 0.14 0.14 0.13 0.13 0.13 0.14 0.17 0.13 0.13 0.13 0.11 0.13 0.15 0.13 0.12 0.16 0.13 0.15 0.12 0.13 0.12 0.11 0.14
0.18 0.21 0.18 0.17 0.19 0.13 0.15 0.16 0.16 0.13 0.14 0.16 0.20 0.16 0.16 0.17 0.19 0.16 0.16 0.13 0.16 0.20 0.16 0.17 0.16 0.14 0.17 0.15 0.15 0.18 0.15 0.17 0.17 0.17 0.14 0.16 0.16 0.14 0.17 0.17 0.18 0.13 0.16 0.17 0.16 0.17 0.15 0.18 0.17 0.14 0.14 0.13 0.15 0.16 0.18 0.16 0.16 0.13 0.18 0.14 0.14 0.16 0.14 0.16 0.15 0.15 0.13 0.12 0.14 0.12 0.16 0.18 0.16 0.16 0.14 0.15 0.15 0.14 0.14 0.16 0.14 0.15 0.13 0.12 0.14 0.11 0.14 0.14 0.15 0.15 0.15 0.13 0.11 0.13 0.13 0.12 0.14 0.14 0.14 0.14
0.20 0.19 0.17 0.17 0.13 0.19 0.20 0.20 0.19 0.19 0.21 0.23 0.20 0.18 0.17 0.21 0.22 0.16 0.19 0.16 0.20 0.18 0.18 0.18 0.17 0.18 0.18 0.15 0.17 0.15 0.18 0.19 0.16 0.16 0.19 0.17 0.17 0.17 0.18 0.17 0.16 0.18 0.16 0.15 0.13 0.16 0.17 0.14 0.20 0.16 0.15 0.15 0.15 0.17 0.17 0.15 0.15 0.17 0.19 0.17 0.14 0.14 0.13 0.16 0.18 0.20 0.15 0.16 0.15 0.15 0.19 0.15 0.17 0.14 0.16 0.16 0.16 0.15 0.12 0.15 0.13 0.16 0.19 0.16 0.16 0.18 0.18 0.16 0.15 0.15 0.16 0.13 0.14 0.15 0.16 0.13 0.16 0.14 0.14 0.14
0.20 0.22 0.21 0.20 0.23 0.20 0.21 0.18 0.21 0.19 0.28 0.23 0.21 0.20 0.22 0.19 0.20 0.24 0.23 0.19 0.21 0.21 0.19 0.22 0.18 0.18 0.20 0.21 0.20 0.19 0.21 0.21 0.20 0.20 0.18 0.20 0.19 0.20 0.18 0.22 0.23 0.20 0.22 0.24 0.20 0.17 0.21 0.22 0.22 0.18 0.22 0.14 0.18 0.19 0.21 0.18 0.13 0.15 0.18 0.19 0.21 0.18 0.19 0.16 0.19 0.19 0.20 0.20 0.20 0.17 0.15 0.23 0.19 0.17 0.16 0.18 0.16 0.18 0.20 0.21 0.20 0.15 0.17 0.20 0.20 0.17 0.18 0.21 0.18 0.18 0.21 0.17 0.20 0.18 0.19 0.17 0.15 0.18 0.16 0.20
0.34 0.34 0.33 0.34 0.33 0.28 0.35 0.33 0.33 0.36 0.31 0.33 0.28 0.35 0.30 0.26 0.31 0.28 0.33 0.37 0.32 0.34 0.31 0.29 0.25 0.32 0.31 0.28 0.30 0.28 0.32 0.21 0.23 0.29 0.36 0.30 0.32 0.34 0.28 0.30 0.30 0.29 0.27 0.33 0.30 0.35 0.29 0.27 0.33 0.24 0.30 0.32 0.34 0.29 0.32 0.33 0.34 0.33 0.30 0.27 0.23 0.27 0.34 0.30 0.33 0.26 0.31 0.27 0.32 0.27 0.32 0.29 0.31 0.28 0.26 0.20 0.27 0.29 0.23 0.25 0.29 0.33 0.29 0.29 0.26 0.26 0.28 0.31 0.25 0.25 0.26 0.27 0.23 0.25 0.30 0.28 0.24 0.28 0.26 0.25
