253 257 250 245 251 252 242 241 234 242 229 242 225 227 234 232 231 228 224 233 233 230 220 226 220 224 223 218 220 218 215 216 219 221 210 218 209 207 211 213 209 206 209 212 203 205 198 210 197 197 201 198 196 203 194 198 199 195 193 195 197 193 190 194 195 190 192 192 190 183 190 191 192 187 183 189 184 182 184 183 185 184 187 188 182 178 178 184 183 182 178 178 178 176 180 178 178 177 177 178
251 248 245 246 247 244 242 240 240 242 231 237 239 235 233 234 232 232 225 234 225 225 228 228 220 220 220 222 215 217 222 223 214 218 210 214 214 218 209 215 209 207 209 208 205 203 200 203 200 198 203 204 200 204 195 195 195 195 198 198 190 189 191 192 187 197 193 193 191 188 188 190 185 183 183 187 189 191 186 184 183 182 183 185 178 186 181 178 179 179 179 170 180 177 179 177 177 178 179 172
257 256 250 240 242 251 245 249 239 246 232 236 238 242 237 229 230 225 227 229 228 226 228 221 220 228 219 218 221 213 211 218 214 216 209 207 211 202 212 214 213 196 204 210 207 203 204 206 200 206 204 200 199 200 201 197 200 198 195 192 193 193 199 194 189 192 186 191 194 191 186 179 184 190 182 185 184 191 182 184 181 183 182 180 186 180 177 179 184 183 172 183 181 179 180 177 174 177 180 178
256 256 245 259 249 248 244 244 243 239 244 236 234 239 236 231 231 228 228 225 231 223 230 220 217 218 221 219 221 218 216 214 212 209 215 209 214 213 211 211 207 208 213 202 207 205 206 201 206 205 200 204 196 200 199 195 200 193 193 192 194 199 194 194 198 192 191 191 185 187 186 193 181 187 186 186 182 183 179 190 181 188 180 182 187 184 187 185 184 182 181 175 184 176 174 176 176 182 175 172
250 249 255 248 251 245 254 240 246 237 234 239 239 245 232 235 231 233 230 228 232 228 224 222 218 221 223 223 220 218 215 222 215 219 215 220 214 212 211 217 216 207 205 205 199 205 208 205 201 201 200 200 206 202 199 202 200 195 192 196 195 196 197 194 193 191 183 193 193 193 188 191 183 188 186 188 182 183 186 181 179 185 187 182 183 184 185 179 178 183 183 178 172 178 174 177 176 177 178 175
258 248 248 252 251 235 240 245 246 243 239 244 240 234 233 231 235 230 227 230 227 231 231 226 224 221 220 218 218 211 212 219 218 212 209 217 207 215 215 208 202 209 208 209 200 197 209 202 206 207 198 203 194 193 203 195 198 194 192 195 195 194 200 195 189 193 191 195 193 188 188 186 187 183 188 178 183 185 182 184 182 186 185 181 183 174 179 188 180 177 178 173 179 176 179 177 177 177 175 172
254 241 248 251 246 242 243 237 246 241 237 232 235 225 234 231 225 231 232 232 225 226 224 225 222 228 223 223 218 220 219 212 223 215 215 208 210 210 216 213 209 209 209 207 208 204 201 200 198 207 200 200 200 198 199 197 197 193 192 190 199 197 195 189 188 191 192 190 185 190 193 192 188 185 190 183 187 183 182 177 182 185 185 181 182 185 182 180 175 178 179 180 173 181 180 176 176 178 180 176
250 252 243 251 246 238 246 249 244 235 244 239 239 237 237 233 229 225 226 236 223 223 220 217 225 225 221 219 218 224 219 224 213 214 214 213 211 213 210 209 207 216 210 204 205 207 204 206 204 202 201 203 204 201 201 192 197 190 198 194 190 195 196 189 192 191 192 190 189 182 193 186 192 189 188 185 190 183 190 180 187 178 184 190 179 180 177 179 175 187 176 177 178 172 179 177 178 177 176 173
257 251 246 243 244 247 236 241 241 244 231 238 233 230 230 232 226 232 231 233 233 227 226 221 225 231 211 216 217 222 222 220 212 214 209 209 203 205 209 210 210 209 209 198 203 211 202 200 209 206 198 197 201 202 194 196 192 189 194 198 196 194 199 192 196 193 187 186 187 195 189 189 190 185 182 189 187 185 180 186 183 183 186 183 176 178 182 176 179 181 176 181 174 184 179 173 175 177 181 171
250 248 251 247 245 236 254 233 245 243 237 236 231 236 235 234 228 237 223 228 223 217 231 224 224 224 217 225 219 210 218 220 211 213 217 216 213 212 206 215 204 209 211 205 206 204 205 197 210 200 200 202 201 197 197 199 200 199 199 196 193 197 197 192 196 194 192 188 186 192 189 182 194 186 184 187 189 188 180 176 182 183 185 184 183 182 179 178 178 183 180 179 178 175 177 169 175 175 173 170
254 255 251 240 246 250 246 246 242 244 241 238 233 243 233 234 236 236 233 229 228 221 228 233 213 220 224 217 209 213 221 214 213 210 216 208 213 210 215 208 208 209 206 207 212 202 203 200 198 205 203 202 198 201 207 199 198 199 197 198 196 195 197 197 195 188 192 188 183 189 185 188 189 189 184 185 188 181 188 188 182 180 181 180 184 177 181 176 180 180 180 185 185 178 179 180 174 173 177 181
257 253 245 251 242 243 244 241 236 245 248 232 233 230 228 237 233 224 227 228 227 231 220 221 227 224 225 217 222 212 219 218 216 215 215 216 215 210 214 210 211 209 205 203 212 205 207 197 200 201 194 202 196 197 200 197 193 199 195 203 197 188 191 189 195 191 193 192 196 196 192 187 185 181 185 183 186 183 187 185 183 182 186 177 181 181 182 175 179 180 181 177 178 174 175 173 172 178 171 175
248 250 253 251 245 242 237 246 238 237 240 242 237 241 229 230 231 224 231 228 229 225 227 226 222 219 221 224 216 207 217 215 213 215 217 215 218 215 210 206 215 210 208 204 199 199 204 207 202 200 202 198 198 202 200 197 194 194 199 195 199 191 193 193 187 193 196 188 190 186 186 192 186 188 191 189 184 184 180 181 178 179 181 182 182 178 176 179 180 177 180 179 178 174 176 181 174 174 179 174
261 252 253 243 247 249 248 241 247 230 243 236 234 236 237 230 234 239 230 233 228 225 225 220 223 224 224 223 220 221 221 220 218 215 217 219 214 215 212 211 207 204 205 205 211 208 203 204 201 202 196 204 198 203 201 201 198 196 196 191 195 189 194 186 192 189 193 188 191 190 190 196 195 188 184 184 185 182 187 183 181 184 177 178 180 182 180 181 182 177 182 176 180 177 173 177 172 174 173 170
254 248 253 249 251 245 243 246 234 244 238 233 233 237 242 239 230 231 225 217 224 228 223 225 225 222 218 214 215 218 212 213 218 216 213 216 210 208 202 215 205 204 211 208 203 209 203 205 203 201 212 201 201 203 198 199 197 196 191 194 198 190 194 198 189 190 188 191 185 180 191 188 182 190 188 182 185 190 180 185 179 182 178 181 181 180 180 184 181 185 178 180 176 180 176 176 178 175 174 171
251 255 251 249 251 242 241 245 237 250 243 236 235 240 236 229 231 225 226 230 228 230 220 221 219 223 222 216 219 223 221 219 221 214 214 213 210 206 209 216 204 208 206 205 217 204 207 208 196 203 203 201 198 199 196 197 198 189 199 191 194 197 192 190 191 187 193 188 186 185 188 190 190 193 188 185 185 181 187 185 182 183 180 185 183 178 174 178 178 175 180 180 180 179 178 179 179 176 177 171
254 250 248 244 247 248 248 243 246 248 232 238 241 233 234 231 237 224 239 224 224 228 226 223 220 220 223 222 215 222 220 221 218 215 215 207 211 215 213 203 208 208 209 209 212 205 207 204 200 199 200 195 200 199 196 198 196 196 195 191 200 198 196 195 194 197 186 192 187 190 186 186 193 183 185 189 189 187 177 182 186 183 185 185 177 179 178 180 180 176 180 180 176 176 176 174 178 177 176 179
254 250 250 244 246 241 244 243 238 236 237 235 235 228 233 234 228 227 231 229 228 224 226 223 220 219 225 220 218 217 227 218 216 210 214 215 212 209 208 209 205 212 210 204 211 206 209 198 204 203 199 204 199 199 197 194 196 196 188 191 193 191 192 195 187 187 193 189 192 186 189 186 182 188 187 184 190 184 188 181 185 182 184 178 178 180 182 180 181 177 176 176 179 180 179 177 176 177 171 176
251 248 249 244 242 240 240 245 244 240 237 235 236 238 241 230 222 226 227 216 229 230 224 228 223 226 223 227 217 221 222 218 219 218 219 211 210 210 205 208 211 207 206 208 203 206 210 203 205 203 198 200 199 193 198 194 199 195 193 199 196 198 198 194 192 187 190 187 187 193 188 188 193 192 185 189 186 185 184 186 184 187 179 185 182 184 181 182 179 174 180 177 173 180 174 179 174 171 172 176
251 257 258 251 253 247 248 248 245 238 238 238 237 241 237 231 238 232 224 230 226 223 226 226 226 229 223 216 218 225 218 213 207 213 215 212 217 215 212 211 200 214 211 206 207 200 204 195 204 199 204 202 201 196 199 191 196 195 196 192 192 192 189 195 195 194 190 189 188 190 188 186 190 191 184 188 181 180 188 186 183 182 180 184 181 182 175 182 176 177 177 182 174 181 174 176 176 176 171 175
258 247 246 247 248 242 241 244 237 238 230 236 243 229 233 235 239 235 231 222 225 232 224 226 223 222 217 220 223 224 215 223 217 210 214 211 210 210 206 210 211 207 206 203 205 207 199 204 205 201 204 202 205 196 199 197 200 194 193 198 186 192 196 193 192 190 192 192 183 188 185 191 185 189 188 190 180 187 184 185 183 180 183 184 178 183 178 180 180 180 180 183 175 178 178 177 178 176 174 172
253 255 241 249 251 243 238 246 243 230 235 237 228 232 226 235 233 225 229 228 230 227 226 228 227 220 220 226 220 216 223 219 212 217 209 212 210 208 213 210 206 207 203 205 205 204 209 209 193 205 199 201 198 198 200 203 198 200 196 195 195 195 195 196 193 192 195 190 185 187 190 185 187 189 187 181 186 181 187 182 186 186 176 182 181 186 178 181 182 173 175 178 177 177 178 176 180 178 174 178
247 250 246 244 252 246 236 239 248 233 239 235 239 230 239 229 245 238 230 229 226 227 220 222 223 225 218 215 219 215 218 214 214 217 215 220 216 213 212 209 216 213 205 208 203 208 200 202 205 199 204 202 201 197 202 196 197 195 197 192 194 194 196 196 193 193 187 190 192 191 190 189 189 182 182 193 186 179 184 183 181 183 182 179 183 183 181 176 180 177 179 180 180 177 172 175 175 178 172 175
255 256 252 248 250 245 245 235 242 230 239 232 235 229 239 237 231 231 229 232 229 232 226 227 221 221 226 219 214 220 213 212 219 216 213 210 219 209 204 208 206 210 206 206 207 212 206 203 203 195 202 194 198 200 198 193 196 205 191 196 198 194 190 192 187 188 190 192 191 191 184 182 192 186 184 190 184 186 189 183 183 186 184 181 179 177 184 179 179 182 181 178 178 178 176 173 175 171 176 176
248 247 255 247 247 255 241 240 237 250 238 244 240 241 237 230 236 235 225 226 228 229 221 225 224 219 226 221 216 219 223 219 215 215 211 212 208 201 212 208 205 205 204 204 211 200 205 210 209 205 204 201 201 200 202 191 192 196 192 196 197 190 188 192 192 193 192 188 191 192 190 189 187 187 187 181 190 186 189 184 179 183 182 183 178 178 176 176 181 179 178 174 174 176 177 173 173 177 176 177
249 250 254 244 253 237 235 245 241 240 241 232 236 242 231 235 232 234 221 227 225 233 226 217 225 219 228 221 218 215 217 220 224 210 217 217 211 211 208 212 205 205 211 206 210 204 205 200 204 205 195 204 203 201 193 191 193 201 201 192 189 194 195 194 191 190 192 191 191 186 187 181 189 184 185 190 186 186 184 183 190 186 182 182 179 183 181 178 186 173 174 179 179 176 176 178 179 173 181 176
255 255 244 248 233 245 241 243 241 240 243 238 235 233 235 236 235 235 223 225 224 219 227 231 221 219 224 217 216 220 215 216 216 220 213 208 215 215 210 208 211 200 207 206 212 205 209 201 206 200 198 202 199 200 200 198 198 190 203 193 191 196 197 197 193 189 187 190 187 187 184 187 187 189 189 191 181 185 183 183 184 184 180 177 185 182 179 178 177 181 179 174 175 177 182 174 175 175 175 175
255 250 250 254 238 244 245 238 240 240 233 236 237 237 234 229 232 230 224 227 231 233 217 220 225 225 223 225 215 219 213 216 212 217 215 211 208 211 209 213 210 214 208 209 211 206 207 200 202 194 204 193 200 196 197 194 197 193 196 190 195 195 198 200 193 194 190 188 186 190 193 186 188 186 183 189 180 184 179 191 184 180 183 177 182 187 180 182 181 178 180 180 178 178 176 177 178 176 178 177
251 242 251 247 247 248 252 245 240 246 234 237 236 239 231 232 229 232 224 229 227 230 216 225 223 211 224 215 220 220 221 217 213 223 219 213 218 206 209 201 204 203 207 204 207 206 205 207 201 204 201 200 194 204 193 195 199 194 191 196 201 196 194 191 188 191 193 191 188 187 186 194 186 187 184 187 186 188 187 186 181 188 176 179 184 184 181 175 177 181 181 179 179 178 173 178 172 170 173 171
258 254 240 239 249 243 239 240 242 240 237 236 229 231 232 236 235 236 221 229 227 226 224 212 228 220 223 221 212 218 221 217 216 211 215 222 211 210 210 216 208 211 206 202 206 195 206 207 203 198 199 204 193 199 204 198 202 200 194 191 199 198 195 192 193 194 187 196 193 190 191 188 187 185 185 190 188 179 187 188 189 185 184 182 180 181 181 180 183 178 181 175 176 178 177 180 173 174 175 173
248 245 241 248 249 235 240 240 243 244 242 239 226 237 233 226 234 233 233 222 227 228 229 229 221 226 220 220 223 216 215 218 216 211 212 211 208 204 215 207 209 209 199 207 206 205 205 205 200 200 200 206 197 199 198 191 194 197 195 195 192 190 195 187 193 188 194 190 190 191 184 185 189 190 187 188 187 184 185 186 185 178 183 183 183 178 182 179 181 176 178 183 178 180 176 178 183 181 177 173
248 254 252 245 242 247 252 242 238 245 240 240 237 234 242 234 233 232 238 227 229 218 224 223 219 214 222 222 219 219 217 211 216 213 217 212 212 210 215 208 212 208 207 203 205 195 201 197 199 203 197 205 200 197 200 194 200 196 195 192 194 197 199 190 192 191 192 189 184 184 190 189 183 184 186 181 187 186 180 183 181 178 178 177 182 181 179 189 177 177 183 179 172 182 177 179 173 172 175 174
247 249 250 248 244 240 249 238 235 240 239 235 237 235 238 238 226 223 231 225 231 237 223 220 217 220 222 220 216 220 216 222 213 217 215 207 212 211 211 202 204 210 197 212 203 206 204 204 213 202 201 198 202 203 195 198 197 198 188 196 192 195 197 188 190 194 191 191 195 189 190 188 182 182 182 185 188 192 184 188 186 175 184 186 182 178 182 180 177 182 177 181 175 178 175 175 176 174 179 173
250 254 248 243 248 244 236 253 244 244 247 232 239 234 233 237 235 230 227 228 219 229 226 220 219 221 214 218 219 215 210 214 219 219 212 212 207 206 211 212 211 207 207 204 206 207 205 204 199 203 200 199 201 192 197 199 197 190 198 197 198 196 198 192 190 186 192 193 191 188 187 189 185 192 186 187 187 177 189 181 183 183 188 186 178 185 181 181 177 179 177 179 178 177 179 176 178 172 174 171
254 248 250 250 241 242 240 247 243 243 240 235 233 236 238 233 236 237 235 225 225 228 226 225 222 224 222 215 223 217 216 218 221 218 217 213 206 211 214 211 209 211 205 208 201 213 201 203 200 205 202 195 201 199 196 200 198 195 201 192 191 197 191 192 190 189 192 193 192 183 189 192 187 186 187 188 189 182 180 182 180 178 182 186 180 181 177 177 173 181 176 179 180 176 175 181 176 177 172 176
256 251 253 241 242 248 247 249 233 239 233 242 241 240 232 230 231 239 233 229 224 229 222 229 220 220 227 218 221 214 214 213 224 212 214 218 216 210 214 215 208 206 207 209 203 205 203 204 201 197 206 200 199 203 205 199 199 199 200 198 193 192 191 193 193 196 189 190 192 188 188 184 189 192 180 181 184 185 182 182 183 183 181 180 187 179 179 180 183 177 180 179 180 174 177 178 170 176 176 180
249 253 245 248 246 248 242 244 240 239 238 238 233 233 226 236 229 236 230 233 228 217 224 224 226 225 216 225 213 220 212 220 213 210 211 211 215 213 205 209 211 211 204 203 199 211 205 200 207 204 205 198 198 195 195 196 197 196 198 189 198 195 187 194 186 191 189 191 186 185 180 188 184 185 188 185 182 190 184 186 186 187 182 181 183 181 180 181 183 181 179 175 179 177 181 177 176 176 174 177
256 248 250 248 244 246 247 237 240 230 237 241 237 237 240 232 233 236 238 227 228 229 221 227 227 226 227 223 216 223 222 219 220 214 217 214 212 209 213 206 213 213 210 209 211 209 207 199 200 193 206 205 202 199 206 193 192 195 193 194 197 190 195 188 191 189 192 186 189 187 191 183 185 187 187 187 183 189 181 187 180 180 183 176 179 183 186 177 179 179 174 177 177 180 178 177 174 182 175 180
251 249 246 253 253 248 243 241 234 247 243 243 231 233 228 230 233 222 232 229 225 224 223 222 224 220 220 217 218 218 219 225 210 219 208 218 206 218 217 209 204 215 209 205 205 201 211 202 205 200 198 194 199 203 200 202 202 189 193 195 190 195 193 189 190 183 190 188 192 190 182 187 190 185 184 186 184 182 182 185 186 183 182 181 185 182 180 175 179 176 176 183 182 175 178 172 175 177 179 175
253 254 240 249 246 246 239 252 245 238 239 230 241 237 234 234 226 227 227 225 226 227 226 232 232 219 219 221 219 221 221 215 215 216 215 207 211 213 211 210 212 209 208 206 206 202 199 203 200 201 209 208 201 200 193 201 203 197 196 194 186 198 190 191 192 185 195 190 193 190 189 188 185 189 188 185 181 184 185 182 182 184 181 181 184 180 187 184 174 176 177 178 178 180 178 176 177 176 178 173
248 257 250 251 244 246 244 250 239 237 247 241 240 233 236 228 225 230 222 229 228 221 227 222 225 224 216 219 221 215 220 216 219 217 214 210 209 212 210 210 200 203 208 200 212 206 202 196 198 200 199 200 199 195 199 198 195 191 189 197 193 197 193 194 197 190 192 190 189 187 191 189 188 187 181 186 185 187 188 188 184 182 178 186 184 183 183 181 170 175 178 173 175 176 180 171 181 174 177 174
252 256 254 243 240 250 247 236 239 241 248 228 240 236 235 229 232 234 222 231 229 221 225 230 220 224 225 220 218 216 226 215 208 218 218 218 217 207 204 210 213 205 202 212 210 197 204 200 202 198 203 198 200 196 203 196 198 197 196 191 198 196 189 195 188 194 189 189 186 185 190 190 189 185 183 187 182 178 183 182 181 186 181 176 183 181 183 175 179 181 181 177 180 180 177 176 177 177 172 172
256 251 247 240 243 250 238 237 249 244 242 238 242 233 234 232 227 239 232 231 231 224 227 223 218 221 214 223 220 215 218 222 211 213 212 211 211 210 207 209 214 199 208 205 204 201 204 203 201 205 198 198 200 198 196 195 194 198 195 194 194 198 196 195 191 191 188 191 184 191 188 188 189 184 187 187 186 188 185 181 182 184 191 179 186 180 178 189 176 175 181 182 175 180 175 173 178 173 174 171
248 256 243 253 242 252 248 237 235 234 242 230 229 228 235 231 230 232 227 228 227 222 224 224 222 218 223 210 215 230 218 214 223 218 215 215 215 211 207 204 215 207 204 208 203 205 207 207 203 201 202 199 195 199 202 193 198 197 186 184 190 191 190 194 189 186 184 189 186 190 185 191 186 190 178 186 186 184 184 187 182 187 176 183 185 176 182 181 175 184 178 176 177 176 174 174 177 175 174 177
256 250 252 247 246 250 243 242 241 228 238 235 246 236 243 235 232 232 224 231 224 226 228 225 222 225 220 221 228 219 222 214 216 218 216 213 211 208 212 210 204 207 212 199 206 205 206 205 202 203 202 201 203 193 202 201 197 191 193 199 192 193 190 190 194 195 191 189 189 192 184 186 191 186 189 185 175 180 181 185 185 185 185 181 181 177 173 182 178 178 179 183 174 179 176 175 171 178 174 174
257 253 250 243 246 240 240 238 247 239 232 237 233 241 239 228 228 238 234 226 230 221 222 227 213 222 229 223 217 217 220 219 215 218 209 212 215 212 207 210 209 203 204 206 204 200 199 207 206 204 196 201 199 194 196 199 200 191 196 194 188 195 191 192 190 196 190 196 192 188 193 189 186 186 187 179 189 186 187 179 184 182 180 180 177 181 184 181 180 181 183 179 177 179 177 170 176 175 180 178
260 248 251 248 243 246 244 246 246 241 240 243 234 233 235 236 228 232 229 224 226 230 217 228 220 223 220 214 219 211 221 215 216 208 215 209 211 208 212 211 211 210 202 205 207 208 196 203 205 202 199 200 201 194 200 194 196 197 199 197 194 194 192 196 191 185 192 187 195 188 197 189 185 190 190 182 185 188 186 185 181 183 185 183 178 180 179 183 184 180 178 180 176 178 175 178 173 176 176 176
257 249 251 249 239 246 241 241 245 238 240 240 233 233 235 232 232 225 227 228 223 226 223 226 224 225 215 226 222 220 213 216 219 212 214 214 206 207 211 215 211 210 197 204 206 201 204 203 205 202 195 200 197 192 195 193 196 190 200 188 186 201 193 195 197 186 187 189 187 191 185 182 188 183 178 186 185 187 179 181 184 187 188 185 180 179 183 181 180 175 179 178 175 175 176 174 173 176 173 175
249 260 245 248 244 243 244 240 235 235 237 241 233 238 235 235 232 227 222 227 229 226 227 227 222 225 221 216 222 215 219 213 212 219 209 213 213 210 208 210 207 202 205 207 209 208 203 197 204 203 205 200 201 195 195 198 198 202 195 196 195 192 194 200 191 191 193 191 190 186 186 192 183 184 187 182 188 182 182 188 185 180 186 182 175 183 183 185 180 178 178 174 178 174 176 183 173 174 177 175
249 258 255 249 248 250 246 241 238 246 238 236 240 228 235 228 229 230 232 231 223 221 232 224 226 226 218 217 217 220 217 216 219 219 220 215 210 216 209 209 214 209 210 200 202 206 202 210 208 202 200 201 202 202 194 196 193 200 194 192 194 196 190 193 191 196 190 188 188 189 188 188 188 187 193 184 184 185 181 183 185 187 180 180 185 181 180 183 182 182 183 171 176 179 179 177 175 176 171 173
250 252 241 251 241 238 242 241 238 243 236 235 233 234 233 235 231 233 221 229 220 231 222 230 225 224 226 221 222 217 215 213 213 220 212 207 213 209 205 208 203 213 206 202 205 204 198 205 199 203 200 199 200 201 199 200 204 190 195 191 199 186 193 193 195 196 189 189 184 186 188 185 191 192 184 187 184 186 186 186 183 183 182 186 182 182 181 181 180 179 176 178 179 177 172 176 177 172 172 170
247 254 246 252 249 251 248 237 247 242 248 236 226 228 232 229 226 225 229 228 226 232 228 221 226 223 215 218 218 213 216 213 213 211 212 219 212 211 210 209 212 216 207 206 203 205 203 204 204 203 207 198 200 197 199 201 195 198 199 195 191 194 197 190 189 190 188 195 189 183 186 192 183 188 183 185 186 191 183 187 179 181 184 183 183 182 177 178 181 182 181 178 180 179 173 175 176 173 180 177
249 250 254 247 241 245 247 245 245 237 239 230 239 237 233 227 238 232 226 227 227 228 227 222 218 214 223 218 215 218 224 219 210 212 211 215 208 211 205 207 205 207 203 203 204 205 201 202 198 208 200 203 203 197 202 197 196 200 196 190 195 191 189 191 193 193 191 189 191 190 191 192 184 184 190 189 186 183 188 184 181 176 180 178 183 181 181 179 177 180 172 175 181 173 181 172 171 175 177 174
249 254 250 247 246 251 243 235 246 236 244 227 238 246 227 229 234 223 231 226 228 220 226 218 229 220 224 216 223 216 213 217 214 217 214 211 212 213 212 207 211 213 202 204 206 200 202 197 201 201 205 202 198 196 200 200 200 198 198 195 195 197 192 193 192 195 192 195 187 194 184 187 187 187 178 185 186 187 184 184 182 179 181 182 180 177 181 181 179 179 185 179 178 179 172 181 179 180 175 176
259 251 243 249 242 248 239 243 243 242 240 240 235 232 235 233 228 232 225 230 221 227 226 219 225 218 227 220 218 219 223 213 217 211 215 211 210 208 201 213 209 207 205 207 207 205 202 204 200 203 200 201 201 197 198 201 198 197 198 198 192 195 196 194 191 192 187 187 190 192 191 188 187 185 188 187 186 183 187 186 185 185 179 177 182 181 178 183 177 182 180 184 180 178 172 177 176 175 179 174
251 248 247 248 250 246 243 242 241 238 228 238 242 236 230 230 230 234 231 232 224 220 223 218 218 231 223 218 215 215 219 211 213 219 213 212 209 209 211 207 211 201 208 206 210 210 207 201 201 200 203 200 202 205 201 196 197 195 196 195 196 199 192 193 189 195 195 189 191 191 190 185 184 193 186 183 186 181 185 186 181 183 184 183 183 179 180 178 173 181 176 180 173 175 178 181 171 170 174 174
257 260 240 257 247 237 242 246 237 242 239 232 231 234 232 232 237 230 231 236 230 228 227 218 220 224 225 214 216 217 213 220 218 217 209 212 215 216 209 203 205 208 206 211 208 203 201 203 198 198 200 202 201 203 202 198 196 196 199 187 192 194 193 189 191 192 190 194 190 194 192 184 187 186 191 184 185 189 182 187 178 178 183 186 181 179 183 178 183 179 174 180 180 177 175 176 178 177 170 173
253 254 244 241 252 244 240 243 243 238 243 233 237 229 239 237 230 233 221 225 230 226 221 227 219 213 225 226 225 215 216 214 222 218 215 212 212 215 216 212 205 209 211 202 208 199 203 206 203 203 202 198 202 199 193 198 204 197 195 193 188 192 189 193 183 192 189 194 182 192 191 184 181 189 188 189 185 186 187 185 179 187 185 183 182 180 180 181 181 173 175 180 170 177 175 177 175 175 174 171
245 258 243 242 249 238 243 248 243 235 232 235 230 243 235 242 229 234 231 225 225 225 225 230 221 226 221 218 226 211 215 221 218 215 213 207 213 215 207 207 206 206 213 209 207 196 201 209 211 204 199 206 199 195 196 196 201 201 198 191 191 190 199 195 196 185 186 191 191 182 187 185 190 190 186 190 187 186 184 180 180 179 187 178 175 177 180 182 178 180 177 176 172 172 176 174 179 181 175 178
252 249 247 261 249 248 252 243 240 242 242 238 230 235 235 229 237 229 230 236 228 223 226 225 222 212 219 222 217 218 220 213 219 211 210 211 212 209 212 207 212 207 201 199 202 202 204 203 199 199 200 199 201 201 200 197 198 195 197 198 194 192 194 196 189 189 190 193 188 189 196 191 189 186 185 190 179 184 181 180 182 185 185 181 179 183 186 178 181 180 179 176 176 173 177 175 176 171 173 178
256 240 248 249 247 251 244 248 241 247 233 231 233 239 237 233 236 228 233 225 227 220 220 233 223 221 222 223 218 214 212 217 219 216 215 211 213 216 215 210 211 209 206 205 204 202 210 205 203 204 199 193 200 203 196 194 192 198 197 197 187 187 193 187 186 198 190 191 187 190 195 190 191 188 185 184 181 187 181 188 180 182 180 182 178 185 178 184 177 177 172 181 172 180 175 180 174 179 176 177
254 243 255 252 247 246 238 242 236 241 228 242 239 240 236 230 237 229 237 229 236 228 224 218 218 227 219 218 218 222 217 213 218 219 209 210 208 212 209 211 204 208 217 206 205 202 209 200 195 197 205 198 194 203 197 197 192 194 198 201 197 197 196 197 194 186 190 187 185 188 187 188 184 185 185 187 186 185 188 183 182 181 182 180 178 185 182 180 184 176 181 184 179 180 178 171 173 179 173 171
250 250 244 246 245 248 236 236 234 248 238 236 242 234 235 234 230 227 228 228 224 227 214 227 223 219 225 216 224 224 215 218 213 214 203 208 209 214 211 206 205 205 211 202 202 206 204 199 196 198 202 195 198 194 200 198 193 198 197 198 192 197 194 187 192 191 189 191 189 188 186 193 181 184 185 184 186 186 186 179 185 185 184 178 180 180 180 180 178 177 177 179 177 173 179 173 180 176 175 174
249 249 251 252 246 244 240 245 244 240 238 239 228 238 238 234 226 231 233 226 227 225 225 230 227 219 224 222 220 219 219 218 213 213 216 212 206 213 215 213 213 209 207 202 203 200 201 202 203 202 205 199 203 203 201 196 199 201 194 191 191 199 192 188 189 189 194 190 191 188 188 187 185 184 187 188 186 184 185 184 185 189 184 178 180 187 182 177 179 180 180 179 184 176 175 174 177 177 174 179
252 251 247 246 245 240 243 243 234 240 237 238 240 236 237 236 237 235 232 225 221 235 224 224 225 216 218 224 213 217 213 215 216 213 212 205 205 210 207 212 209 206 209 202 205 201 206 205 205 203 202 200 198 196 195 195 193 202 191 197 192 193 193 196 190 187 193 190 181 191 186 181 183 189 182 185 187 183 180 182 178 183 178 177 184 180 184 187 183 181 177 179 178 180 172 180 176 176 179 177
255 250 243 249 240 244 242 237 239 244 245 233 236 229 228 231 235 230 232 228 228 222 222 220 222 225 212 214 222 215 219 219 207 216 211 219 212 212 213 209 211 211 211 210 206 207 203 210 198 203 201 199 202 198 197 196 195 195 198 193 198 193 188 196 186 191 191 189 190 185 185 191 189 188 189 190 186 183 178 178 181 176 183 179 183 178 182 184 181 177 174 178 175 179 176 179 175 176 178 177
246 253 242 250 251 243 238 242 237 235 242 233 239 230 239 228 224 229 227 229 225 228 223 224 228 226 223 221 213 219 218 215 212 212 214 210 212 212 207 213 211 208 205 200 210 208 206 203 206 205 201 195 195 201 201 199 197 200 194 197 196 192 193 195 191 191 191 191 194 188 189 189 187 189 188 188 186 186 185 184 181 185 183 180 176 179 179 181 178 183 174 181 182 174 178 171 175 177 180 177
254 246 243 247 238 247 237 242 241 243 241 244 235 230 233 233 236 231 228 230 226 226 226 220 220 222 220 211 216 221 217 213 215 211 215 215 208 216 205 213 211 198 208 197 208 201 206 204 206 203 196 202 200 198 198 195 202 200 193 197 191 193 195 191 187 196 188 194 189 189 188 187 192 188 186 182 185 186 182 181 182 180 181 173 183 183 179 179 182 180 176 175 175 176 175 175 178 171 175 175
264 257 250 244 245 250 242 239 239 235 233 236 236 240 232 232 226 230 227 234 233 230 224 224 224 214 222 222 213 217 221 217 215 209 211 213 211 211 214 214 206 211 211 197 208 203 206 197 200 202 197 201 197 196 200 192 191 198 192 188 195 195 197 193 191 189 184 197 191 187 188 188 191 184 189 184 178 184 186 178 184 178 183 176 184 182 179 179 178 177 179 176 175 178 174 178 176 174 170 172
250 248 245 246 250 243 248 234 242 240 235 229 238 236 229 231 236 236 230 231 225 228 224 226 228 221 226 222 213 221 217 218 211 211 210 211 217 208 213 209 207 211 202 210 205 204 206 202 204 204 200 203 200 191 198 195 192 200 197 199 194 195 195 188 187 189 194 184 193 191 189 192 186 184 187 187 187 182 185 184 185 180 185 184 180 181 182 182 176 180 178 175 180 177 180 180 171 174 174 174
249 255 251 248 249 241 239 242 243 242 233 243 236 232 235 225 228 234 227 228 228 225 227 224 218 219 222 219 218 216 218 214 212 217 214 221 214 212 210 204 204 210 209 206 205 206 204 201 204 197 204 205 200 201 198 199 194 201 188 196 196 188 193 194 190 193 189 196 188 184 185 191 189 183 181 187 189 194 186 179 185 180 182 173 183 178 183 179 182 180 179 173 176 179 174 171 175 175 171 174
252 252 234 248 248 250 247 238 246 243 238 244 240 232 229 235 229 233 225 227 223 228 232 227 222 220 223 214 216 210 211 220 218 215 212 208 210 201 211 206 210 206 205 208 202 205 207 198 199 199 196 200 198 201 195 200 201 196 195 192 198 195 194 195 198 190 184 188 186 190 192 190 182 182 184 183 179 185 185 180 179 184 175 178 180 175 179 174 177 176 174 173 169 178 173 169 176 174 175 175
257 245 245 255 249 239 240 255 246 234 240 221 237 241 233 232 230 227 230 226 228 225 233 229 229 220 227 219 220 223 213 216 213 215 210 214 213 211 203 208 206 201 206 210 204 204 206 200 205 204 200 196 202 201 194 202 194 200 196 196 189 196 195 194 197 194 187 188 191 194 185 193 175 189 182 187 187 188 187 179 181 180 184 180 174 179 185 179 178 179 182 177 177 172 176 173 176 175 174 174
247 242 247 243 247 248 247 235 237 235 235 236 238 231 230 232 230 236 235 227 229 219 224 222 219 220 215 220 225 216 221 219 212 221 214 212 209 212 211 203 211 201 205 202 202 203 204 206 202 199 199 198 199 206 204 198 199 196 191 196 195 191 193 194 186 189 186 191 189 191 178 184 185 188 184 181 188 182 181 188 181 184 185 182 183 180 179 178 177 174 182 176 175 171 178 175 175 176 171 175
256 240 250 241 240 243 240 242 245 234 240 235 241 233 241 233 231 232 232 230 227 231 221 221 218 217 227 217 222 220 216 216 218 212 210 211 207 211 210 213 207 211 205 204 206 204 201 203 206 207 202 197 198 199 193 199 196 197 197 199 193 198 188 198 192 192 195 188 185 189 184 183 185 185 181 188 188 188 186 181 181 184 178 179 181 180 179 180 178 184 178 181 176 177 178 178 174 178 174 175
250 249 243 246 249 242 244 246 249 239 238 239 242 237 232 227 227 236 227 230 219 225 229 222 225 223 223 214 223 218 222 219 218 209 211 212 212 213 215 208 201 208 205 200 204 205 198 203 199 202 203 203 196 199 201 206 194 189 197 191 197 196 190 189 193 192 194 192 190 186 193 191 188 182 185 184 182 188 184 182 184 181 185 183 179 184 178 176 178 177 181 174 174 178 178 170 169 176 171 176
245 246 253 252 239 252 242 247 239 235 243 234 236 227 237 229 226 228 231 230 229 224 228 223 224 221 223 217 217 222 211 218 216 212 218 207 212 212 213 212 210 203 209 201 206 199 198 197 202 198 204 199 199 200 195 195 193 197 190 190 196 189 192 193 189 194 193 188 192 192 184 188 189 191 188 184 180 184 185 183 179 184 180 178 179 178 184 176 177 175 174 176 179 174 181 182 173 175 175 175
249 253 245 247 245 244 247 235 234 241 233 234 236 228 245 227 228 226 230 222 229 219 232 225 219 221 218 215 218 212 222 217 211 215 213 216 210 210 205 212 203 208 208 195 205 208 207 205 204 196 203 201 203 200 204 196 198 196 185 192 192 195 191 187 191 190 185 190 197 190 190 184 186 183 187 183 186 176 180 185 184 184 178 182 185 181 186 181 179 182 180 174 173 176 178 177 177 174 170 174
243 254 244 240 243 246 246 241 247 225 236 239 234 243 236 231 239 228 229 231 230 231 221 219 228 220 219 222 217 216 211 213 209 216 216 218 213 214 208 214 206 204 203 202 205 207 199 202 196 198 199 197 192 204 192 194 197 192 196 200 193 190 186 194 192 181 188 191 192 189 186 187 187 184 184 187 185 184 181 182 182 177 179 180 177 183 183 177 175 176 181 173 175 178 177 170 179 172 175 178
252 246 255 250 247 242 239 237 242 225 243 241 229 235 236 228 232 226 229 227 222 226 225 219 223 214 227 218 215 222 209 216 210 213 205 218 212 211 203 209 210 206 205 202 199 204 202 202 202 202 204 201 198 201 194 203 198 197 193 185 193 191 193 191 192 193 182 194 186 191 189 188 186 187 189 182 185 183 184 186 176 181 183 179 184 181 185 176 180 174 181 175 179 179 176 175 177 179 176 170
249 254 250 244 242 252 242 241 240 230 242 239 237 240 237 226 230 236 228 223 235 222 229 221 221 223 212 216 222 214 220 221 217 212 201 212 207 207 213 210 206 210 200 201 204 198 205 202 199 197 200 202 202 194 199 196 205 200 201 194 191 195 188 193 187 187 185 186 189 186 191 188 185 186 188 182 186 178 183 183 177 183 179 184 185 177 179 181 177 176 176 179 176 177 175 176 173 168 176 176
244 242 248 245 249 240 244 243 245 236 233 234 234 239 226 237 221 226 230 224 228 223 226 220 228 221 221 219 220 220 219 222 214 217 214 210 212 209 212 209 205 197 202 206 206 208 204 198 196 197 199 201 203 200 200 198 197 203 198 189 197 196 191 188 190 187 192 191 188 191 188 192 186 186 187 182 182 181 182 191 187 188 188 183 181 180 174 185 176 183 172 175 174 179 177 184 178 173 173 172
249 243 251 250 245 237 246 245 242 247 235 240 238 233 225 237 225 239 235 225 225 227 226 222 222 219 213 218 222 220 219 209 214 205 218 218 211 211 207 209 208 203 209 202 209 196 205 199 198 195 192 200 196 196 195 190 196 197 184 195 195 189 193 188 191 194 187 185 189 190 186 189 184 189 189 187 181 181 186 186 179 180 180 184 178 178 184 183 175 178 178 179 175 179 180 173 177 175 176 171
251 260 245 254 246 240 237 246 234 231 238 225 233 234 237 233 230 227 228 222 229 230 219 219 225 223 218 224 212 215 209 219 214 214 210 214 202 208 211 203 209 210 209 208 210 200 207 203 204 200 200 196 199 195 199 195 190 196 201 200 192 184 193 196 191 194 195 186 189 189 192 186 185 183 185 184 186 187 186 182 182 181 187 180 182 182 181 183 177 181 175 175 170 179 176 174 168 171 176 177
257 262 244 250 251 243 228 235 248 240 241 236 230 226 235 225 237 227 225 229 225 235 225 223 226 224 216 223 220 213 216 208 213 210 209 212 210 205 205 204 211 198 203 208 203 201 199 200 201 199 206 196 192 193 193 200 195 190 195 198 194 187 191 191 190 196 190 191 188 184 190 189 184 183 188 187 180 185 188 187 180 178 183 179 177 186 178 184 182 182 177 177 179 183 174 174 176 168 172 175
244 255 240 249 248 241 239 245 240 238 239 238 239 234 233 228 231 222 237 223 230 219 218 228 225 227 217 219 215 211 213 217 206 209 214 211 207 209 212 214 204 208 210 206 207 207 206 204 201 205 197 199 201 201 191 200 196 192 194 190 186 195 195 191 194 186 185 185 191 191 189 185 190 186 176 187 185 179 181 186 180 179 180 177 178 178 179 179 174 174 179 176 176 176 175 174 176 172 176 168
246 251 252 243 244 246 238 242 237 237 244 238 239 230 230 228 228 219 226 224 226 229 224 228 225 218 217 221 214 220 219 218 209 213 213 213 207 205 205 208 210 206 203 206 205 205 204 200 204 196 201 194 197 197 201 205 194 191 195 194 195 194 195 190 189 190 189 186 187 189 185 185 185 186 183 186 185 184 182 182 182 176 182 180 187 182 179 182 179 179 180 171 175 178 173 175 174 175 174 176
254 244 244 251 245 237 248 237 229 231 242 239 240 236 237 229 235 230 231 230 227 224 224 220 223 224 224 217 215 224 212 208 216 210 210 208 210 214 205 208 204 209 199 202 198 207 204 198 202 209 198 193 198 198 201 196 191 192 193 193 194 196 188 194 193 186 191 191 188 182 185 183 183 193 183 185 189 178 183 184 175 182 181 182 179 179 180 177 181 178 175 180 175 178 172 176 179 173 174 173
255 250 247 250 243 238 245 233 251 233 240 243 224 231 231 230 228 229 227 221 216 229 222 224 223 226 216 221 211 216 208 209 212 216 208 212 211 212 206 215 211 206 202 205 204 194 197 203 196 189 200 198 198 201 198 199 195 195 200 197 192 189 189 197 191 191 192 193 186 191 182 178 183 186 184 176 182 184 179 181 181 176 181 181 181 174 177 178 182 173 178 174 167 172 174 175 176 171 168 174
258 253 249 243 243 246 241 240 238 239 241 233 239 233 238 233 225 230 228 222 225 226 222 228 223 214 215 221 214 215 211 218 216 211 207 206 204 210 211 201 206 207 201 201 199 203 202 204 197 201 198 205 195 195 191 202 194 197 190 195 190 194 199 193 190 190 190 192 186 190 185 191 189 179 188 189 183 187 180 178 185 180 177 183 182 175 178 178 176 174 179 178 171 179 176 174 176 177 173 173
251 246 246 235 238 246 246 244 237 239 241 232 234 230 237 231 238 226 232 224 221 223 218 217 225 220 216 218 214 222 208 216 217 208 213 209 208 212 209 205 201 204 208 206 201 195 209 195 200 194 199 195 198 192 197 196 196 189 195 190 195 191 193 185 190 189 192 188 183 186 185 185 183 190 181 181 183 184 181 185 182 183 180 181 176 178 177 177 176 172 177 172 176 178 176 175 173 171 171 171
243 238 243 240 245 233 246 235 235 232 229 238 234 229 230 234 226 224 230 211 223 230 222 216 220 212 222 218 219 219 214 219 206 214 209 214 210 208 208 208 207 200 200 208 202 204 204 204 203 203 199 199 196 199 194 193 193 197 198 198 192 185 188 188 184 187 188 189 189 190 183 180 191 183 181 182 185 183 184 184 181 188 173 178 181 178 174 177 171 179 181 176 172 181 176 179 179 166 175 168
244 237 253 243 241 244 229 237 234 238 229 237 236 223 235 223 230 217 230 227 221 222 224 221 217 222 217 223 214 216 216 210 211 208 205 214 206 208 203 201 202 206 210 202 201 201 206 204 196 200 201 200 194 190 195 193 194 190 197 196 193 187 189 192 189 192 183 191 193 187 185 184 182 186 180 181 183 180 184 186 174 183 173 182 181 176 176 179 181 178 178 175 177 174 171 169 175 175 172 173
250 243 243 249 245 234 234 241 235 243 235 242 223 226 225 229 226 230 223 223 227 226 224 216 217 212 214 222 214 214 209 227 215 207 210 208 213 211 206 213 207 205 203 201 198 202 198 200 207 203 196 207 191 193 198 197 197 197 190 191 184 191 192 192 191 191 188 182 181 192 183 186 178 182 180 184 184 182 182 183 181 178 183 180 180 180 178 171 180 178 178 175 173 177 171 175 169 181 172 173
253 244 251 241 235 238 232 235 236 235 230 234 232 228 230 216 223 225 233 222 222 224 218 226 211 218 219 211 216 207 217 208 212 208 207 208 206 208 212 209 209 204 201 204 200 201 195 200 206 199 194 194 193 192 194 190 199 189 188 190 188 191 186 190 190 181 185 188 181 188 187 184 184 186 188 179 182 181 176 185 179 176 178 174 175 173 182 177 174 172 174 175 176 172 177 176 171 176 173 167
254 247 247 240 237 241 239 240 226 230 232 230 228 226 227 222 223 225 224 219 219 221 220 224 212 213 220 219 213 213 215 211 207 209 210 208 209 206 203 210 204 209 200 199 199 202 200 195 197 207 203 193 193 192 191 191 189 187 195 191 191 190 192 188 189 184 183 194 181 182 188 179 177 181 185 183 185 181 181 181 182 181 177 170 179 178 179 180 173 172 174 180 171 174 170 175 172 176 176 170
238 230 239 238 235 248 237 236 234 239 238 230 217 229 224 224 215 224 220 231 218 207 217 212 217 218 215 216 214 207 213 206 206 208 211 205 202 207 199 199 194 206 201 196 201 193 201 192 191 200 200 199 194 192 187 189 187 194 184 193 190 188 189 186 186 186 190 191 186 194 182 174 180 178 181 180 177 179 180 176 178 175 179 182 178 183 174 172 174 173 173 177 179 173 174 175 170 170 170 169
237 236 241 236 252 231 230 227 224 226 219 210 217 223 225 213 210 222 213 224 208 215 211 214 214 211 210 217 211 214 204 204 209 209 197 205 205 203 198 199 203 193 199 200 207 196 196 200 185 194 196 194 195 188 189 193 192 185 181 187 191 188 194 182 178 173 183 181 184 183 173 181 179 184 176 176 177 181 185 178 181 175 168 175 173 168 167 171 171 172 169 175 174 171 169 174 166 171 169 171
237 229 231 230 221 229 225 230 225 227 202 211 217 218 214 220 215 205 205 214 211 210 212 203 213 211 204 200 204 203 198 198 199 198 201 199 200 195 196 191 183 191 184 182 188 194 182 184 181 190 180 196 188 186 181 186 196 191 183 182 177 182 180 185 177 175 174 173 175 180 183 166 170 180 177 174 179 170 170 167 166 177 171 167 166 173 168 161 166 166 161 168 160 165 160 166 168 163 166 159
198 196 199 196 197 211 189 193 192 183 195 191 203 180 192 203 189 195 180 168 185 175 183 188 194 182 177 187 178 185 175 201 194 179 160 174 171 164 179 170 170 171 177 163 167 157 167 174 160 179 163 156 152 163 156 153 150 154 161 166 175 164 147 156 151 164 152 160 149 159 147 153 150 154 158 171 156 151 164 159 150 141 149 150 153 155 149 143 155 155 152 148 158 154 141 145 155 144 149 149
