330 326 328 325 317 316 322 319 319 315 325 309 319 312 310 305 305 300 304 295 289 292 300 289 291 289 284 290 284 279 285 279 278 272 281 271 279 275 274 271 270 268 267 259 264 263 267 257 264 267 259 258 259 253 258 255 249 256 253 248 247 247 254 244 242 245 244 243 242 249 238 234 233 236 240 234 237 238 237 233 231 229 228 226 232 227 228 226 222 226 224 224 228 222 217 223 218 222 220 214
331 329 331 332 322 321 321 319 318 313 317 310 312 311 303 300 304 299 301 298 298 295 293 289 295 293 289 285 290 285 279 277 281 278 284 275 275 265 272 266 273 273 264 267 263 263 267 263 263 265 256 253 259 251 258 254 259 253 251 251 253 251 247 245 248 245 239 241 236 242 240 237 241 242 239 236 234 231 232 232 240 232 235 226 229 225 229 229 230 224 225 235 223 223 221 220 219 217 220 223
333 327 328 330 331 321 314 312 317 309 318 314 311 303 299 311 304 310 300 295 298 299 294 297 292 287 290 293 282 287 288 280 283 278 282 282 275 280 270 264 267 282 269 263 266 271 263 259 261 258 256 256 257 255 257 253 254 248 254 256 249 249 240 245 248 245 245 246 239 240 246 249 244 237 240 234 239 228 235 234 235 234 232 230 229 230 228 227 225 229 228 221 223 219 223 221 224 218 213 217
328 324 330 317 322 313 320 313 316 318 305 314 312 301 309 305 303 304 300 302 289 299 290 292 294 289 289 291 280 285 288 283 280 282 278 282 276 273 277 270 269 267 266 271 265 262 259 263 258 256 263 256 262 253 254 252 251 253 254 252 249 246 252 244 241 247 242 242 248 247 243 235 246 236 238 237 241 236 239 228 236 228 232 230 228 224 225 224 225 222 226 227 219 228 224 225 224 218 220 219
340 327 321 327 321 323 315 321 314 318 319 308 306 304 309 306 303 298 300 298 289 294 292 292 295 290 289 286 285 283 283 275 279 274 276 269 278 271 273 266 264 271 269 263 269 263 260 265 264 259 261 256 252 256 254 247 245 252 258 250 249 245 244 245 246 242 249 242 236 237 237 241 242 233 237 234 238 234 232 237 233 230 228 228 230 226 228 231 228 222 227 226 233 223 230 222 222 218 219 222
329 333 333 323 319 331 322 315 311 313 317 306 303 309 304 305 304 297 301 295 291 290 288 288 291 294 291 290 285 290 293 285 275 281 280 276 276 272 266 273 276 268 265 262 272 271 259 259 261 254 261 255 262 262 254 254 254 254 253 251 253 247 240 244 247 245 241 242 241 240 240 239 236 239 234 245 239 238 239 234 237 227 227 226 226 234 226 225 229 226 225 230 222 226 224 219 218 221 219 222
327 337 332 324 327 323 319 321 315 313 319 316 308 317 305 309 307 302 296 294 298 298 300 296 294 288 284 281 281 281 276 285 275 277 274 280 277 273 265 270 270 268 265 267 261 266 267 265 265 256 264 262 253 259 254 257 249 253 254 254 246 247 243 249 251 246 241 243 245 241 236 235 233 238 231 237 234 238 240 238 230 232 228 232 230 226 232 230 233 229 226 221 227 221 220 221 224 220 216 217
335 328 339 327 323 332 319 314 316 323 309 309 309 308 305 301 302 309 300 290 300 298 299 298 292 287 287 291 286 277 280 276 281 276 280 281 276 276 275 274 273 265 267 272 267 261 266 258 261 262 259 256 248 256 251 256 253 257 252 251 255 252 247 245 244 245 241 244 244 243 237 243 235 234 237 233 235 233 229 237 233 237 230 228 232 226 235 230 233 217 225 229 223 228 219 220 222 218 221 219
331 331 330 327 320 321 329 321 315 312 323 310 315 310 308 308 308 299 300 300 294 293 294 299 290 281 295 288 291 282 280 276 284 279 283 276 278 278 271 275 268 270 263 272 268 257 261 262 253 256 263 257 254 252 258 253 256 258 253 245 250 250 246 245 244 242 249 246 241 238 237 238 243 236 242 233 234 237 235 232 233 234 229 229 238 232 226 230 230 225 224 225 229 220 218 224 223 219 217 226
326 337 325 326 323 331 316 326 313 308 320 313 313 307 305 305 304 297 306 302 296 299 287 290 287 292 293 286 286 292 281 276 283 278 275 271 275 274 274 268 275 269 268 268 264 266 263 267 256 264 258 254 255 259 251 250 250 251 245 250 249 247 244 248 246 240 242 245 249 243 239 239 234 239 241 236 235 233 234 239 233 231 230 229 227 228 230 232 231 224 224 227 227 222 225 232 225 222 222 221
335 331 328 334 328 319 317 314 314 315 315 311 313 298 310 303 298 295 295 295 298 299 294 288 293 293 285 295 290 290 279 282 280 284 270 278 275 275 268 271 270 266 268 266 259 265 266 261 260 257 260 255 257 254 248 255 253 249 251 250 251 244 244 243 246 250 242 246 249 244 247 239 236 235 241 241 235 237 235 236 236 233 231 232 227 234 224 229 230 226 224 221 221 224 220 221 222 221 221 213
330 325 333 325 331 327 319 321 321 310 309 318 315 312 312 303 298 308 297 300 294 290 296 296 288 295 284 288 283 287 278 282 282 278 276 272 266 274 268 268 270 264 266 269 259 263 263 266 257 260 263 258 261 258 257 255 260 252 252 247 246 254 249 247 241 246 244 242 239 232 239 240 242 241 237 242 237 234 233 233 232 232 232 234 231 231 225 234 228 225 228 226 223 224 225 226 223 218 227 222
334 330 331 324 323 325 332 313 315 311 312 308 308 307 310 307 304 305 302 298 290 299 285 294 294 287 289 287 286 292 287 281 281 271 272 275 268 277 272 270 266 264 269 266 271 268 263 259 259 263 259 263 253 248 252 252 260 257 250 250 245 248 245 249 251 243 236 249 247 246 244 242 238 242 234 232 236 231 236 233 237 233 235 230 230 227 229 227 228 232 226 225 226 225 224 218 220 222 218 222
330 327 326 329 322 321 318 323 314 320 310 313 309 309 302 309 303 290 295 293 295 295 294 294 287 285 287 279 290 283 284 277 277 279 275 269 275 269 272 270 272 276 269 266 261 259 262 261 261 263 265 257 260 252 252 253 256 255 248 253 249 251 251 250 246 245 240 247 244 240 238 233 230 240 237 236 234 238 232 235 233 230 237 234 227 228 229 225 226 229 223 228 223 225 224 224 222 219 221 225
333 335 327 328 321 325 325 312 325 314 313 319 314 306 298 298 304 304 307 310 300 291 294 294 292 292 290 291 289 284 284 279 279 277 276 270 277 276 282 263 271 271 264 266 266 259 267 260 261 263 250 259 259 254 259 254 250 250 256 251 246 252 242 245 249 247 246 240 244 249 239 242 245 236 235 240 237 230 237 230 237 236 233 229 234 235 225 223 226 223 226 223 231 220 222 224 220 224 220 224
331 325 329 325 321 328 325 318 321 305 310 307 312 306 305 306 303 307 306 295 298 293 294 294 288 293 289 286 283 278 276 278 276 279 276 275 272 272 272 265 273 268 273 268 255 267 259 258 260 256 256 256 258 257 258 258 251 261 248 250 253 245 249 243 249 248 243 244 241 244 242 239 240 230 241 237 236 239 236 233 236 233 235 228 231 230 234 229 226 230 223 224 226 222 225 220 218 223 221 223
328 335 330 326 329 322 314 323 309 308 322 310 303 304 308 303 302 308 291 302 301 295 294 295 293 293 285 286 289 281 279 274 282 277 281 285 275 275 271 277 269 264 266 265 264 267 260 259 263 264 260 261 259 257 257 253 258 253 253 253 249 248 247 242 241 238 249 245 246 241 240 240 233 242 239 233 231 233 243 237 234 233 231 230 232 227 230 231 224 226 225 227 226 224 229 225 218 220 220 217
331 336 325 330 327 326 321 317 321 318 314 310 313 317 303 304 312 307 300 298 297 296 293 291 292 292 285 288 284 286 272 283 279 282 278 270 277 276 277 273 274 265 261 268 260 260 257 267 259 261 262 255 259 255 255 256 256 254 257 252 251 248 248 245 248 250 240 244 239 245 241 240 245 235 237 239 232 236 230 238 233 231 231 234 234 234 224 226 228 227 229 225 221 221 214 223 221 221 222 219
334 335 329 331 329 325 323 316 317 314 314 316 311 300 305 305 311 306 303 311 301 294 293 289 293 288 288 286 286 280 281 276 278 278 277 278 280 275 279 272 266 266 270 263 270 262 259 262 260 260 263 254 256 261 258 258 251 249 249 243 245 245 246 245 250 251 245 241 243 237 240 239 235 234 237 232 236 234 237 231 232 231 235 227 226 230 231 231 225 231 224 224 227 222 222 223 224 225 222 219
333 325 321 321 321 323 321 316 314 321 313 313 308 301 305 309 300 302 308 297 297 297 289 292 289 285 287 291 286 279 283 281 289 278 276 275 270 271 268 269 278 264 262 269 262 270 262 265 260 262 260 255 257 261 256 257 252 250 251 252 251 244 252 243 244 245 246 240 246 242 242 242 237 235 239 234 239 239 231 233 235 233 231 230 230 230 238 225 232 226 226 223 227 222 224 221 226 222 224 219
330 336 327 326 326 322 322 317 325 316 318 310 303 319 305 302 295 297 303 304 298 295 292 291 294 290 292 289 285 278 288 275 277 281 275 280 281 278 274 274 269 270 270 269 262 261 268 260 262 259 258 258 254 260 257 250 250 256 254 250 257 249 244 248 246 249 242 243 251 245 246 235 238 239 240 235 236 233 234 234 236 236 228 229 233 226 233 229 228 223 224 225 227 224 221 225 221 223 225 224
329 328 336 323 322 328 325 316 315 323 316 311 316 311 314 304 304 303 301 295 294 288 291 285 287 299 289 283 284 287 278 279 284 277 284 274 276 279 268 270 271 271 270 266 263 266 258 254 268 253 262 256 259 253 252 248 250 248 252 250 250 248 249 242 248 242 244 245 247 240 239 240 240 236 237 240 237 238 229 234 234 233 235 231 228 228 230 226 227 233 229 226 225 222 220 218 215 222 221 215
337 333 333 329 318 324 330 323 308 323 314 315 306 314 300 307 291 296 296 296 298 294 297 292 294 288 289 288 284 284 284 283 281 271 274 273 269 271 272 276 262 268 270 266 262 262 267 263 259 260 254 256 257 255 253 258 252 254 253 253 249 244 250 243 248 250 242 243 244 240 241 238 238 246 240 234 237 237 233 232 235 234 234 233 228 228 226 232 225 227 229 223 224 226 227 223 225 223 223 223
331 325 326 323 321 329 319 326 319 327 310 315 315 314 301 302 303 302 301 299 299 291 291 292 289 287 285 286 287 280 284 287 282 279 278 282 268 273 278 270 270 266 266 270 267 259 261 264 262 263 263 261 262 256 258 259 255 245 256 251 247 245 251 249 252 251 243 245 238 238 249 247 238 240 241 234 239 236 231 233 232 228 230 230 232 232 227 229 229 223 227 224 223 224 224 228 226 223 222 223
338 337 323 329 323 313 322 322 320 304 314 308 309 300 300 310 299 295 304 296 296 290 295 291 293 290 283 287 287 285 282 279 281 279 280 276 280 281 272 273 275 276 271 268 263 267 261 261 256 257 256 257 254 254 255 262 256 254 254 251 247 253 249 244 245 243 242 244 237 241 234 239 238 239 237 241 232 234 232 234 238 229 229 231 234 234 232 230 228 228 227 226 226 226 222 227 224 221 220 218
335 327 325 327 316 331 329 319 315 318 312 317 312 304 305 303 307 299 306 301 297 287 291 301 292 294 280 287 286 285 281 280 275 285 278 272 275 273 278 267 270 270 263 270 263 264 261 268 262 256 259 257 259 254 261 261 255 245 246 254 251 247 246 243 248 243 243 243 244 245 242 246 239 240 242 231 234 232 234 234 228 228 231 230 230 230 230 232 222 234 230 224 219 224 225 220 221 223 215 217
331 326 335 327 337 323 324 319 319 315 308 311 308 311 304 302 300 297 300 301 297 307 293 285 295 293 286 291 294 279 283 279 277 275 281 281 272 267 270 275 271 277 266 270 258 267 254 266 260 260 259 258 260 257 253 251 252 257 245 250 250 249 248 247 244 247 249 242 242 241 242 242 238 235 233 229 239 232 233 230 235 234 231 233 229 229 229 233 229 223 226 232 226 226 220 221 224 221 221 218
332 332 327 325 332 324 318 326 318 308 317 315 308 306 304 311 301 303 301 301 290 290 301 293 286 289 288 285 290 281 285 279 283 276 275 275 278 273 275 269 265 268 266 265 261 260 260 260 263 263 256 263 258 261 256 254 249 253 248 256 250 246 245 237 242 243 244 247 243 240 238 245 237 238 240 238 239 233 241 229 231 235 231 235 228 226 228 225 230 226 225 222 228 221 226 222 224 225 216 218
335 340 330 320 329 324 313 313 320 307 321 314 311 302 311 305 306 297 308 296 297 298 302 288 289 300 286 289 283 284 276 284 280 273 275 277 267 278 271 275 274 275 268 267 261 264 262 259 259 256 260 259 264 253 262 255 251 255 259 251 244 250 244 250 250 246 244 243 243 243 238 234 238 239 238 238 237 235 229 230 230 229 239 236 227 227 227 232 231 222 226 224 225 224 227 223 224 228 222 225
326 327 339 331 320 328 324 323 316 312 315 315 316 311 309 305 300 294 303 297 298 293 297 300 286 288 285 285 293 286 280 284 279 283 276 272 278 276 272 264 271 271 266 268 265 268 261 254 259 265 257 255 263 258 249 259 245 247 254 252 249 248 243 246 250 246 244 242 242 242 238 241 240 238 238 232 233 240 232 232 227 230 229 232 233 229 228 228 224 229 220 228 225 226 225 224 226 221 222 221
338 335 336 326 322 329 323 324 317 311 309 312 317 308 308 312 299 298 299 305 301 293 288 291 291 285 289 281 281 284 285 280 281 281 279 276 281 279 267 272 268 270 277 262 265 265 262 263 267 260 259 255 260 255 253 258 252 253 247 250 249 255 249 255 242 246 240 241 240 241 245 244 233 236 240 236 236 238 236 235 233 230 228 229 227 231 227 228 229 230 229 224 225 223 219 225 220 217 221 223
334 329 328 331 325 324 317 319 316 309 310 311 308 311 296 300 299 303 292 297 295 306 298 290 296 293 286 288 282 285 282 287 276 280 276 279 275 276 270 279 269 264 271 267 266 273 268 271 260 258 262 254 256 260 254 255 249 250 250 253 248 248 242 248 247 242 239 243 250 248 243 237 242 240 239 238 234 233 237 237 234 233 234 231 230 227 229 220 230 229 222 225 229 221 223 220 226 222 222 221
337 330 330 325 329 325 315 325 318 316 311 314 309 309 305 299 307 309 303 302 296 293 292 296 297 289 290 282 290 284 283 276 283 282 275 280 279 276 269 277 278 270 280 260 267 263 262 265 255 259 256 262 255 253 258 254 254 251 256 248 254 250 246 250 246 241 246 243 239 242 239 241 245 242 239 236 234 230 233 231 230 243 228 229 231 229 231 230 227 221 231 227 228 223 225 222 221 223 215 222
336 323 326 333 328 320 332 308 319 310 310 318 309 310 305 300 297 302 303 299 305 290 294 295 293 291 295 286 289 287 286 279 277 274 277 274 281 278 276 270 268 269 269 266 262 260 264 260 270 258 257 263 258 264 255 255 251 258 251 250 248 247 245 247 245 253 241 240 241 244 241 234 241 240 235 233 235 237 231 238 234 234 227 225 233 228 228 227 232 227 228 219 224 222 222 222 221 223 219 222
334 330 325 325 330 322 325 318 314 312 311 312 314 307 303 306 299 297 298 302 296 296 291 288 294 286 291 291 281 283 287 283 276 280 275 274 279 278 266 273 272 267 272 266 272 259 263 263 263 261 262 260 258 257 259 252 252 253 248 252 255 246 251 249 249 247 242 241 241 247 239 238 239 240 234 232 232 238 242 235 236 234 231 227 232 233 230 230 232 224 228 223 225 223 225 219 221 218 222 220
331 329 324 334 330 321 319 308 324 319 317 310 308 305 308 304 305 296 298 294 302 294 299 288 291 289 283 293 284 290 287 282 272 283 279 271 268 277 269 268 269 272 266 263 267 264 261 258 263 260 258 258 255 253 251 253 253 253 246 249 251 248 249 246 242 241 242 241 239 247 243 242 234 234 241 238 235 236 233 237 232 231 231 230 227 234 232 228 226 226 224 225 227 231 221 225 226 222 220 216
333 327 332 323 329 321 321 321 322 318 312 312 316 312 312 302 308 299 301 296 297 301 292 291 285 286 289 283 291 285 289 280 281 282 282 275 271 272 279 268 268 268 270 269 276 260 259 260 256 258 253 263 259 260 254 254 255 252 250 254 246 246 252 245 252 247 244 239 244 244 249 240 243 243 234 237 241 231 235 231 231 227 233 232 225 230 229 226 222 224 225 226 226 223 221 223 219 219 221 215
329 330 330 325 329 319 319 325 313 321 316 309 310 309 299 306 301 298 293 297 298 291 296 288 287 291 286 286 286 280 279 278 275 279 276 275 275 274 274 277 267 267 266 262 259 261 258 263 261 266 257 253 258 257 248 259 254 251 252 255 248 251 245 247 244 245 242 241 242 240 238 248 243 236 233 235 239 231 239 228 235 236 233 237 233 224 228 231 226 229 230 228 226 223 225 221 225 218 218 216
334 327 332 318 320 322 325 318 323 311 307 305 318 309 313 308 298 308 295 301 293 297 299 296 287 291 286 292 283 280 281 273 286 276 283 273 277 266 270 270 268 262 263 267 265 270 257 266 262 258 266 263 255 252 254 251 247 256 252 249 253 248 249 251 244 252 244 242 244 240 246 237 238 240 241 239 239 239 233 232 230 231 232 230 229 227 228 231 226 229 231 220 217 227 219 225 220 220 218 219
332 328 330 326 326 328 322 308 313 314 312 318 307 307 303 304 310 308 302 303 297 292 294 288 283 292 292 290 286 281 278 283 280 279 272 277 275 272 271 271 267 269 271 268 265 266 267 260 262 263 253 253 253 258 259 252 247 251 255 251 257 245 249 246 244 249 242 248 239 240 239 243 242 237 237 236 235 236 233 237 233 234 234 229 226 227 223 226 233 228 226 227 224 222 223 225 220 219 218 219
335 327 326 322 324 318 320 311 325 317 308 311 310 311 301 311 307 303 306 301 295 298 290 298 288 287 289 292 282 286 284 280 276 274 278 278 278 269 273 269 276 272 267 275 259 262 266 267 266 268 262 259 257 261 251 252 252 258 257 253 247 246 248 245 243 250 244 247 241 241 236 242 237 237 242 237 235 233 231 232 233 232 233 230 231 227 226 227 235 226 223 226 224 224 221 225 219 223 219 222
332 325 321 332 336 319 321 321 320 314 306 325 313 311 303 309 302 300 307 298 293 298 293 289 293 289 286 288 291 290 279 283 282 276 273 270 273 273 281 270 266 272 274 259 262 276 261 268 260 263 260 260 256 259 254 259 254 247 254 253 245 247 248 243 250 241 243 243 248 248 238 243 240 239 239 235 239 241 233 238 232 231 232 236 228 227 227 234 230 228 222 226 221 222 223 225 223 219 222 224
325 334 331 333 328 320 324 325 309 311 309 311 309 310 308 308 308 293 299 298 294 296 293 294 293 288 295 278 283 287 285 275 286 278 279 277 274 274 278 271 268 277 273 267 267 265 262 264 259 258 263 259 255 258 256 257 255 245 254 247 250 244 246 244 247 244 247 242 252 239 241 241 234 242 236 238 235 236 235 236 232 228 229 236 227 230 231 225 228 234 221 225 228 223 228 227 224 223 221 227
335 328 337 329 327 313 316 328 323 321 307 318 319 315 302 305 306 304 301 303 294 303 294 294 292 297 288 298 287 274 281 282 275 278 278 274 273 274 274 273 264 266 274 268 270 268 259 261 259 254 259 257 258 259 252 258 253 252 259 259 250 255 251 246 246 254 252 245 241 240 246 236 238 235 247 241 238 238 234 230 234 231 238 226 229 233 226 226 233 224 229 224 224 224 223 225 227 226 222 220
334 332 326 329 325 319 321 317 318 327 312 311 298 308 302 301 311 297 306 296 300 294 288 290 291 279 285 285 282 279 279 285 283 277 274 275 279 277 269 273 269 268 264 273 267 261 261 258 261 260 258 257 253 262 250 255 253 257 253 247 254 251 249 252 240 243 247 243 242 239 244 242 239 240 237 238 240 240 237 234 234 232 235 233 230 233 236 224 231 226 227 221 225 223 225 226 227 218 220 225
330 331 326 334 325 333 322 319 313 314 318 313 313 302 301 306 305 293 293 298 294 301 299 290 294 292 283 281 288 287 280 278 282 276 282 278 270 273 274 272 273 270 272 260 270 271 266 256 257 258 261 253 256 259 256 249 253 258 252 254 254 248 252 248 250 240 242 240 239 243 236 236 240 241 238 240 231 235 233 238 230 233 237 231 231 234 229 226 229 227 224 225 223 225 225 224 222 218 218 215
327 330 323 326 330 322 318 315 315 317 312 304 313 308 304 296 309 298 299 299 295 296 299 286 291 287 290 294 286 292 280 282 280 284 276 282 277 274 274 269 266 271 272 268 261 256 270 266 259 258 265 261 258 260 253 255 253 251 251 246 249 247 252 245 245 253 243 244 238 243 233 240 242 238 231 240 231 237 233 233 239 227 230 230 232 232 233 224 225 228 225 221 226 220 229 223 222 226 217 218
331 329 326 323 335 321 325 321 322 314 313 307 311 313 307 306 301 308 303 298 302 296 297 292 292 286 294 276 285 282 285 287 279 278 278 272 281 277 272 265 269 269 279 270 263 264 266 262 255 260 263 263 261 263 256 257 257 259 248 256 252 243 248 244 243 248 247 244 244 241 245 245 235 240 240 241 238 235 238 232 232 229 225 228 228 230 230 227 231 231 222 225 229 226 226 222 221 220 218 223
336 325 333 324 318 322 322 323 321 316 312 310 315 307 306 305 301 302 305 302 295 294 296 293 292 290 290 290 285 286 275 286 282 277 277 276 271 275 277 273 272 271 269 268 266 262 266 266 260 259 255 260 251 259 258 253 249 253 256 246 249 249 246 243 247 245 240 240 239 243 244 240 243 243 235 237 235 236 237 230 234 236 232 231 237 229 226 225 227 226 224 231 224 226 226 219 221 222 221 220
338 326 327 323 317 316 319 317 316 313 315 312 306 313 306 309 311 303 300 295 298 299 290 291 288 288 291 290 291 279 284 274 277 275 272 275 274 271 275 272 264 267 265 272 273 262 265 256 253 258 259 263 258 255 258 257 255 249 253 256 252 249 252 246 249 242 244 245 244 243 244 238 240 237 233 243 237 232 234 233 228 232 234 232 228 232 229 229 227 228 223 232 228 220 220 227 219 224 224 223
335 333 339 326 328 325 319 321 317 310 313 320 312 305 311 307 305 297 304 298 302 292 293 285 292 292 283 288 281 285 285 283 277 269 282 280 274 276 277 274 276 263 266 271 267 262 271 261 262 257 257 257 255 251 254 247 245 254 253 249 244 254 249 247 244 242 247 243 249 241 242 243 239 233 237 235 239 232 235 231 234 239 231 227 226 230 229 227 228 225 229 225 223 224 225 225 223 225 224 221
339 323 330 324 323 318 318 322 309 310 309 308 317 319 309 310 308 308 304 301 299 289 291 296 290 287 297 287 287 290 280 286 284 282 277 269 275 277 273 274 270 264 268 269 269 269 262 262 260 258 255 265 257 258 253 252 257 252 247 251 253 250 244 249 250 247 243 238 244 252 244 239 241 238 240 240 240 230 237 232 239 237 231 229 230 229 230 229 228 223 225 226 222 224 227 223 222 226 217 216
336 330 326 322 334 319 321 314 316 319 311 317 309 309 308 308 295 299 306 301 296 291 290 294 297 296 285 291 288 281 274 280 283 284 279 271 276 276 278 273 270 268 267 269 267 263 268 264 263 255 261 256 255 259 252 252 253 250 253 254 251 250 254 252 243 243 248 246 240 239 240 237 241 241 236 233 236 238 230 230 233 240 237 238 230 229 226 233 232 227 229 229 224 225 223 226 228 221 217 220
334 325 325 328 327 316 321 326 313 319 307 329 305 301 312 308 302 309 301 298 297 304 296 302 288 289 286 292 281 285 285 279 283 278 276 273 277 274 269 273 264 268 273 273 266 266 264 265 262 260 256 255 254 258 254 251 250 250 251 248 248 251 246 246 247 243 241 240 246 238 245 237 241 240 244 238 237 233 239 236 242 238 232 229 231 235 225 232 230 228 221 226 227 220 228 218 219 218 222 222
322 329 334 323 330 322 327 323 317 311 312 312 311 311 305 304 308 300 299 296 301 295 298 298 290 297 283 283 290 284 280 283 278 283 277 277 276 275 278 265 273 269 267 265 267 268 266 265 267 266 256 258 253 258 258 254 251 251 250 250 253 248 244 245 247 247 248 243 241 238 239 240 238 241 235 238 235 237 232 231 230 227 235 236 229 228 232 228 230 224 223 220 223 225 227 221 220 222 220 221
333 337 333 327 321 325 323 318 311 317 323 310 303 310 308 304 301 300 296 299 299 301 292 296 297 284 287 292 291 284 280 286 284 275 281 275 276 277 274 276 266 275 269 269 259 266 257 260 262 260 255 259 255 251 250 259 252 252 253 250 249 242 247 246 245 247 242 243 245 244 239 245 241 234 242 241 230 240 233 236 236 232 229 230 229 232 228 230 231 228 225 228 233 226 222 217 224 229 223 221
325 326 339 319 326 329 320 314 324 312 314 317 313 305 309 306 299 302 298 290 294 295 293 297 294 288 283 297 288 282 286 279 283 281 276 278 270 266 277 280 273 266 268 264 260 266 265 257 261 262 260 251 258 254 252 253 252 252 248 257 253 247 244 252 249 243 248 238 237 235 233 245 238 238 232 235 235 232 236 230 241 235 232 225 228 229 229 231 223 222 230 223 223 227 226 225 220 219 224 221
335 330 332 333 315 322 325 315 319 314 313 317 308 316 303 303 305 301 311 303 295 296 297 292 292 298 286 283 281 283 284 285 275 274 277 276 276 268 269 267 275 268 259 269 262 267 266 261 260 259 257 262 252 257 258 256 250 253 254 250 254 252 253 248 255 247 244 243 247 241 238 245 243 236 239 232 236 230 232 236 237 230 232 231 234 228 228 229 222 231 228 224 233 224 229 225 223 221 224 220
340 329 333 334 323 332 321 316 320 319 316 313 316 305 306 296 305 302 297 298 302 296 295 291 292 281 290 287 279 287 283 275 277 279 276 281 275 268 277 274 274 271 261 266 268 271 263 260 256 255 261 254 254 260 257 255 249 247 250 255 253 246 242 243 241 248 246 241 244 248 247 243 236 237 238 235 234 237 237 239 237 234 229 236 235 232 230 227 226 229 227 226 229 224 222 223 218 214 217 219
330 329 328 315 318 318 309 319 317 309 312 310 318 312 303 306 302 301 300 291 293 299 296 292 290 301 292 287 283 282 280 286 278 278 283 282 277 276 268 273 269 271 275 273 271 265 264 258 264 261 266 261 256 257 252 253 253 255 254 249 249 254 246 247 248 246 248 241 245 240 238 237 240 238 237 233 241 235 238 237 231 234 230 233 232 231 225 229 226 224 227 228 225 229 223 222 220 225 222 218
329 342 328 327 328 317 325 317 319 306 316 319 315 311 304 306 298 306 295 300 295 301 299 285 287 290 288 283 290 289 284 278 279 276 272 279 275 272 268 271 265 271 266 273 265 266 263 264 263 259 260 264 261 251 254 255 255 252 251 248 255 254 247 251 250 241 241 240 248 241 235 243 236 237 238 238 238 235 237 228 236 230 234 231 234 224 232 225 231 228 231 224 227 219 224 221 226 216 219 216
332 337 324 329 324 322 323 324 321 319 321 310 307 303 304 311 295 302 294 298 287 295 295 296 296 282 290 291 285 282 283 288 277 277 285 275 279 272 277 271 270 265 260 265 269 266 261 263 268 261 255 260 264 252 259 252 255 257 249 246 250 247 242 243 245 252 242 248 247 243 245 240 240 235 241 239 235 236 234 231 235 233 233 233 235 228 230 228 225 228 224 221 222 218 221 227 226 222 224 226
338 329 334 327 322 317 325 327 322 313 314 311 304 310 305 306 305 309 303 296 299 293 303 290 292 289 287 291 279 283 284 280 279 280 286 279 276 272 268 276 276 268 264 269 268 265 263 267 269 266 260 266 257 261 254 255 259 253 253 249 248 245 244 251 243 247 246 249 242 242 241 233 242 237 238 238 237 236 235 238 234 231 232 236 231 229 229 229 228 229 226 224 226 226 222 228 220 222 222 221
338 336 328 321 326 326 327 321 319 313 316 309 314 307 301 303 306 302 297 299 291 295 295 284 288 291 286 281 285 277 284 279 285 279 277 276 279 269 268 270 266 269 269 270 270 268 265 266 256 259 255 257 254 250 253 255 250 246 253 252 248 240 251 248 248 249 241 244 240 241 242 243 241 239 238 232 235 237 236 237 232 226 231 235 228 223 228 226 227 225 224 224 219 227 226 225 221 218 225 220
332 325 332 329 324 324 315 320 326 316 318 312 308 310 302 303 301 299 298 302 304 290 296 292 285 296 292 283 287 287 288 286 277 281 279 288 283 266 273 270 271 268 264 273 265 267 260 263 262 259 258 261 261 259 259 256 256 251 256 249 247 247 250 246 248 249 241 245 250 244 239 248 241 239 241 240 236 236 235 235 237 235 236 231 230 228 229 223 225 227 224 222 223 222 230 222 224 217 218 216
330 335 333 330 328 323 318 321 322 309 310 313 308 318 310 312 303 302 298 298 301 298 298 294 292 287 299 294 286 284 285 277 286 277 279 275 272 270 270 273 269 268 263 265 267 264 264 256 269 261 260 261 251 255 259 256 256 252 251 252 251 252 249 242 249 245 244 245 244 245 244 236 236 238 233 236 237 234 237 241 236 244 230 232 226 232 227 224 226 227 228 223 225 223 228 220 223 221 221 219
337 330 332 329 320 329 326 317 318 319 309 317 308 313 302 310 312 301 302 299 297 296 296 291 285 288 284 284 293 279 282 281 283 279 278 281 273 276 270 269 267 268 271 269 263 263 264 264 261 258 261 266 263 253 251 248 254 248 252 248 248 248 248 242 249 251 245 240 239 244 237 239 235 235 239 233 237 237 233 236 234 232 233 233 237 229 227 228 226 226 229 223 225 225 224 224 219 222 220 218
332 334 335 328 333 326 327 320 315 309 314 310 311 315 305 304 302 305 298 299 300 297 294 295 299 290 287 295 288 281 284 283 278 284 280 275 279 263 276 265 267 276 268 278 264 268 262 259 258 257 260 256 256 259 254 256 251 251 257 249 250 246 249 249 250 242 247 239 244 242 242 241 236 241 239 241 235 232 236 236 234 234 232 237 231 229 228 231 229 227 227 230 227 226 223 225 224 223 222 221
325 325 330 331 326 315 325 322 318 322 319 311 311 303 309 307 310 305 306 295 292 297 296 291 290 297 290 282 291 283 276 281 279 283 280 278 278 275 266 263 270 267 264 277 266 267 262 271 263 263 265 260 259 259 258 263 259 254 250 259 250 249 243 246 251 247 249 239 241 243 242 238 235 239 233 240 242 238 232 240 233 234 229 234 228 229 233 229 230 228 225 225 224 221 225 220 224 224 224 220
335 335 331 326 320 323 321 323 314 314 319 315 313 305 309 301 303 297 299 297 300 297 292 293 288 291 289 287 288 284 287 277 285 285 281 278 273 280 272 271 271 269 272 263 265 267 261 262 259 257 257 256 259 261 253 256 252 248 249 250 250 245 244 252 249 249 242 248 238 239 243 233 244 240 242 235 236 238 233 233 232 234 229 230 233 230 225 231 229 226 228 230 222 226 219 218 227 224 224 222
338 330 330 326 323 326 326 321 319 314 316 308 310 310 308 310 313 299 300 299 297 300 294 292 293 295 292 288 285 282 284 282 283 283 279 273 271 275 273 279 276 268 267 267 267 263 259 260 259 262 256 253 257 254 255 249 259 249 259 246 251 250 247 242 249 244 242 238 238 249 243 237 238 239 245 237 233 226 235 237 230 234 232 236 228 230 229 230 225 228 227 229 226 223 227 226 222 226 222 223
331 326 341 326 326 316 318 325 316 313 316 306 308 311 312 305 307 295 302 299 300 290 288 291 290 289 285 294 287 295 283 280 278 280 281 284 280 286 269 273 274 273 270 266 267 265 262 269 262 261 260 260 258 258 257 256 252 253 250 254 247 243 243 244 239 245 250 244 248 240 233 238 247 244 242 237 242 236 233 238 235 232 236 234 232 232 230 233 231 231 229 233 229 224 227 228 219 220 219 221
327 331 335 316 326 328 324 310 318 322 313 330 313 304 304 307 307 305 297 303 294 294 287 289 286 288 281 288 282 280 284 281 283 279 280 275 273 273 283 272 272 275 272 265 271 262 265 265 261 255 258 265 255 254 259 251 258 251 250 245 254 247 246 241 243 246 250 248 243 235 243 238 245 237 239 235 236 232 231 239 236 232 230 230 235 229 222 228 226 222 225 223 225 228 229 226 222 220 219 221
338 341 329 331 322 317 319 324 318 317 317 317 310 310 311 305 306 296 297 303 295 300 293 296 291 289 293 284 280 285 279 278 283 271 275 274 278 271 275 273 272 276 271 269 267 265 260 261 263 261 264 258 257 250 248 253 249 254 254 254 244 253 250 243 246 245 244 243 243 238 248 243 241 237 240 242 234 238 238 230 237 235 228 228 230 231 229 231 231 231 221 230 226 232 219 225 226 221 225 219
335 342 327 331 329 321 323 322 314 322 313 314 310 312 297 303 308 302 300 298 295 290 297 297 297 293 285 289 284 288 282 282 281 282 281 276 279 276 274 275 271 262 266 268 264 267 267 266 258 256 263 260 260 256 261 250 254 252 248 251 252 248 251 244 247 247 243 248 245 236 244 244 241 239 237 235 235 230 235 237 240 232 236 233 229 230 232 228 228 224 224 225 225 225 223 225 223 223 221 220
339 331 331 328 325 325 325 320 316 313 316 313 303 308 309 311 312 300 300 297 306 296 288 292 288 293 290 288 277 283 284 279 277 288 281 277 274 266 274 273 276 268 271 270 266 265 267 265 265 258 255 257 259 258 251 245 254 256 251 252 246 251 257 251 242 246 240 241 245 244 240 238 237 247 243 241 238 235 233 236 232 235 231 230 236 226 231 234 228 230 222 229 224 224 221 226 228 221 224 223
338 331 328 327 332 319 319 317 316 321 308 317 310 320 308 305 308 303 297 301 302 297 289 295 288 293 287 288 290 283 288 280 281 284 274 280 276 269 272 270 267 274 265 272 267 269 268 267 260 266 255 258 257 253 257 256 258 256 253 257 247 256 253 245 250 245 243 242 240 245 248 240 238 237 236 234 239 240 238 233 237 231 235 234 231 234 225 233 231 228 234 231 227 227 220 222 228 221 221 220
335 330 332 331 329 324 320 329 327 314 324 317 312 312 299 312 302 305 298 306 295 301 290 293 294 294 289 293 289 287 280 279 285 280 276 271 279 274 276 271 277 271 268 279 265 260 260 260 263 261 258 260 255 259 246 254 252 256 264 253 255 251 252 248 249 250 251 240 237 241 236 244 239 244 240 237 231 241 235 232 235 235 236 230 228 233 225 227 229 227 228 232 229 226 227 223 222 223 222 223
341 328 331 334 328 319 320 319 316 328 315 312 316 305 301 306 298 302 302 297 299 291 299 298 289 290 287 283 284 284 284 287 284 280 275 270 273 269 272 270 274 274 273 273 267 265 267 263 268 263 263 264 264 251 260 258 254 256 253 244 253 250 250 245 247 250 248 241 241 244 245 245 238 240 237 235 237 237 239 235 232 235 234 233 235 229 227 231 232 231 221 233 228 223 225 230 222 218 219 216
334 338 322 324 327 330 323 329 320 332 308 312 315 306 306 312 303 307 300 302 303 300 293 294 291 296 283 288 293 279 290 282 287 280 289 270 272 274 280 275 272 270 269 270 273 264 265 265 257 262 257 256 257 251 256 250 253 255 253 260 253 251 250 248 247 245 254 240 243 239 239 239 240 237 232 238 234 230 235 233 235 236 230 233 229 226 224 232 224 229 225 229 224 226 228 222 221 219 218 225
340 324 331 333 328 318 328 316 321 322 310 313 312 304 302 308 309 298 298 306 291 301 293 300 297 287 297 291 284 291 278 273 280 279 288 274 280 279 274 272 270 266 274 271 270 269 259 264 262 264 257 259 257 265 253 258 246 251 249 254 253 246 253 248 250 250 249 246 243 241 237 237 239 244 238 242 239 239 237 236 240 232 231 229 230 232 232 225 228 229 230 226 227 226 222 221 218 228 222 218
340 333 326 332 329 330 320 322 317 322 315 316 312 305 316 303 315 303 299 305 294 298 294 298 288 292 288 287 286 283 286 277 277 274 278 282 274 276 274 273 276 280 275 263 268 263 262 269 263 268 261 262 256 258 256 256 252 246 253 258 249 246 248 250 247 249 245 241 245 238 243 238 241 240 237 241 240 241 238 230 231 230 227 227 230 226 230 228 232 220 231 228 228 223 225 216 218 220 223 221
338 344 324 322 329 332 318 319 315 308 317 309 305 311 317 304 311 295 296 304 294 300 296 295 293 294 297 290 285 281 279 286 281 289 276 271 280 273 275 273 274 272 267 273 262 269 264 268 265 267 266 257 256 253 258 259 260 253 260 250 250 257 245 251 246 245 241 249 244 240 244 236 245 240 237 235 241 239 233 235 235 237 234 232 232 230 226 225 230 227 226 227 227 226 222 227 219 219 220 222
334 325 332 322 323 324 328 323 321 324 321 329 311 314 301 304 304 303 301 306 296 290 301 298 290 289 291 282 293 286 288 277 278 281 281 271 284 275 271 280 271 263 265 269 261 271 261 263 264 262 261 263 256 264 255 258 258 252 245 247 252 257 250 242 245 244 241 246 242 244 239 241 241 243 243 235 235 235 231 236 237 234 228 233 232 229 231 227 228 225 233 230 231 220 225 227 226 223 221 220
331 322 331 326 319 327 337 327 314 312 314 313 317 317 310 310 298 305 305 297 302 288 297 295 284 283 293 288 287 296 283 289 282 276 281 275 277 278 278 278 267 279 271 268 265 270 268 270 264 261 258 263 262 261 259 252 256 258 253 250 251 257 250 247 250 242 249 242 242 248 240 240 239 240 233 232 241 236 230 229 234 235 229 233 237 226 230 227 227 224 230 227 224 218 226 227 225 226 223 225
339 323 339 328 326 334 326 315 317 317 314 315 314 313 309 311 307 310 294 306 295 301 301 286 289 286 289 287 289 290 287 277 286 279 276 280 279 270 273 268 273 267 265 269 263 267 266 266 262 256 266 261 258 252 261 255 256 260 253 256 257 245 246 242 244 249 252 249 239 237 237 241 235 237 250 240 234 240 240 230 238 234 236 238 234 234 229 225 232 235 227 228 225 222 226 225 221 225 219 229
337 332 327 330 329 322 323 321 319 317 309 313 310 318 312 308 306 310 302 302 298 293 294 292 290 295 289 285 294 284 283 282 282 281 279 278 284 279 275 271 271 274 275 265 270 265 264 271 261 268 260 266 259 259 255 252 256 256 248 248 250 245 249 248 248 248 246 246 245 239 241 247 241 238 244 234 237 236 239 237 234 239 232 230 224 231 229 226 228 223 228 227 223 222 227 227 223 225 223 221
328 345 338 322 326 332 320 327 327 324 313 315 308 308 309 307 301 305 298 301 294 298 297 296 291 288 284 295 293 282 288 288 281 287 279 281 280 271 276 273 275 266 273 271 275 264 262 273 263 257 261 265 259 254 254 256 262 258 253 250 249 250 253 244 248 249 248 244 244 246 246 246 241 233 244 241 238 241 235 234 241 233 232 232 232 232 230 230 227 226 231 226 226 224 223 224 222 224 222 220
328 332 330 330 328 334 320 326 313 323 311 307 323 313 311 312 307 305 301 306 313 297 296 300 289 286 299 282 295 288 293 287 288 277 279 280 280 277 276 264 271 269 275 272 269 274 272 262 267 276 262 261 258 252 257 253 260 253 250 251 250 249 249 244 251 246 243 242 246 236 245 251 245 241 236 246 241 238 235 231 237 240 235 233 228 237 232 230 225 229 230 228 233 229 227 226 225 226 228 217
329 325 330 335 325 318 326 326 320 315 312 318 307 315 304 306 311 302 300 307 302 298 295 290 296 296 293 286 296 287 288 284 280 280 286 283 283 278 273 279 272 272 273 273 268 269 262 268 266 264 263 257 260 262 264 252 256 253 256 254 254 248 245 248 248 249 246 244 246 242 245 238 239 245 236 232 236 232 240 237 233 233 237 230 231 237 230 233 227 230 224 225 236 223 224 225 225 225 222 223
335 341 335 341 330 323 320 317 325 319 315 320 315 312 307 305 297 310 300 307 299 299 305 297 287 295 292 288 291 279 292 286 280 286 281 281 279 272 274 273 278 270 272 269 270 271 264 275 263 263 259 264 257 265 257 258 258 257 256 260 253 250 249 256 247 250 245 248 247 248 250 246 245 238 242 239 238 240 234 231 236 231 235 233 235 235 231 232 227 230 226 232 229 224 223 225 224 228 225 224
346 350 336 337 324 337 322 329 324 317 325 316 313 318 312 306 312 311 303 317 303 295 296 301 294 298 289 295 289 280 291 280 289 280 287 278 281 278 279 273 274 281 275 267 272 265 262 266 265 261 263 262 265 257 260 261 258 253 253 254 252 262 253 251 254 250 251 245 243 239 248 249 234 244 244 238 235 236 236 231 240 229 240 236 234 235 233 232 238 228 223 229 230 223 226 220 221 231 221 224
342 348 329 332 332 328 333 326 327 318 330 316 312 323 309 313 312 315 302 306 303 299 295 294 298 285 294 287 295 289 286 288 283 289 287 272 283 280 276 278 278 272 263 273 270 266 263 260 268 263 264 256 263 265 262 258 256 258 250 251 250 256 250 251 247 250 248 243 239 248 242 238 244 244 243 239 236 240 238 232 242 235 241 228 231 231 235 227 226 226 227 228 226 226 227 227 222 220 223 221
339 345 337 329 332 334 330 320 334 315 320 309 325 316 318 310 312 304 307 307 301 298 296 302 299 296 294 289 291 290 294 273 286 292 282 286 277 275 279 268 274 274 274 270 274 270 270 268 259 263 268 254 265 267 254 260 255 252 255 255 259 251 253 248 249 243 247 251 254 233 248 244 249 243 244 239 241 237 239 239 237 238 235 234 227 232 231 239 229 231 223 231 228 227 232 228 227 221 222 226
337 337 326 336 339 334 334 333 324 319 321 316 320 320 315 326 312 311 302 302 306 298 302 293 305 295 294 297 288 297 281 290 287 284 286 285 281 278 271 268 270 275 278 274 272 269 277 269 262 265 270 266 265 268 262 265 258 261 258 256 258 250 256 250 249 255 249 244 252 248 245 246 242 239 239 245 239 241 242 234 234 240 238 241 239 236 230 232 230 233 231 228 226 228 224 222 225 225 222 225
332 334 333 337 337 329 333 326 334 329 324 323 317 319 320 315 318 313 308 314 312 298 302 293 307 302 290 292 298 293 285 288 292 288 284 287 282 282 282 274 279 269 277 276 271 268 267 266 268 259 262 268 263 264 263 263 258 261 255 253 258 249 249 256 248 254 254 245 252 250 242 250 249 246 241 240 239 242 243 238 236 235 238 243 235 233 234 226 229 236 229 227 236 229 229 226 226 224 221 227
349 357 346 339 348 325 327 331 329 317 319 323 332 319 317 318 324 314 308 304 306 315 303 305 302 289 301 292 295 300 290 297 292 293 282 286 284 278 285 284 286 271 280 276 279 278 272 277 271 268 269 262 266 266 271 264 265 254 264 256 252 259 253 256 255 253 249 245 247 245 251 252 251 249 244 244 242 239 240 243 239 237 236 230 235 232 234 231 236 234 234 230 226 227 228 224 229 227 225 227
355 350 345 338 327 344 345 339 336 334 336 341 332 321 321 327 333 310 319 308 320 311 307 310 301 303 306 295 301 290 294 302 291 289 294 291 288 286 285 285 281 283 279 274 268 273 276 266 280 268 271 265 265 270 270 261 259 266 266 263 256 251 253 257 259 263 252 251 249 252 258 247 251 244 246 247 246 244 235 243 236 245 246 241 239 243 245 240 234 233 233 229 231 232 232 229 231 227 227 229
359 361 357 347 359 350 345 336 342 336 361 341 340 330 338 325 326 333 331 320 325 321 314 322 310 306 307 308 306 302 309 303 303 301 294 300 292 294 288 297 296 290 293 300 288 278 282 288 285 277 282 264 271 276 276 272 255 261 264 267 269 262 265 258 263 260 263 264 261 254 251 266 254 252 249 249 247 248 254 254 252 237 243 251 247 242 244 248 240 237 249 236 242 237 236 235 229 235 232 236
400 399 389 392 388 370 388 384 380 387 369 373 363 373 356 343 359 346 357 368 357 356 346 342 326 347 338 331 332 327 333 310 309 320 340 323 326 335 316 315 315 312 303 316 309 321 303 300 311 293 300 307 307 297 302 301 306 300 296 283 274 284 297 287 294 276 287 277 287 275 284 277 282 273 269 254 267 269 260 261 268 277 269 269 258 260 261 266 254 256 255 253 251 253 257 254 248 253 249 247
