82 74 82 85 71 68 84 83 90 79 101 72 99 90 81 78 79 77 86 66 61 66 86 69 77 71 66 77 69 65 75 68 63 56 76 58 76 74 68 64 66 66 64 52 67 62 75 52 73 75 63 65 69 56 69 62 55 66 65 58 55 58 69 55 52 61 56 56 57 72 53 48 46 53 63 50 59 60 58 55 51 49 46 42 55 52 54 47 43 49 51 51 54 51 41 50 45 49 48 41
85 86 92 91 79 82 85 84 83 76 91 78 78 81 74 70 76 71 81 69 79 74 70 66 80 78 74 67 80 74 62 58 71 65 80 66 66 52 69 55 69 71 59 63 63 65 72 64 69 71 57 53 66 51 69 65 70 63 57 57 68 67 61 57 66 53 51 53 50 59 58 52 61 64 60 53 49 45 51 53 62 55 56 45 56 45 54 55 57 49 50 70 49 51 47 47 47 44 46 56
80 75 83 95 95 74 74 68 83 67 91 83 78 66 66 88 80 91 78 70 74 77 70 81 78 64 76 80 65 78 82 67 75 65 78 81 68 83 62 55 59 91 71 57 64 73 63 58 66 56 56 62 62 60 61 60 60 55 64 69 61 60 45 56 64 60 64 61 51 53 67 75 65 52 63 54 60 42 58 54 60 55 54 55 48 54 57 54 47 50 62 43 46 45 48 48 56 45 38 43
76 73 90 62 77 69 80 74 78 83 66 83 83 67 78 78 77 81 77 83 63 80 65 77 81 75 72 78 64 72 77 75 74 78 68 78 66 64 71 63 66 65 58 74 62 61 58 67 57 56 69 58 71 57 60 62 57 65 66 66 59 52 62 54 47 61 57 56 68 66 62 46 70 55 56 55 65 57 64 44 61 45 57 53 46 45 42 44 45 44 51 57 38 56 54 54 52 40 50 52
96 83 70 84 75 83 66 86 73 88 91 74 72 64 81 76 76 70 75 75 62 71 72 76 82 74 70 67 68 69 72 58 68 60 66 55 68 64 67 55 53 69 69 63 75 63 57 65 67 62 66 61 50 59 59 49 50 62 71 59 58 54 52 56 58 55 72 55 47 48 54 55 64 50 55 51 61 55 52 61 59 51 44 51 51 48 48 57 56 44 50 52 68 49 62 49 53 46 46 51
75 90 90 76 74 101 87 76 69 75 82 67 68 80 76 79 73 72 81 72 69 63 61 66 73 77 77 78 72 86 88 72 63 75 77 64 74 62 55 69 80 65 62 58 78 79 54 61 59 52 68 57 73 75 56 65 60 64 66 61 63 58 44 54 64 56 55 50 53 57 58 57 54 61 51 73 62 58 62 56 61 46 47 50 47 65 52 41 54 54 52 61 48 55 50 47 46 49 48 55
78 102 88 78 86 86 81 90 73 77 87 89 78 98 76 83 87 77 70 66 78 77 81 77 77 65 67 63 68 65 60 79 57 67 64 78 72 68 53 61 65 64 61 66 58 67 72 70 71 52 68 67 58 65 60 64 56 65 68 69 52 54 51 66 68 59 54 57 65 55 47 48 49 57 46 60 52 61 65 66 54 53 47 56 52 45 55 56 63 56 51 46 58 44 46 49 53 47 40 45
91 80 101 81 82 100 78 69 77 93 70 74 74 75 73 74 79 90 80 58 83 82 84 86 73 67 71 78 72 58 66 56 74 66 71 73 70 68 70 70 70 54 61 73 68 59 67 57 62 65 63 57 48 60 54 70 60 72 60 63 69 62 56 62 56 59 54 58 60 66 48 62 48 50 54 53 50 55 43 62 49 64 50 43 58 51 63 56 63 34 54 57 50 61 45 48 49 45 49 51
78 86 90 89 81 80 98 85 79 73 99 78 88 86 83 79 88 71 73 73 65 71 73 82 70 56 90 78 80 65 63 60 77 70 80 73 81 78 66 70 63 66 58 80 71 50 64 67 48 54 71 65 58 55 70 61 68 73 65 53 60 62 52 58 52 55 68 66 59 48 53 53 58 55 65 48 52 58 60 51 55 56 49 50 68 60 48 59 56 49 53 49 60 41 44 57 53 46 40 60
81 94 79 84 81 102 66 97 74 70 87 82 87 77 76 77 80 64 88 79 78 87 59 70 69 72 81 65 71 88 68 62 78 71 63 60 68 67 74 57 76 65 60 68 62 67 63 74 51 69 63 57 58 67 60 56 54 56 51 59 60 56 52 60 55 51 54 62 68 56 54 60 46 57 61 54 51 50 60 68 56 54 50 50 49 50 57 60 58 46 50 52 53 51 53 69 56 52 54 56
86 82 82 100 87 74 76 73 76 77 78 78 86 60 82 73 67 65 66 73 75 82 71 59 85 79 66 82 87 83 61 74 72 79 59 76 68 71 58 67 66 61 65 64 51 68 67 65 68 57 61 58 65 58 46 61 60 55 59 57 60 54 51 50 55 68 55 63 72 60 68 56 52 50 63 60 52 60 52 53 60 59 56 56 47 63 48 57 55 50 50 41 40 51 46 46 53 54 50 36
79 76 92 78 95 90 79 85 92 69 66 92 86 88 90 72 69 90 76 77 72 65 82 80 67 75 63 75 66 81 64 68 71 68 65 62 56 69 59 63 64 61 66 71 52 64 61 75 62 64 74 61 70 66 62 63 72 58 63 48 54 71 63 63 51 61 56 54 48 40 51 58 60 65 56 65 55 57 51 53 53 55 50 63 55 55 48 64 54 50 52 53 50 55 56 59 56 45 62 52
92 84 82 78 83 89 100 72 82 79 76 71 77 72 87 82 78 86 76 75 66 79 63 72 77 73 73 68 75 92 75 71 73 63 60 65 54 67 67 68 55 59 67 66 77 75 64 58 63 68 63 69 59 52 56 61 72 68 56 60 50 62 57 61 70 55 44 65 62 66 62 55 57 59 47 47 58 52 61 57 65 60 59 54 53 55 58 54 53 59 50 52 52 57 53 42 52 54 44 53
75 81 78 91 79 77 74 86 71 96 71 83 81 78 69 83 74 56 70 65 72 75 73 79 68 66 68 61 75 65 68 62 63 69 63 54 67 59 64 64 69 77 69 66 54 56 63 62 64 66 75 58 67 54 55 56 63 65 57 67 59 68 63 70 59 59 52 64 58 53 52 41 39 58 57 57 54 62 50 57 57 50 66 60 51 50 54 49 50 57 46 57 49 54 56 52 54 50 52 60
84 93 79 84 74 84 88 70 96 75 80 92 87 73 61 64 78 78 88 99 81 68 75 74 72 75 78 81 81 71 77 71 66 65 68 59 73 73 85 52 71 72 58 62 68 55 70 60 62 66 42 62 63 56 67 60 57 60 70 62 52 68 53 52 65 62 64 54 65 74 53 60 68 50 52 63 58 46 62 49 63 58 60 53 57 60 49 43 49 41 52 48 59 46 52 53 46 54 51 58
85 76 84 82 75 91 89 79 89 59 71 76 83 71 75 82 77 87 85 69 74 68 79 78 74 74 71 75 70 61 60 65 60 71 66 66 67 71 68 54 75 65 72 69 43 68 57 55 69 58 58 60 64 63 67 67 58 77 54 64 63 53 62 57 63 66 55 61 61 64 59 54 55 41 58 57 56 64 54 53 58 54 60 49 52 57 66 56 54 61 48 50 52 47 52 44 43 52 49 56
79 90 87 86 87 80 70 84 68 64 95 77 67 77 80 76 71 89 57 82 83 71 73 77 78 78 66 69 80 64 62 58 69 68 71 83 69 64 63 80 67 62 63 61 57 66 57 60 68 71 64 72 64 64 66 58 66 63 64 67 54 55 57 52 52 46 69 58 64 56 59 58 44 63 59 50 47 52 71 61 52 55 50 49 61 52 57 56 48 55 50 52 54 53 58 55 45 49 49 42
83 92 79 91 86 90 83 80 88 87 82 80 82 94 74 76 89 86 74 74 73 76 74 72 78 79 65 74 72 74 50 70 68 76 68 59 70 72 73 70 73 57 54 68 53 58 52 74 60 62 68 56 66 61 63 67 65 63 74 67 63 62 61 54 66 69 52 60 51 65 57 60 68 52 56 60 46 56 47 63 52 54 53 61 60 59 46 51 53 55 57 55 47 46 40 51 49 48 56 48
88 92 86 93 93 90 88 76 78 79 82 87 80 67 69 80 94 84 82 102 76 68 75 66 75 66 70 64 75 63 63 62 62 65 64 71 75 69 79 69 59 64 69 60 74 61 54 65 60 62 71 59 62 74 65 70 57 58 61 49 55 51 52 57 64 70 60 58 61 48 56 56 47 48 57 47 54 53 59 48 53 49 61 46 48 50 54 54 52 62 49 52 58 48 54 48 55 59 55 48
86 72 68 75 73 81 79 73 74 87 80 80 75 65 72 83 66 75 90 72 77 79 68 72 66 60 68 81 73 59 70 73 88 69 65 68 57 60 61 63 84 55 57 69 60 75 63 75 61 67 61 58 60 71 62 72 60 59 59 64 64 58 67 53 53 57 62 56 63 56 59 61 51 49 60 50 63 63 48 52 57 56 55 50 53 53 68 47 61 55 54 45 57 45 55 51 55 50 58 49
76 93 86 83 84 84 86 78 92 83 94 79 64 96 77 72 61 67 77 87 78 67 72 70 76 73 81 74 68 58 79 57 64 75 66 75 76 73 74 68 62 69 68 72 63 59 73 62 62 62 58 62 55 70 63 57 54 67 65 56 76 62 53 60 59 64 56 56 74 62 67 48 58 55 56 49 61 50 55 53 59 62 50 50 60 48 60 53 53 47 49 47 57 52 48 53 47 52 56 57
82 78 101 79 75 90 92 75 77 98 85 79 95 86 94 74 76 83 76 72 69 65 69 62 63 83 74 62 69 76 60 63 78 65 80 67 72 76 60 63 71 69 71 67 63 67 53 48 79 53 68 60 66 62 57 49 57 53 60 59 59 57 59 51 60 55 54 60 67 59 55 60 58 52 54 65 55 63 47 58 53 51 65 53 51 46 57 50 50 65 59 53 53 49 47 47 39 48 52 42
95 88 93 91 71 83 100 89 64 96 79 85 71 89 65 84 52 63 71 71 77 71 83 76 76 68 76 78 69 74 71 72 73 59 64 58 58 63 65 72 50 60 70 63 64 59 72 66 59 67 54 59 60 63 56 66 60 64 61 66 60 55 59 52 59 62 60 57 57 54 55 54 55 68 63 45 56 64 54 54 59 55 56 60 49 50 50 61 51 55 55 48 50 53 60 53 55 49 57 53
80 73 77 79 76 89 78 97 82 103 77 89 84 90 67 70 78 76 77 70 73 64 70 70 73 70 64 72 78 66 76 80 68 67 69 77 53 69 80 67 69 62 65 69 66 52 59 66 63 74 66 71 69 60 66 72 65 45 70 60 54 55 66 62 70 67 58 58 51 52 71 71 50 58 62 48 59 54 45 56 56 47 50 53 58 61 48 54 55 47 51 51 50 51 54 59 56 57 50 52
95 95 73 88 80 62 86 89 89 58 82 68 73 64 69 85 68 64 84 75 72 65 80 71 73 76 61 71 76 71 63 64 71 69 74 69 76 85 64 70 74 78 74 70 57 72 59 55 52 56 58 61 58 58 58 76 71 63 68 59 53 68 66 57 57 54 55 60 52 55 50 55 57 58 55 65 46 53 47 55 65 49 52 54 61 63 60 59 52 53 55 56 57 54 51 59 56 49 49 47
91 81 76 88 69 101 99 79 78 82 75 89 81 67 80 73 80 69 90 79 78 58 70 89 73 81 57 71 73 76 69 66 56 81 65 60 69 67 75 60 70 69 56 69 58 64 60 73 63 56 70 58 60 58 72 77 66 50 49 66 67 58 56 53 61 59 57 56 57 64 61 71 55 62 62 46 53 50 53 57 43 47 53 52 55 52 54 60 41 66 60 50 44 53 54 46 47 54 39 46
81 76 95 83 110 83 88 79 83 80 70 78 78 83 73 70 71 68 81 81 79 92 72 59 79 80 67 79 82 63 73 69 66 59 74 79 63 57 64 71 64 82 64 68 50 67 50 71 59 64 66 60 66 63 57 58 59 73 47 61 64 57 57 54 56 64 67 57 60 59 64 61 55 51 49 42 64 52 55 51 55 54 56 61 49 51 54 60 57 46 52 63 56 54 42 52 54 50 50 47
82 88 81 75 99 85 78 93 82 72 90 84 77 73 75 88 74 79 82 78 64 61 89 79 67 69 70 66 81 68 79 68 76 64 65 69 75 66 72 61 60 58 62 61 55 58 58 64 65 74 57 75 64 69 63 64 56 64 56 71 59 56 52 42 53 53 59 65 63 54 49 65 54 56 63 53 64 53 67 43 53 60 53 64 51 43 54 47 55 52 50 46 55 49 56 49 51 53 43 45
89 105 84 78 88 81 65 74 85 66 93 82 80 68 85 77 82 71 91 72 76 72 93 68 70 94 67 80 68 69 60 72 72 54 61 69 53 77 68 79 75 78 66 69 59 63 61 57 62 56 64 64 75 54 73 65 57 65 73 61 47 58 56 64 66 60 57 57 60 61 57 43 57 58 59 56 56 51 47 49 52 45 68 62 47 48 50 63 59 46 50 50 51 51 59 49 56 64 54 59
74 78 104 97 76 90 91 89 79 77 84 85 91 86 83 74 69 62 87 73 77 71 79 96 62 73 66 67 86 73 63 72 67 77 65 55 71 71 67 53 68 64 65 71 63 78 60 51 60 72 63 55 75 64 50 66 47 52 65 67 54 56 53 59 62 56 61 50 53 57 52 57 58 58 57 47 50 67 50 48 44 50 49 54 58 53 53 53 46 56 44 59 55 53 53 49 59 52 51 54
95 95 100 84 79 100 89 89 80 72 71 77 98 77 80 91 70 71 71 88 80 69 64 67 76 66 74 65 62 73 75 68 69 75 72 69 78 81 57 70 64 66 83 61 64 65 62 63 72 65 64 54 68 61 59 72 63 61 56 60 62 69 59 73 54 63 52 56 54 57 68 64 49 50 57 52 54 58 56 54 53 56 49 51 48 58 48 55 52 60 57 45 51 48 48 52 41 41 49 55
92 80 81 92 89 81 69 82 84 68 75 75 76 83 58 71 71 77 58 75 72 93 79 72 82 84 69 70 68 70 69 82 64 73 65 72 68 70 60 76 61 60 70 70 67 83 73 78 66 60 70 53 60 68 60 66 53 59 60 66 60 55 48 63 61 55 53 59 72 70 58 53 64 61 59 62 52 52 63 59 58 60 62 60 53 51 55 35 57 57 43 51 61 44 51 47 58 55 53 53
96 87 85 83 91 89 71 93 88 80 76 83 78 78 72 66 87 92 77 83 71 61 73 80 85 75 72 67 79 69 73 59 77 70 65 77 72 70 62 81 80 65 89 52 68 62 63 66 45 61 60 70 58 54 68 61 62 57 73 59 66 60 53 66 62 51 60 56 49 58 53 57 67 66 62 57 51 42 55 46 49 73 50 47 54 57 54 54 55 43 59 50 57 49 55 52 50 54 40 55
90 73 83 96 86 82 101 59 79 71 68 92 75 80 77 67 66 77 82 76 91 67 74 81 78 75 87 73 75 79 81 70 64 61 69 67 78 77 70 63 62 67 67 68 61 59 64 61 76 61 62 70 62 78 62 61 59 73 57 58 55 56 53 60 61 72 53 51 53 63 59 49 60 53 55 51 52 65 46 62 55 56 44 44 61 49 51 51 62 54 55 43 52 49 48 50 47 56 49 56
84 87 80 80 94 85 91 76 76 74 75 83 85 76 70 78 68 65 70 82 76 72 68 69 76 67 74 82 63 71 76 69 59 68 63 66 79 72 57 67 67 61 72 62 76 50 67 65 68 59 66 71 61 64 69 56 58 64 50 65 69 53 66 62 64 63 55 52 54 69 56 51 57 59 52 48 48 61 66 58 60 62 54 46 56 56 57 58 64 47 57 49 49 53 55 43 49 46 56 50
79 84 77 99 93 77 77 64 98 85 90 73 71 69 81 80 79 60 70 69 83 70 83 63 76 74 61 79 68 82 78 74 53 76 70 57 56 72 60 57 67 72 63 60 68 63 63 60 66 69 57 62 61 54 51 60 59 58 50 55 63 61 62 57 55 49 58 55 52 64 60 63 49 46 64 62 56 57 56 60 54 52 54 54 44 60 59 52 48 54 48 50 52 62 48 51 62 51 48 41
90 79 92 81 88 78 85 82 86 84 79 79 87 84 90 71 84 68 77 69 73 90 73 72 64 66 77 62 83 70 83 65 73 78 76 70 61 63 79 65 62 62 71 71 82 53 59 65 53 59 53 70 66 69 65 64 63 61 57 71 53 57 69 56 70 62 59 53 63 63 74 57 64 64 50 57 64 45 56 49 50 44 55 55 47 54 54 49 44 47 50 56 52 50 45 52 47 49 53 43
78 88 85 82 90 78 77 93 78 97 84 72 78 77 64 79 73 66 60 75 75 66 80 66 67 70 62 67 74 61 62 65 60 70 63 67 66 70 66 77 59 58 61 58 52 57 57 70 66 78 56 54 60 64 47 72 68 61 64 66 57 67 54 64 57 60 55 61 57 59 53 69 63 53 51 53 61 46 62 46 61 62 54 67 60 46 48 59 50 55 62 57 53 47 51 49 55 42 47 41
88 83 92 68 73 79 88 82 94 69 68 68 93 81 90 84 69 92 67 77 72 78 81 80 67 76 71 80 69 68 67 52 80 62 81 61 75 52 57 67 69 51 60 68 64 74 50 69 63 62 73 74 61 53 58 53 50 73 64 58 69 57 61 68 60 75 58 58 56 55 70 55 53 59 62 58 60 62 56 51 49 53 55 54 50 50 54 61 53 57 60 43 40 57 45 59 49 47 43 49
84 80 95 82 85 87 88 60 73 82 78 93 71 75 73 75 89 86 80 82 76 70 73 60 57 78 77 74 72 65 62 72 70 68 62 76 68 63 65 66 59 64 68 68 63 70 74 62 67 67 48 50 57 63 71 56 48 59 64 61 76 52 64 59 57 69 52 63 51 55 54 60 61 52 54 55 59 57 51 59 56 56 59 52 47 52 41 46 64 57 55 53 51 46 50 54 48 48 45 50
92 75 81 77 86 77 81 65 90 85 66 76 75 83 71 89 88 78 89 77 72 83 69 81 67 68 78 78 65 76 70 68 62 62 67 73 76 62 68 63 82 74 63 80 51 61 70 75 72 73 68 63 62 71 56 59 62 72 74 61 59 54 59 56 50 64 56 61 58 59 50 58 53 55 65 56 55 50 48 49 54 54 60 49 52 48 48 51 71 56 49 58 56 53 46 59 42 53 46 55
85 74 71 93 101 74 80 91 87 78 63 103 78 82 72 84 75 69 91 71 69 82 72 64 78 70 66 73 78 79 57 73 79 62 60 57 61 72 82 64 56 73 77 51 57 85 61 74 62 70 62 67 61 68 56 68 61 54 63 68 51 55 64 53 67 51 59 59 66 69 52 57 56 59 61 53 62 69 55 61 55 50 55 65 50 50 48 64 56 52 45 54 47 46 52 54 51 47 55 57
74 88 89 98 90 74 92 93 65 73 72 79 71 82 79 80 87 59 71 72 67 78 71 74 81 72 87 60 69 78 72 58 80 69 73 71 68 68 76 67 58 83 70 67 68 70 63 66 64 57 71 67 59 65 64 67 66 52 65 59 61 52 54 53 61 58 65 57 72 53 58 58 50 63 54 56 53 52 54 59 54 49 42 62 46 55 59 40 58 64 46 47 58 47 59 59 51 55 51 61
92 77 101 80 90 66 72 96 93 93 69 95 97 93 72 80 80 77 80 80 72 87 75 75 74 85 70 93 76 49 69 73 56 65 68 64 63 68 73 74 53 64 75 66 72 69 57 58 61 57 62 63 68 66 55 70 59 61 79 81 65 70 65 57 61 74 74 61 60 55 66 50 56 51 74 61 57 59 55 47 57 49 67 47 47 61 48 50 64 44 57 53 52 52 54 56 56 56 53 47
82 87 78 87 83 74 83 81 82 105 78 82 56 76 64 72 84 69 87 71 80 73 64 70 72 58 70 69 59 65 62 77 74 64 63 66 73 73 63 66 69 66 56 80 66 61 61 57 64 62 60 62 56 74 53 59 61 72 65 53 67 63 64 68 50 54 61 59 58 50 65 62 54 58 51 58 71 66 61 54 54 52 54 57 53 62 69 47 59 52 55 41 57 48 54 55 63 45 51 56
77 83 81 98 84 98 87 87 70 80 89 81 85 66 65 83 82 61 65 77 68 85 82 68 87 74 59 62 76 75 64 64 72 62 79 72 58 65 72 67 69 72 73 59 71 76 73 54 56 60 70 56 62 70 65 53 57 73 61 64 71 58 66 60 65 50 57 49 51 60 47 51 59 60 56 67 46 54 50 64 51 56 63 54 59 59 49 49 53 51 46 51 50 51 53 60 50 48 42 42
71 87 76 83 92 80 79 74 73 81 77 67 85 81 74 64 88 70 74 80 74 70 89 64 77 68 75 86 72 88 64 73 69 82 66 78 71 71 66 63 60 66 76 68 59 52 79 67 57 61 71 66 62 71 57 67 63 60 58 53 60 58 64 54 60 73 56 63 47 61 41 56 62 52 45 63 51 54 52 53 64 49 49 52 59 57 60 45 46 53 52 46 55 46 60 50 54 56 45 46
78 85 80 78 102 80 88 86 82 80 78 71 83 85 77 80 74 88 82 74 83 75 79 70 73 65 85 56 68 67 77 77 65 70 68 63 80 75 68 55 63 64 87 73 61 67 67 63 54 63 73 68 69 77 65 68 66 73 52 73 71 47 60 55 51 66 65 60 62 54 66 68 51 62 67 59 58 52 65 55 52 47 43 47 53 56 51 52 56 60 47 52 59 57 55 54 54 48 49 54
91 69 93 81 78 84 83 88 91 86 80 74 87 74 76 76 73 82 88 78 71 73 75 69 74 70 74 78 68 77 60 78 76 62 74 67 63 70 73 68 69 75 69 66 62 59 68 75 60 62 54 66 54 69 68 60 57 54 66 54 59 61 57 47 61 58 51 54 54 63 63 54 66 65 53 61 51 60 60 47 53 61 50 53 68 51 47 44 52 54 52 63 50 57 55 40 53 53 49 49
94 73 77 79 75 71 77 82 83 72 82 81 70 89 75 87 86 78 73 69 79 82 62 71 67 66 78 78 80 65 71 63 63 61 57 64 69 59 71 69 54 62 59 78 75 60 68 50 50 60 64 67 61 59 68 66 68 54 64 70 62 58 68 58 63 51 59 61 61 59 61 56 56 55 45 64 57 51 58 56 47 49 60 59 48 55 54 51 49 51 44 67 56 46 45 56 50 53 59 55
89 88 104 80 92 92 83 85 85 72 81 92 84 75 84 78 80 69 88 74 88 66 76 59 71 72 61 72 64 74 76 75 69 54 74 79 64 71 77 70 77 55 64 74 68 61 79 61 68 58 62 63 59 54 60 52 45 69 62 63 50 73 60 58 54 51 65 58 70 60 59 63 53 45 59 54 59 52 54 50 57 61 53 45 48 52 53 52 53 51 58 52 50 51 58 54 51 59 58 56
96 74 88 77 79 71 73 90 66 74 64 77 97 95 81 86 88 88 80 78 78 61 68 81 69 69 86 73 73 83 69 78 76 77 71 55 67 71 69 69 62 52 66 68 71 69 65 63 60 59 52 72 63 67 58 56 68 60 52 61 69 60 51 64 66 64 60 48 60 74 63 52 62 55 62 62 60 44 58 50 65 61 51 52 52 53 58 56 51 46 49 53 47 50 59 53 51 58 41 44
92 84 77 81 98 79 79 74 76 86 78 93 75 76 80 86 61 71 86 79 76 68 70 77 84 88 67 79 79 68 56 66 79 78 73 61 74 71 79 70 71 65 70 70 68 63 73 67 71 51 65 58 57 67 54 60 62 55 63 69 62 64 71 66 55 55 62 62 54 54 54 49 62 61 50 48 55 60 47 52 58 70 62 65 52 53 51 58 60 52 64 59 48 58 47 59 62 50 45 52
89 75 81 86 85 69 83 97 72 88 67 107 72 60 90 84 73 92 75 78 74 88 75 91 64 74 67 81 63 75 78 67 75 66 67 68 70 65 62 70 58 60 77 74 64 71 68 73 67 64 56 57 61 66 60 56 54 56 57 58 58 57 59 58 60 53 53 51 63 49 67 56 59 57 71 57 55 50 61 57 66 64 57 53 56 63 49 55 57 54 39 53 55 45 62 40 44 43 51 52
68 82 96 78 91 79 94 86 79 75 77 77 80 85 74 75 84 74 79 71 85 71 77 85 70 85 60 68 77 71 61 75 66 77 65 70 72 72 84 56 69 68 68 62 64 69 68 66 73 67 62 63 57 66 65 58 57 60 57 58 66 58 53 55 60 60 66 61 55 50 54 58 56 62 51 57 55 59 50 50 51 46 62 64 52 52 58 49 57 46 47 40 47 52 60 48 47 51 44 53
87 95 92 83 76 83 85 81 75 84 100 77 65 80 83 79 76 71 69 71 81 86 74 83 84 58 69 79 81 74 65 80 76 60 72 66 73 72 67 73 58 79 66 68 54 61 54 64 65 66 57 64 58 50 54 67 59 63 62 59 59 48 60 59 61 56 51 58 60 59 55 64 61 45 61 62 48 65 53 55 60 53 51 51 51 59 53 57 63 52 52 53 64 55 48 41 57 64 54 53
72 70 104 66 84 99 84 72 90 75 79 91 88 75 82 79 67 76 71 57 69 71 71 85 80 69 63 89 77 70 78 64 70 68 74 72 60 54 73 83 72 64 68 56 58 68 69 57 68 70 66 53 62 55 54 61 62 62 54 76 67 58 56 68 63 57 62 50 53 46 45 67 56 57 46 57 55 47 59 48 68 63 54 44 52 56 51 57 45 47 62 47 48 55 56 55 47 46 60 54
86 80 94 96 67 84 90 78 81 82 75 88 75 92 69 71 80 73 96 83 70 76 80 71 78 90 66 61 60 74 72 76 58 61 68 69 71 58 58 59 75 66 51 73 59 73 67 60 61 60 60 68 55 63 70 63 50 62 65 62 70 65 70 60 78 59 60 55 71 54 52 66 67 52 56 48 55 48 49 56 63 48 52 52 57 53 54 52 45 64 58 48 69 52 59 55 53 52 54 54
100 75 94 98 78 99 83 72 81 89 89 84 90 67 74 57 81 73 70 78 83 76 75 66 76 59 74 74 57 81 73 58 64 68 68 80 67 58 74 73 74 70 54 61 66 81 67 56 50 57 68 53 60 70 66 65 53 51 57 68 67 61 48 53 50 68 65 54 58 72 65 63 50 51 56 49 52 56 58 65 63 60 47 62 65 60 54 51 53 54 56 54 61 58 50 54 43 38 46 46
82 85 85 59 74 74 61 81 81 72 74 77 94 83 72 82 69 76 75 58 70 81 75 73 73 96 78 70 71 69 65 78 63 73 77 76 72 72 61 70 61 69 79 80 75 68 65 61 70 67 70 67 61 62 57 60 61 66 62 56 59 67 57 55 65 63 63 52 62 56 47 49 56 57 57 48 68 57 62 61 54 54 50 57 58 53 44 56 49 48 53 58 55 60 50 53 49 61 54 45
77 108 85 84 87 70 86 74 83 63 89 93 88 76 73 78 67 83 67 80 73 86 84 57 68 73 72 64 77 81 77 65 65 64 62 73 66 61 57 67 59 67 64 73 67 70 59 64 65 60 66 76 67 53 63 66 68 59 60 55 74 72 58 69 70 48 56 52 67 56 44 58 49 54 57 58 63 53 62 44 62 53 58 53 62 44 60 46 59 56 65 48 60 44 54 45 58 41 46 44
83 99 73 82 83 82 90 86 90 83 100 73 73 67 73 85 62 78 62 73 56 71 76 83 84 59 74 77 71 63 70 81 64 63 82 71 77 64 73 65 70 61 46 64 69 69 57 68 78 70 56 68 76 53 67 61 68 68 56 49 57 54 50 51 56 72 57 66 67 60 63 58 60 56 61 57 54 55 51 53 58 57 57 58 62 47 53 53 45 57 48 42 48 42 46 60 57 47 57 60
94 84 95 86 81 74 95 97 94 69 82 79 68 81 74 77 78 88 79 73 80 70 96 67 75 75 67 80 60 64 74 65 71 71 89 76 71 64 62 76 76 69 57 72 71 64 64 73 79 72 62 75 64 73 60 62 72 61 62 57 62 53 54 68 56 60 62 62 58 59 59 45 67 57 58 59 56 54 54 64 54 51 53 63 57 54 53 54 55 57 52 51 54 58 49 60 44 50 52 51
94 92 82 74 85 87 93 81 80 78 83 75 91 74 67 73 85 76 69 78 70 74 75 59 66 77 67 64 69 63 71 65 78 72 66 68 78 60 59 61 59 65 66 73 72 73 69 70 57 62 54 64 57 51 55 65 56 50 64 67 61 45 65 64 64 65 51 59 53 58 59 62 62 60 56 49 54 58 56 59 52 42 51 63 52 41 52 53 54 49 49 48 39 55 56 55 49 45 56 47
85 78 90 88 84 89 77 83 98 80 85 78 72 79 69 72 68 68 71 82 88 60 76 73 64 85 78 64 80 75 81 76 67 73 73 88 85 60 71 63 67 67 59 77 66 70 60 64 62 60 61 66 67 68 70 66 68 54 70 57 60 59 63 55 63 67 52 60 74 57 57 72 63 55 65 61 53 58 60 58 65 56 63 60 51 52 50 40 47 51 52 47 50 46 63 46 52 46 43 43
80 91 95 86 93 84 81 88 88 70 70 85 75 95 87 87 72 76 70 76 78 81 81 79 75 67 92 87 68 73 70 63 84 66 73 60 65 63 63 70 64 61 57 59 66 62 67 50 76 64 65 67 53 63 67 64 68 61 58 63 57 65 67 50 71 59 58 61 60 66 64 50 53 56 49 50 55 57 64 69 60 75 51 58 49 60 50 45 49 57 59 50 55 49 57 47 54 50 47 45
96 82 97 84 75 92 93 81 87 89 71 91 75 89 67 87 93 76 80 75 79 74 79 72 62 65 65 68 86 65 69 71 76 73 68 76 66 67 68 61 61 65 71 74 58 61 62 66 59 58 64 76 74 56 55 54 62 53 64 56 57 61 59 52 62 65 59 53 51 61 53 55 52 51 56 50 57 56 52 57 59 51 55 59 67 55 53 52 54 48 59 47 47 57 51 58 49 49 43 45
83 94 97 88 101 84 96 83 79 71 77 70 82 89 76 76 71 78 75 74 80 76 73 80 85 74 71 89 78 65 71 76 68 77 69 66 77 51 77 58 61 84 66 87 61 73 61 61 57 60 69 59 61 66 61 66 53 56 69 57 65 57 58 63 68 51 64 50 60 58 59 58 48 57 57 63 55 52 60 60 55 59 57 70 52 51 53 57 52 52 56 59 57 56 54 55 51 57 52 51
64 72 84 94 87 70 89 88 84 94 91 80 81 67 81 80 90 80 84 67 65 72 78 72 71 89 72 65 83 71 60 69 70 79 74 71 72 68 57 54 70 61 57 86 62 69 61 78 67 66 74 64 67 69 62 77 73 60 64 76 61 59 50 58 65 63 70 46 55 61 59 55 49 60 49 60 70 59 50 69 53 61 52 63 48 52 59 55 57 56 51 53 53 48 56 47 53 56 59 53
90 91 92 84 75 86 78 94 77 78 88 91 80 73 84 76 73 64 74 71 80 73 72 73 65 75 67 70 80 69 74 63 79 78 76 72 60 78 64 66 68 63 76 57 66 69 59 64 59 58 63 57 63 76 60 66 65 53 56 56 60 55 54 70 68 65 53 70 50 52 61 45 64 61 60 52 54 62 52 55 51 58 48 51 58 53 47 52 59 50 55 59 46 54 44 42 61 55 55 53
94 80 84 83 78 92 92 84 79 77 88 69 79 83 78 92 90 70 79 76 74 80 73 73 80 82 74 74 73 72 72 72 77 71 71 56 62 68 68 81 77 62 62 66 67 62 59 64 60 70 57 53 62 56 62 54 69 53 76 54 60 68 58 54 64 56 59 47 54 70 64 51 53 61 69 56 48 36 54 62 50 59 54 68 51 58 50 56 47 53 53 61 56 48 58 60 52 57 57 54
84 80 113 83 83 70 75 92 74 75 83 66 73 85 89 74 83 66 83 76 82 67 61 68 72 74 67 85 75 91 77 64 65 71 75 81 75 91 64 72 68 73 68 62 70 64 61 76 68 67 69 64 66 63 68 61 55 62 59 67 53 53 53 53 46 59 71 61 67 55 46 54 70 67 63 59 67 56 53 63 61 51 68 61 56 62 56 65 60 59 61 66 67 51 59 65 48 50 49 51
74 91 95 67 82 95 88 60 77 92 79 116 80 67 76 80 82 84 72 82 71 75 58 65 62 73 58 74 67 62 77 70 75 68 76 67 63 66 86 68 72 80 71 61 71 62 64 71 61 56 65 73 58 58 70 54 70 55 59 52 70 57 56 52 51 55 68 66 57 47 64 51 77 54 62 54 53 48 49 65 60 57 50 55 65 56 42 55 54 48 49 51 52 62 58 57 51 49 50 51
96 105 87 93 80 73 77 94 86 88 89 85 76 84 86 79 81 64 66 81 71 86 74 79 78 74 83 69 60 74 63 65 76 55 66 66 75 64 69 76 66 80 72 73 71 68 60 60 65 67 70 66 63 50 48 60 55 63 68 63 54 67 61 54 65 61 63 57 59 51 77 64 60 53 60 66 49 62 63 47 60 56 47 51 51 56 54 58 60 62 44 59 55 68 45 55 55 51 61 49
85 108 82 96 95 82 88 85 73 93 78 83 73 85 60 75 83 74 73 73 72 64 81 80 84 80 63 78 67 74 71 71 68 75 77 71 76 71 69 67 69 57 65 70 64 68 71 66 56 55 66 68 66 62 73 56 63 60 55 58 64 55 68 51 60 59 53 65 64 53 66 67 61 59 61 51 53 46 54 61 64 52 63 60 54 54 58 52 55 44 51 48 55 54 50 53 54 51 52 50
95 86 93 87 80 88 86 79 72 79 83 79 65 76 82 89 90 70 78 73 92 76 63 75 69 75 73 80 58 71 68 65 63 84 76 69 66 58 64 71 81 65 71 77 68 65 74 67 71 61 57 59 67 63 55 43 64 74 59 65 54 59 73 66 53 59 50 53 60 63 52 52 52 71 62 62 61 53 53 58 53 59 52 51 62 46 57 64 55 58 46 59 55 50 47 61 64 49 58 51
98 90 81 81 97 71 82 75 81 91 71 88 78 98 76 81 88 80 71 76 78 77 66 77 68 78 69 76 78 66 83 67 70 78 61 79 68 62 64 64 61 76 61 76 66 76 75 75 62 73 55 63 63 58 67 67 69 64 68 71 57 72 65 57 67 56 55 58 53 58 68 57 53 51 52 54 63 61 58 55 64 53 60 60 57 62 46 62 59 59 66 60 54 59 42 44 60 50 50 50
90 82 91 90 88 84 77 100 98 78 96 89 81 89 57 90 79 84 73 88 71 87 63 73 81 79 76 83 77 80 63 68 80 70 69 60 75 69 77 64 80 68 65 90 64 57 58 59 64 70 61 63 55 65 46 63 59 64 85 66 68 61 67 66 61 66 72 55 45 57 51 65 58 66 58 59 49 69 60 51 57 56 65 54 49 57 43 52 54 49 54 64 61 54 54 50 49 54 57 55
104 78 92 100 90 78 78 84 74 108 83 77 88 66 70 79 64 79 78 71 74 65 84 85 66 74 73 67 71 74 79 79 81 68 64 57 65 60 69 61 72 76 75 76 67 63 73 65 78 69 69 72 78 52 74 69 62 70 61 48 65 65 70 56 60 75 64 55 53 59 63 64 56 62 58 53 57 57 63 57 54 64 61 57 64 51 49 59 61 59 45 66 57 50 53 65 47 52 48 42
87 98 73 78 85 94 89 98 83 115 69 75 91 77 75 90 75 87 76 81 86 79 73 81 73 87 60 74 83 62 86 72 83 72 89 57 65 68 82 71 67 69 69 73 79 65 67 68 60 64 58 60 63 55 67 51 59 63 65 81 65 66 62 63 60 58 78 51 62 54 54 56 59 55 48 62 54 52 56 52 65 60 52 60 50 49 44 62 48 60 50 59 51 52 56 52 48 45 47 61
95 74 86 93 91 70 91 80 86 98 72 78 81 69 69 88 85 67 76 90 60 83 68 85 81 69 91 81 67 82 63 58 68 72 93 68 78 77 67 67 69 60 80 75 72 76 58 66 67 71 61 62 60 77 57 67 45 56 53 65 67 55 69 59 67 69 68 64 59 60 51 54 59 64 55 65 57 68 59 58 68 54 57 50 48 60 58 48 56 59 59 52 55 54 53 49 50 65 51 46
101 96 83 92 85 95 82 84 78 91 87 88 83 71 96 71 100 81 74 86 71 79 72 83 65 77 73 72 71 69 72 59 68 62 70 75 67 72 67 70 76 88 78 62 66 59 63 77 72 75 67 66 57 62 60 63 60 48 59 74 57 54 61 67 62 69 58 56 61 51 59 52 60 59 56 65 64 66 61 43 48 45 44 49 53 52 61 47 62 42 64 57 61 50 53 36 44 52 55 53
95 106 76 77 88 99 78 78 78 65 87 74 71 84 97 71 93 60 65 85 74 79 75 78 75 80 90 77 69 67 64 82 74 90 64 57 74 66 73 68 71 75 63 76 57 78 64 74 71 77 81 63 66 62 67 74 69 61 83 60 61 73 58 69 60 57 58 70 60 55 64 53 67 57 52 53 65 63 51 54 61 63 59 52 59 57 47 45 60 54 53 54 57 52 47 60 46 50 49 57
88 71 92 72 81 89 95 81 91 98 90 110 82 86 69 76 79 81 77 91 72 64 88 85 69 70 78 63 88 76 85 62 68 72 75 62 89 72 64 81 68 58 61 66 55 76 58 64 66 67 67 73 61 75 62 68 73 63 48 51 66 80 62 51 60 55 52 65 57 60 52 61 61 67 63 56 54 52 50 59 60 57 45 58 55 51 55 49 56 49 62 60 67 47 53 58 64 58 49 48
79 65 94 81 73 89 115 99 71 76 77 83 91 96 79 89 66 83 86 73 82 58 76 78 64 63 82 69 71 88 72 87 75 70 77 68 73 78 78 79 61 86 74 64 67 74 75 76 69 69 57 72 75 74 72 58 66 72 64 56 62 76 64 61 65 51 65 56 60 69 56 56 59 62 50 50 66 55 47 46 59 62 51 58 65 45 57 48 49 47 58 55 51 39 58 58 54 64 56 55
101 72 106 84 84 98 93 75 82 83 80 81 81 85 82 90 81 94 61 88 69 89 89 63 69 64 77 74 79 84 80 65 85 75 67 73 77 65 65 58 73 63 59 68 60 64 66 66 67 56 74 67 61 56 75 60 64 74 64 72 77 56 57 56 55 68 72 70 54 51 54 61 50 56 79 58 54 66 65 48 63 61 62 67 61 60 55 51 64 65 54 58 54 50 56 56 50 58 47 67
96 86 79 91 89 81 90 85 88 85 68 81 75 93 88 85 84 97 80 82 77 70 75 68 70 82 78 68 85 69 69 68 78 73 71 69 82 80 75 68 65 73 76 65 71 66 65 75 62 78 65 78 67 67 59 51 67 71 58 60 59 55 60 63 65 63 62 65 64 55 61 68 61 57 66 52 56 59 62 59 57 69 54 56 41 54 54 49 52 49 52 62 53 49 59 57 55 55 54 50
78 107 100 75 85 100 76 96 104 98 76 81 73 77 77 84 71 81 72 76 72 79 79 81 73 68 66 82 84 63 81 86 69 81 74 78 75 61 77 71 76 62 79 74 83 62 64 80 66 52 68 77 66 62 57 65 76 71 65 61 60 60 69 54 61 68 62 57 61 70 66 68 63 45 65 61 55 69 58 55 72 56 56 55 59 59 55 60 52 53 60 50 57 52 55 53 48 58 52 52
79 87 89 84 91 101 79 99 66 97 75 68 105 87 86 87 85 82 79 91 102 73 80 81 71 65 87 66 88 77 91 84 80 66 76 73 74 69 75 53 66 67 79 72 70 87 80 64 76 93 68 68 65 56 64 58 70 64 55 59 63 65 66 51 65 61 57 53 65 50 68 79 67 61 58 75 64 59 61 54 60 69 60 58 52 69 60 57 48 61 57 59 71 63 56 57 54 60 66 49
76 77 87 98 87 76 89 91 87 81 75 91 73 87 72 77 92 78 78 92 84 78 78 67 78 89 83 70 87 77 83 71 68 74 84 82 84 72 67 83 71 70 77 77 75 72 66 69 74 68 71 58 70 72 78 54 68 61 71 64 70 59 50 59 63 63 61 57 65 56 65 52 55 71 54 47 58 50 65 63 53 58 66 51 53 67 57 61 56 61 50 53 70 48 53 57 54 52 54 56
88 100 95 112 97 83 79 78 94 86 79 94 87 87 75 80 64 89 72 88 83 82 94 86 67 80 81 75 83 61 90 75 67 84 74 77 77 66 69 74 84 71 70 67 74 83 59 85 68 75 65 74 63 80 67 68 67 73 66 75 63 64 61 76 63 66 57 65 70 68 71 66 68 52 66 63 61 61 58 51 60 53 60 56 63 62 60 60 57 63 55 65 59 51 51 54 55 61 59 58
108 119 100 101 85 110 80 99 94 90 102 84 84 94 88 77 93 94 78 113 86 70 80 89 80 91 72 81 75 67 83 66 89 71 83 70 77 75 76 70 72 87 81 63 76 67 63 67 66 64 68 69 75 63 71 74 71 62 61 61 64 82 70 68 75 69 68 60 60 54 70 74 48 67 70 62 55 59 56 52 65 47 73 64 58 63 64 61 74 53 46 58 63 46 55 45 47 71 51 61
102 118 82 94 97 90 111 95 98 86 107 84 81 107 78 96 88 106 77 83 86 83 77 79 87 68 82 69 86 78 75 84 77 86 87 64 83 77 78 82 82 71 57 77 74 71 63 62 78 68 68 61 75 81 73 70 68 73 58 61 63 74 67 63 64 63 71 56 50 65 61 59 67 64 68 63 57 65 59 51 74 57 74 51 55 62 65 52 49 53 53 59 54 58 60 64 51 51 57 53
94 108 99 85 93 106 102 84 104 77 91 71 108 97 99 86 91 79 90 90 79 78 77 92 87 91 86 72 82 81 91 50 76 92 77 84 70 67 78 58 73 73 76 73 83 73 77 73 56 64 77 51 78 80 61 67 63 60 71 69 81 64 67 61 64 57 65 75 79 46 70 63 76 67 69 59 62 60 63 60 61 66 58 60 52 56 59 73 55 58 50 62 60 56 66 59 63 45 57 58
90 98 81 101 111 101 109 104 93 90 98 87 94 98 90 117 94 91 74 84 89 79 88 72 99 81 81 91 78 94 70 89 81 82 85 82 80 76 64 63 65 77 83 75 79 72 89 74 61 72 83 78 78 81 73 80 64 77 75 71 76 65 77 66 65 81 70 61 76 65 63 69 63 58 56 71 62 65 73 54 61 70 65 73 69 68 53 60 61 66 63 58 56 61 51 52 59 54 54 64
83 92 91 103 106 93 99 92 115 105 97 100 94 100 99 99 100 94 90 101 98 83 88 74 101 95 75 79 91 85 75 83 92 84 80 85 79 82 85 69 80 65 82 83 78 71 72 77 76 57 64 80 75 77 79 77 75 79 65 68 73 64 63 74 65 77 77 56 76 74 59 77 80 71 60 62 58 67 68 61 60 60 65 80 62 61 60 51 62 69 61 53 71 60 66 56 59 52 50 64
117 134 113 107 120 82 96 102 101 82 86 99 122 96 98 101 115 95 93 78 94 116 91 99 92 77 93 81 86 99 83 97 92 92 75 88 88 77 93 91 98 71 85 87 84 92 77 91 86 73 74 68 78 81 91 82 83 65 87 68 67 77 71 76 74 72 64 58 66 57 76 85 77 76 67 70 71 66 66 74 66 69 61 54 63 53 66 64 68 67 68 59 52 60 60 54 64 63 61 63
126 120 109 109 81 120 122 120 119 115 124 139 122 105 103 122 131 95 113 90 118 102 102 101 94 99 102 84 97 81 96 104 89 86 105 92 90 90 94 92 85 97 86 80 67 83 87 73 102 79 80 77 76 87 88 75 73 86 92 84 71 69 65 81 87 97 75 75 72 74 91 73 79 66 77 77 75 69 55 71 61 76 86 71 72 82 85 74 68 67 70 58 62 66 70 60 71 62 64 63
128 140 134 123 146 128 128 113 126 116 167 138 130 120 131 111 118 137 134 113 122 119 108 127 104 102 110 116 110 106 119 113 111 111 99 108 100 106 99 114 122 106 117 126 107 90 109 113 112 94 110 73 89 97 103 92 63 77 87 92 100 87 92 79 93 92 96 98 93 80 74 109 91 78 78 82 74 85 92 96 93 67 78 91 89 75 83 96 82 79 96 75 90 79 83 75 66 78 72 85
215 215 202 209 202 169 212 203 199 217 185 195 170 206 176 149 181 162 190 212 183 195 173 165 141 176 173 154 166 151 170 116 125 152 194 159 167 183 147 156 156 151 137 165 153 177 147 136 164 123 148 162 167 145 158 161 168 159 147 128 108 129 163 142 155 122 146 127 151 125 149 134 144 129 120 91 121 131 104 112 129 148 131 129 115 114 123 135 109 111 113 115 102 108 127 120 102 120 110 108
