99 92 81 114 105 102 83 107 77 106 105 103 106 89 91 122 95 118 99 104 87 93 99 111 83 91 85 90 87 81 77 76 66 68 62 44 37 27 27 11 13 10 11 8 7 7 5 4 4 3 3 2 1 0 0 0 0 0 0 0 0 0 0 0 0 0 0 0 0 0 0 0 0 0 0 0 0 0 0 0 0 0 0 0 0 0 0 0 0 0 0 0 0 0 0 0 0 0 0 0
100 94 103 115 88 99 88 91 100 113 99 104 107 108 92 108 118 94 106 91 95 94 99 112 97 99 77 101 95 89 75 70 77 64 56 36 36 28 25 13 11 11 8 9 8 8 7 5 5 4 2 2 1 0 0 0 0 0 0 0 0 0 0 0 0 0 0 0 0 0 0 0 0 0 0 0 0 0 0 0 0 0 0 0 0 0 0 0 0 0 0 0 0 0 0 0 0 0 0 0
96 92 111 87 91 101 97 91 101 98 95 109 103 113 108 91 108 100 101 123 95 92 102 112 88 101 87 96 95 84 82 88 61 63 63 45 43 29 20 15 14 9 8 8 6 7 6 4 4 3 3 1 1 0 0 0 0 0 0 0 0 0 0 0 0 0 0 0 0 0 0 0 0 0 0 0 0 0 0 0 0 0 0 0 0 0 0 0 0 0 0 0 0 0 0 0 0 0 0 0
85 86 90 108 98 109 113 101 95 120 88 101 95 108 110 119 107 95 87 105 91 112 89 105 109 100 99 80 101 87 76 70 67 69 56 49 37 33 28 15 17 11 12 9 7 7 7 4 4 3 3 2 1 0 0 0 0 0 0 0 0 0 0 0 0 0 0 0 0 0 0 0 0 0 0 0 0 0 0 0 0 0 0 0 0 0 0 0 0 0 0 0 0 0 0 0 0 0 0 0
103 90 73 100 79 123 95 97 101 97 110 99 103 95 102 102 120 105 101 103 107 102 121 111 99 117 108 88 76 86 87 73 81 62 61 46 46 26 27 18 13 10 9 9 7 8 4 6 3 2 2 2 1 0 0 0 0 0 0 0 0 0 0 0 0 0 0 0 0 0 0 0 0 0 0 0 0 0 0 0 0 0 0 0 0 0 0 0 0 0 0 0 0 0 0 0 0 0 0 0
104 92 97 118 107 104 101 100 91 93 127 84 126 116 135 103 79 90 108 90 112 102 93 121 122 109 108 106 97 94 95 83 72 67 56 48 46 37 27 18 19 10 9 7 9 6 5 5 5 4 3 1 1 0 0 0 0 0 0 0 0 0 0 0 0 0 0 0 0 0 0 0 0 0 0 0 0 0 0 0 0 0 0 0 0 0 0 0 0 0 0 0 0 0 0 0 0 0 0 0
87 87 100 99 109 95 92 121 98 112 106 105 107 110 110 111 127 112 109 102 120 119 119 102 105 114 95 97 106 102 89 74 76 78 59 54 49 32 31 16 18 12 10 7 7 6 6 6 5 4 3 2 1 0 0 0 0 0 0 0 0 0 0 0 0 0 0 0 0 0 0 0 0 0 0 0 0 0 0 0 0 0 0 0 0 0 0 0 0 0 0 0 0 0 0 0 0 0 0 0
107 90 99 100 105 127 90 99 102 107 122 118 116 103 95 102 107 101 110 112 127 99 110 111 104 96 110 98 95 83 86 84 82 71 56 48 47 46 33 14 18 13 10 8 8 6 5 5 5 3 3 2 1 0 0 0 0 0 0 0 0 0 0 0 0 0 0 0 0 0 0 0 0 0 0 0 0 0 0 0 0 0 0 0 0 0 0 0 0 0 0 0 0 0 0 0 0 0 0 0
103 99 133 87 107 116 98 113 107 118 116 106 102 110 123 122 111 120 140 125 121 107 105 108 103 116 92 102 107 95 81 85 72 82 63 56 47 36 27 27 11 17 8 7 7 7 6 5 5 4 2 2 1 0 0 0 0 0 0 0 0 0 0 0 0 0 0 0 0 0 0 0 0 0 0 0 0 0 0 0 0 0 0 0 0 0 0 0 0 0 0 0 0 0 0 0 0 0 0 0
97 97 104 93 94 91 91 105 106 124 119 96 114 117 128 119 100 121 120 109 116 101 119 107 112 134 106 98 99 103 95 91 78 77 73 54 52 35 34 30 18 12 9 8 7 6 7 4 4 3 3 1 1 0 0 0 0 0 0 0 0 0 0 0 0 0 0 0 0 0 0 0 0 0 0 0 0 0 0 0 0 0 0 0 0 0 0 0 0 0 0 0 0 0 0 0 0 0 0 0
102 99 79 116 97 84 102 107 119 127 125 95 118 93 118 123 125 107 106 121 114 112 102 108 110 116 95 117 103 106 96 88 92 90 71 54 48 35 30 24 19 14 9 8 9 7 4 5 5 3 3 2 1 0 0 0 0 0 0 0 0 0 0 0 0 0 0 0 0 0 0 0 0 0 0 0 0 0 0 0 0 0 0 0 0 0 0 0 0 0 0 0 0 0 0 0 0 0 0 0
102 103 93 114 113 98 117 95 108 100 127 116 99 107 111 134 133 135 105 129 127 138 114 123 112 113 93 96 112 93 98 80 97 81 79 60 54 45 37 21 17 10 9 9 8 6 7 4 5 4 3 1 1 0 0 0 0 0 0 0 0 0 0 0 0 0 0 0 0 0 0 0 0 0 0 0 0 0 0 0 0 0 0 0 0 0 0 0 0 0 0 0 0 0 0 0 0 0 0 0
102 101 110 97 98 112 106 104 119 88 80 109 122 108 117 113 94 127 124 126 109 121 114 110 119 108 125 124 95 101 91 98 88 69 76 66 53 51 38 28 23 14 9 8 8 6 4 5 4 3 3 2 1 0 0 0 0 0 0 0 0 0 0 0 0 0 0 0 0 0 0 0 0 0 0 0 0 0 0 0 0 0 0 0 0 0 0 0 0 0 0 0 0 0 0 0 0 0 0 0
88 92 128 116 118 120 132 102 134 103 105 123 110 96 127 151 121 126 119 119 122 117 107 106 118 117 136 122 110 117 102 101 94 92 81 61 68 39 37 35 19 13 10 12 8 6 6 5 5 3 3 2 1 0 0 0 0 0 0 0 0 0 0 0 0 0 0 0 0 0 0 0 0 0 0 0 0 0 0 0 0 0 0 0 0 0 0 0 0 0 0 0 0 0 0 0 0 0 0 0
87 128 77 107 107 108 106 119 118 114 110 112 112 118 127 111 121 113 136 115 131 137 146 121 116 110 121 101 109 118 95 98 105 78 75 69 63 47 35 27 17 14 11 9 7 7 5 5 5 3 2 2 1 0 0 0 0 0 0 0 0 0 0 0 0 0 0 0 0 0 0 0 0 0 0 0 0 0 0 0 0 0 0 0 0 0 0 0 0 0 0 0 0 0 0 0 0 0 0 0
101 116 87 94 123 115 108 104 127 101 142 106 120 123 112 131 102 127 113 129 124 137 126 126 111 119 123 111 107 98 92 102 84 88 94 69 57 51 38 30 26 17 10 9 9 7 5 5 4 3 3 2 1 0 0 0 0 0 0 0 0 0 0 0 0 0 0 0 0 0 0 0 0 0 0 0 0 0 0 0 0 0 0 0 0 0 0 0 0 0 0 0 0 0 0 0 0 0 0 0
102 115 104 119 84 139 111 99 113 138 129 128 120 114 123 103 141 110 147 138 123 119 118 131 131 133 121 115 120 100 106 116 95 96 79 71 60 62 47 29 23 13 11 10 9 8 7 6 5 3 3 2 1 0 0 0 0 0 0 0 0 0 0 0 0 0 0 0 0 0 0 0 0 0 0 0 0 0 0 0 0 0 0 0 0 0 0 0 0 0 0 0 0 0 0 0 0 0 0 0
101 102 109 111 97 98 132 110 141 130 127 107 110 120 130 143 128 142 129 123 141 125 121 122 128 119 129 121 132 106 96 119 92 98 88 81 73 55 40 35 30 13 13 10 8 6 6 5 5 4 2 2 1 0 0 0 0 0 0 0 0 0 0 0 0 0 0 0 0 0 0 0 0 0 0 0 0 0 0 0 0 0 0 0 0 0 0 0 0 0 0 0 0 0 0 0 0 0 0 0
105 105 122 111 127 109 103 124 120 117 117 123 131 125 139 149 146 128 154 120 129 134 139 126 137 138 130 137 126 108 116 122 95 91 78 83 78 55 54 35 25 16 16 9 8 6 6 5 4 4 2 1 1 0 0 0 0 0 0 0 0 0 0 0 0 0 0 0 0 0 0 0 0 0 0 0 0 0 0 0 0 0 0 0 0 0 0 0 0 0 0 0 0 0 0 0 0 0 0 0
119 120 106 122 108 108 132 116 119 132 127 135 132 128 107 117 130 130 124 128 135 119 128 125 137 119 126 118 117 97 112 111 109 96 90 74 77 54 43 42 32 22 9 10 6 6 7 6 3 4 2 2 1 0 0 0 0 0 0 0 0 0 0 0 0 0 0 0 0 0 0 0 0 0 0 0 0 0 0 0 0 0 0 0 0 0 0 0 0 0 0 0 0 0 0 0 0 0 0 0
104 108 135 115 123 128 124 117 133 132 123 121 120 130 132 121 126 154 136 123 136 149 142 152 131 138 137 125 116 126 122 118 120 94 102 87 74 75 53 41 27 26 18 11 8 7 7 5 4 3 3 2 1 0 0 0 0 0 0 0 0 0 0 0 0 0 0 0 0 0 0 0 0 0 0 0 0 0 0 0 0 0 0 0 0 0 0 0 0 0 0 0 0 0 0 0 0 0 0 0
112 116 125 104 104 121 122 114 120 136 137 137 129 128 131 117 121 106 132 155 139 129 125 133 141 138 118 128 109 120 127 115 102 92 78 90 67 61 49 40 30 23 13 9 8 6 6 6 4 4 2 2 1 0 0 0 0 0 0 0 0 0 0 0 0 0 0 0 0 0 0 0 0 0 0 0 0 0 0 0 0 0 0 0 0 0 0 0 0 0 0 0 0 0 0 0 0 0 0 0
116 116 141 132 121 113 135 110 114 147 127 143 118 134 122 149 137 147 131 127 125 128 144 142 149 129 121 106 134 125 118 119 131 99 91 83 71 60 51 31 30 27 15 10 9 6 6 5 4 4 2 2 1 0 0 0 0 0 0 0 0 0 0 0 0 0 0 0 0 0 0 0 0 0 0 0 0 0 0 0 0 0 0 0 0 0 0 0 0 0 0 0 0 0 0 0 0 0 0 0
111 95 125 107 108 128 126 95 118 144 134 133 137 124 141 129 140 138 135 141 138 141 113 119 115 140 128 142 121 103 102 107 112 122 94 85 91 71 61 46 33 29 18 15 8 8 6 6 5 4 2 2 1 0 0 0 0 0 0 0 0 0 0 0 0 0 0 0 0 0 0 0 0 0 0 0 0 0 0 0 0 0 0 0 0 0 0 0 0 0 0 0 0 0 0 0 0 0 0 0
143 119 127 115 120 114 117 127 117 140 158 107 159 141 141 135 121 125 156 120 142 121 133 158 142 136 142 135 154 123 127 138 130 110 100 76 85 61 49 46 44 35 17 11 8 7 6 5 5 3 2 2 1 0 0 0 0 0 0 0 0 0 0 0 0 0 0 0 0 0 0 0 0 0 0 0 0 0 0 0 0 0 0 0 0 0 0 0 0 0 0 0 0 0 0 0 0 0 0 0
91 113 112 129 122 127 114 130 137 141 134 119 142 136 118 137 139 143 146 156 149 138 151 151 141 150 128 133 128 128 118 122 108 114 97 99 86 69 62 52 31 29 18 14 8 7 6 6 5 4 3 2 1 0 0 0 0 0 0 0 0 0 0 0 0 0 0 0 0 0 0 0 0 0 0 0 0 0 0 0 0 0 0 0 0 0 0 0 0 0 0 0 0 0 0 0 0 0 0 0
99 94 106 114 131 130 126 130 124 129 121 147 110 125 146 132 167 132 158 154 139 171 160 142 154 137 159 133 126 138 123 124 128 113 102 93 76 82 56 60 43 39 15 12 9 7 6 6 4 4 2 2 1 0 0 0 0 0 0 0 0 0 0 0 0 0 0 0 0 0 0 0 0 0 0 0 0 0 0 0 0 0 0 0 0 0 0 0 0 0 0 0 0 0 0 0 0 0 0 0
131 133 122 136 128 115 114 129 139 113 148 151 131 152 154 153 157 160 153 131 141 149 158 146 142 127 128 170 137 132 149 140 113 115 107 89 103 83 66 53 44 37 23 12 11 7 7 5 4 4 3 2 1 0 0 0 0 0 0 0 0 0 0 0 0 0 0 0 0 0 0 0 0 0 0 0 0 0 0 0 0 0 0 0 0 0 0 0 0 0 0 0 0 0 0 0 0 0 0 0
117 111 98 141 141 132 127 130 154 123 112 130 137 143 135 132 123 151 134 161 159 164 159 150 164 141 139 147 130 129 138 145 111 118 103 92 85 80 63 53 51 34 29 13 9 7 7 5 4 3 3 2 1 0 0 0 0 0 0 0 0 0 0 0 0 0 0 0 0 0 0 0 0 0 0 0 0 0 0 0 0 0 0 0 0 0 0 0 0 0 0 0 0 0 0 0 0 0 0 0
122 137 121 126 133 121 115 127 130 134 134 120 138 118 163 161 161 155 153 138 129 151 165 143 154 151 154 146 154 145 138 138 120 127 91 108 92 92 71 59 51 51 23 16 9 10 6 7 6 3 3 2 1 0 0 0 0 0 0 0 0 0 0 0 0 0 0 0 0 0 0 0 0 0 0 0 0 0 0 0 0 0 0 0 0 0 0 0 0 0 0 0 0 0 0 0 0 0 0 0
117 134 119 152 116 142 132 148 136 134 137 165 140 150 149 157 137 180 152 157 151 148 140 154 162 135 149 140 146 135 141 136 133 138 121 103 100 83 76 57 51 36 27 21 11 9 6 5 4 3 2 2 1 0 0 0 0 0 0 0 0 0 0 0 0 0 0 0 0 0 0 0 0 0 0 0 0 0 0 0 0 0 0 0 0 0 0 0 0 0 0 0 0 0 0 0 0 0 0 0
146 134 125 122 116 122 125 122 142 147 128 139 132 154 140 195 171 154 162 155 149 141 164 157 160 148 137 158 138 145 150 129 145 123 123 90 110 77 76 73 60 44 24 26 14 10 6 5 4 4 3 2 1 0 0 0 0 0 0 0 0 0 0 0 0 0 0 0 0 0 0 0 0 0 0 0 0 0 0 0 0 0 0 0 0 0 0 0 0 0 0 0 0 0 0 0 0 0 0 0
125 155 131 149 124 148 146 129 145 152 132 155 147 147 140 160 159 160 149 161 190 157 161 145 169 165 153 157 172 127 150 134 144 128 124 104 100 85 82 65 56 44 29 23 10 9 7 5 5 3 3 2 1 0 0 0 0 0 0 0 0 0 0 0 0 0 0 0 0 0 0 0 0 0 0 0 0 0 0 0 0 0 0 0 0 0 0 0 0 0 0 0 0 0 0 0 0 0 0 0
113 129 113 152 136 125 151 117 132 152 145 169 170 156 182 152 157 151 163 168 188 135 179 173 149 178 156 172 131 169 128 147 136 113 118 101 108 88 80 74 61 44 30 22 12 6 6 5 5 3 3 1 1 0 0 0 0 0 0 0 0 0 0 0 0 0 0 0 0 0 0 0 0 0 0 0 0 0 0 0 0 0 0 0 0 0 0 0 0 0 0 0 0 0 0 0 0 0 0 0
118 141 118 128 134 120 136 144 144 173 138 190 161 149 159 161 136 174 164 172 152 133 184 169 170 167 157 164 148 147 146 144 135 138 122 111 90 103 84 75 60 42 39 25 16 8 8 4 5 3 2 2 1 0 0 0 0 0 0 0 0 0 0 0 0 0 0 0 0 0 0 0 0 0 0 0 0 0 0 0 0 0 0 0 0 0 0 0 0 0 0 0 0 0 0 0 0 0 0 0
130 115 153 134 141 126 146 138 163 164 152 148 161 156 165 152 179 186 155 178 184 151 175 157 170 152 170 166 159 155 139 140 156 145 128 102 104 105 77 81 55 62 35 32 14 8 6 5 5 3 3 2 1 0 0 0 0 0 0 0 0 0 0 0 0 0 0 0 0 0 0 0 0 0 0 0 0 0 0 0 0 0 0 0 0 0 0 0 0 0 0 0 0 0 0 0 0 0 0 0
106 145 129 136 118 151 146 160 141 166 147 170 144 138 178 139 172 145 167 179 183 148 163 160 186 172 162 153 179 123 151 136 146 128 140 116 107 103 93 76 61 48 40 27 18 10 8 5 4 4 3 2 1 0 0 0 0 0 0 0 0 0 0 0 0 0 0 0 0 0 0 0 0 0 0 0 0 0 0 0 0 0 0 0 0 0 0 0 0 0 0 0 0 0 0 0 0 0 0 0
128 130 112 138 142 129 160 142 158 132 165 153 164 150 159 165 182 178 195 185 158 179 163 164 152 180 159 155 164 168 174 164 134 145 115 105 108 92 88 86 65 56 39 21 20 11 7 5 4 4 3 1 1 0 0 0 0 0 0 0 0 0 0 0 0 0 0 0 0 0 0 0 0 0 0 0 0 0 0 0 0 0 0 0 0 0 0 0 0 0 0 0 0 0 0 0 0 0 0 0
152 148 128 132 161 126 129 141 144 148 141 150 145 161 131 155 179 189 166 175 175 145 159 177 161 168 158 158 160 161 165 147 138 138 144 138 124 104 89 90 77 52 36 37 16 12 7 6 3 4 3 2 1 0 0 0 0 0 0 0 0 0 0 0 0 0 0 0 0 0 0 0 0 0 0 0 0 0 0 0 0 0 0 0 0 0 0 0 0 0 0 0 0 0 0 0 0 0 0 0
152 153 115 154 145 150 142 144 176 127 166 180 160 191 175 191 189 163 176 176 162 167 154 193 202 172 156 147 160 184 145 158 150 143 138 126 124 103 98 73 76 58 49 30 24 13 9 5 4 4 2 2 1 0 0 0 0 0 0 0 0 0 0 0 0 0 0 0 0 0 0 0 0 0 0 0 0 0 0 0 0 0 0 0 0 0 0 0 0 0 0 0 0 0 0 0 0 0 0 0
149 147 152 133 154 124 161 142 186 183 161 181 156 167 164 161 189 199 178 191 190 165 162 183 193 179 196 165 174 169 177 145 172 129 152 123 118 117 105 94 68 71 56 34 23 13 7 5 4 3 3 2 1 0 0 0 0 0 0 0 0 0 0 0 0 0 0 0 0 0 0 0 0 0 0 0 0 0 0 0 0 0 0 0 0 0 0 0 0 0 0 0 0 0 0 0 0 0 0 0
142 145 123 145 132 154 167 156 162 145 148 164 152 124 149 170 181 194 190 180 226 175 170 207 197 164 177 165 186 161 164 174 146 160 144 143 115 112 112 92 78 62 51 45 27 13 6 6 4 4 2 2 1 0 0 0 0 0 0 0 0 0 0 0 0 0 0 0 0 0 0 0 0 0 0 0 0 0 0 0 0 0 0 0 0 0 0 0 0 0 0 0 0 0 0 0 0 0 0 0
148 150 142 147 161 153 169 155 169 161 149 182 164 140 154 197 193 178 167 182 175 199 182 181 146 188 173 166 173 176 182 169 157 157 140 128 132 116 129 91 77 87 54 43 27 16 8 7 6 3 2 2 1 0 0 0 0 0 0 0 0 0 0 0 0 0 0 0 0 0 0 0 0 0 0 0 0 0 0 0 0 0 0 0 0 0 0 0 0 0 0 0 0 0 0 0 0 0 0 0
123 147 152 156 139 155 175 165 147 165 166 156 151 198 157 144 179 168 207 182 168 193 172 162 193 167 202 160 168 161 189 171 151 180 153 151 128 118 100 97 96 79 62 46 26 14 8 7 5 3 3 2 1 0 0 0 0 0 0 0 0 0 0 0 0 0 0 0 0 0 0 0 0 0 0 0 0 0 0 0 0 0 0 0 0 0 0 0 0 0 0 0 0 0 0 0 0 0 0 0
134 148 142 162 143 151 168 124 153 155 166 174 200 169 153 178 170 192 148 175 191 197 185 181 177 207 203 183 193 194 193 166 171 166 130 134 147 120 102 104 88 77 65 44 30 24 9 5 4 3 2 2 1 0 0 0 0 0 0 0 0 0 0 0 0 0 0 0 0 0 0 0 0 0 0 0 0 0 0 0 0 0 0 0 0 0 0 0 0 0 0 0 0 0 0 0 0 0 0 0
136 147 153 138 158 135 178 186 188 165 183 185 177 188 174 199 219 185 184 153 164 205 186 189 180 188 189 177 162 192 154 156 196 176 155 150 144 134 120 113 105 73 52 49 37 28 8 6 4 4 2 2 1 0 0 0 0 0 0 0 0 0 0 0 0 0 0 0 0 0 0 0 0 0 0 0 0 0 0 0 0 0 0 0 0 0 0 0 0 0 0 0 0 0 0 0 0 0 0 0
173 152 177 141 177 137 147 184 170 192 191 219 159 167 193 150 153 190 190 164 195 183 183 184 189 189 211 202 209 183 164 174 164 145 162 141 136 112 117 110 93 82 69 51 39 26 11 5 5 4 2 1 1 0 0 0 0 0 0 0 0 0 0 0 0 0 0 0 0 0 0 0 0 0 0 0 0 0 0 0 0 0 0 0 0 0 0 0 0 0 0 0 0 0 0 0 0 0 0 0
154 127 178 139 148 156 171 170 192 170 169 191 195 178 202 194 216 209 203 180 195 191 196 193 198 208 200 209 185 191 178 179 172 158 161 165 137 117 120 121 98 92 80 60 40 21 14 8 5 3 3 2 1 0 0 0 0 0 0 0 0 0 0 0 0 0 0 0 0 0 0 0 0 0 0 0 0 0 0 0 0 0 0 0 0 0 0 0 0 0 0 0 0 0 0 0 0 0 0 0
149 152 134 167 176 153 172 145 181 195 188 167 187 197 203 179 204 202 197 208 184 195 214 207 194 221 219 209 164 192 182 188 198 190 181 171 146 155 117 118 103 94 79 62 39 31 11 7 5 4 3 2 1 0 0 0 0 0 0 0 0 0 0 0 0 0 0 0 0 0 0 0 0 0 0 0 0 0 0 0 0 0 0 0 0 0 0 0 0 0 0 0 0 0 0 0 0 0 0 0
137 137 156 172 142 151 160 192 181 158 165 194 184 210 202 218 191 188 237 195 183 216 206 210 203 206 215 212 201 168 174 193 184 175 172 154 151 158 141 108 122 81 82 70 45 31 14 8 5 4 2 2 1 0 0 0 0 0 0 0 0 0 0 0 0 0 0 0 0 0 0 0 0 0 0 0 0 0 0 0 0 0 0 0 0 0 0 0 0 0 0 0 0 0 0 0 0 0 0 0
161 178 158 175 153 153 167 177 188 180 183 164 149 180 188 213 205 205 248 209 206 225 198 218 202 222 222 189 195 186 197 190 185 180 181 164 166 159 132 135 119 91 86 63 48 28 17 9 5 3 3 1 1 0 0 0 0 0 0 0 0 0 0 0 0 0 0 0 0 0 0 0 0 0 0 0 0 0 0 0 0 0 0 0 0 0 0 0 0 0 0 0 0 0 0 0 0 0 0 0
156 144 152 138 185 170 180 202 217 187 178 161 212 204 217 208 201 217 226 228 232 196 232 215 207 193 214 211 199 208 194 186 199 179 177 143 161 136 155 121 111 97 83 56 67 42 20 7 5 3 3 2 1 0 0 0 0 0 0 0 0 0 0 0 0 0 0 0 0 0 0 0 0 0 0 0 0 0 0 0 0 0 0 0 0 0 0 0 0 0 0 0 0 0 0 0 0 0 0 0
155 149 132 170 159 166 197 217 184 177 171 206 209 238 184 215 212 218 236 229 240 196 211 207 183 180 227 211 202 218 193 204 186 194 170 173 169 130 133 112 117 132 88 78 57 43 21 9 9 4 2 1 1 0 0 0 0 0 0 0 0 0 0 0 0 0 0 0 0 0 0 0 0 0 0 0 0 0 0 0 0 0 0 0 0 0 0 0 0 0 0 0 0 0 0 0 0 0 0 0
178 177 166 193 143 195 173 179 194 201 185 193 191 197 190 174 184 243 235 198 235 209 208 204 228 196 208 223 202 226 219 211 200 187 178 183 164 150 142 129 114 102 85 78 54 44 23 13 5 3 2 1 1 0 0 0 0 0 0 0 0 0 0 0 0 0 0 0 0 0 0 0 0 0 0 0 0 0 0 0 0 0 0 0 0 0 0 0 0 0 0 0 0 0 0 0 0 0 0 0
170 167 178 165 177 203 156 205 154 175 167 207 172 209 194 207 236 201 242 224 219 220 220 228 246 227 230 196 213 196 212 199 172 186 166 185 181 161 142 142 129 128 112 88 59 49 30 15 6 3 2 2 1 0 0 0 0 0 0 0 0 0 0 0 0 0 0 0 0 0 0 0 0 0 0 0 0 0 0 0 0 0 0 0 0 0 0 0 0 0 0 0 0 0 0 0 0 0 0 0
162 168 215 184 160 197 168 177 210 174 186 212 187 197 226 216 206 202 230 184 233 209 212 248 219 196 236 228 212 230 214 192 197 217 196 169 183 164 154 139 107 121 106 74 70 59 28 14 7 3 3 2 1 0 0 0 0 0 0 0 0 0 0 0 0 0 0 0 0 0 0 0 0 0 0 0 0 0 0 0 0 0 0 0 0 0 0 0 0 0 0 0 0 0 0 0 0 0 0 0
130 183 175 163 198 153 228 169 213 219 192 187 226 230 191 219 236 261 224 222 198 220 213 240 210 263 252 215 225 243 232 209 221 204 195 214 173 183 153 158 135 122 108 83 87 43 36 15 9 4 3 2 1 0 0 0 0 0 0 0 0 0 0 0 0 0 0 0 0 0 0 0 0 0 0 0 0 0 0 0 0 0 0 0 0 0 0 0 0 0 0 0 0 0 0 0 0 0 0 0
158 150 167 154 174 181 185 186 202 206 211 221 221 200 209 259 214 227 245 240 231 230 219 222 256 220 226 218 200 205 210 217 210 214 174 200 191 170 167 160 135 135 98 91 84 64 46 15 13 4 3 1 1 0 0 0 0 0 0 0 0 0 0 0 0 0 0 0 0 0 0 0 0 0 0 0 0 0 0 0 0 0 0 0 0 0 0 0 0 0 0 0 0 0 0 0 0 0 0 0
132 168 176 169 210 194 185 207 204 197 211 200 239 234 220 191 208 214 234 242 254 262 211 229 263 240 255 235 226 205 235 227 210 208 189 195 174 176 169 160 153 129 111 93 78 63 46 26 13 5 3 2 1 0 0 0 0 0 0 0 0 0 0 0 0 0 0 0 0 0 0 0 0 0 0 0 0 0 0 0 0 0 0 0 0 0 0 0 0 0 0 0 0 0 0 0 0 0 0 0
158 166 157 160 209 187 160 221 229 192 186 209 179 239 215 224 227 209 248 225 246 251 235 220 228 208 240 251 222 215 198 238 231 212 206 196 183 175 183 156 140 141 117 111 74 70 57 31 10 4 3 2 1 0 0 0 0 0 0 0 0 0 0 0 0 0 0 0 0 0 0 0 0 0 0 0 0 0 0 0 0 0 0 0 0 0 0 0 0 0 0 0 0 0 0 0 0 0 0 0
193 167 198 175 189 182 192 213 218 241 190 205 218 253 221 217 227 242 246 202 249 208 274 228 226 246 262 211 237 225 226 218 220 209 201 217 197 198 150 163 149 139 135 110 95 67 63 32 20 4 2 1 1 0 0 0 0 0 0 0 0 0 0 0 0 0 0 0 0 0 0 0 0 0 0 0 0 0 0 0 0 0 0 0 0 0 0 0 0 0 0 0 0 0 0 0 0 0 0 0
169 170 183 193 178 197 203 182 200 234 203 193 218 200 214 256 261 264 225 265 234 224 262 270 245 233 225 233 246 237 235 219 217 239 207 215 198 174 178 170 156 139 122 114 97 65 54 34 17 6 3 2 1 0 0 0 0 0 0 0 0 0 0 0 0 0 0 0 0 0 0 0 0 0 0 0 0 0 0 0 0 0 0 0 0 0 0 0 0 0 0 0 0 0 0 0 0 0 0 0
186 164 168 167 194 177 203 185 217 195 221 226 258 242 255 226 259 247 255 230 278 247 260 224 267 258 263 243 254 222 242 238 229 223 214 229 217 201 185 175 163 159 134 99 107 88 67 42 13 10 3 2 1 0 0 0 0 0 0 0 0 0 0 0 0 0 0 0 0 0 0 0 0 0 0 0 0 0 0 0 0 0 0 0 0 0 0 0 0 0 0 0 0 0 0 0 0 0 0 0
163 195 207 217 224 202 199 219 201 221 224 223 245 228 200 199 241 250 232 243 230 241 236 276 266 266 259 246 258 218 246 240 237 236 220 222 202 207 185 171 159 144 140 109 115 83 57 53 19 7 2 2 1 0 0 0 0 0 0 0 0 0 0 0 0 0 0 0 0 0 0 0 0 0 0 0 0 0 0 0 0 0 0 0 0 0 0 0 0 0 0 0 0 0 0 0 0 0 0 0
176 201 196 189 202 201 173 231 244 189 214 241 240 249 256 234 230 238 259 276 283 255 281 286 251 272 254 264 242 241 241 252 243 240 223 228 211 188 203 182 179 166 156 132 113 109 73 51 24 8 2 1 1 0 0 0 0 0 0 0 0 0 0 0 0 0 0 0 0 0 0 0 0 0 0 0 0 0 0 0 0 0 0 0 0 0 0 0 0 0 0 0 0 0 0 0 0 0 0 0
164 191 221 193 231 223 210 218 226 249 231 238 233 242 215 241 263 247 247 248 273 245 299 249 271 263 275 270 277 262 261 257 256 239 226 237 199 219 195 175 170 177 156 138 126 105 78 61 37 19 4 2 1 0 0 0 0 0 0 0 0 0 0 0 0 0 0 0 0 0 0 0 0 0 0 0 0 0 0 0 0 0 0 0 0 0 0 0 0 0 0 0 0 0 0 0 0 0 0 0
209 212 191 169 215 200 192 197 196 231 221 221 225 247 250 278 251 238 285 259 276 268 279 269 267 287 249 290 258 268 252 247 255 253 243 244 234 218 234 184 180 183 171 139 121 109 94 52 28 16 4 2 1 0 0 0 0 0 0 0 0 0 0 0 0 0 0 0 0 0 0 0 0 0 0 0 0 0 0 0 0 0 0 0 0 0 0 0 0 0 0 0 0 0 0 0 0 0 0 0
149 188 178 240 180 204 223 169 191 218 212 235 252 250 231 225 270 237 275 277 268 281 261 249 246 278 257 244 272 248 269 252 253 257 240 255 215 212 199 194 184 183 144 159 140 124 100 77 34 19 6 2 1 0 0 0 0 0 0 0 0 0 0 0 0 0 0 0 0 0 0 0 0 0 0 0 0 0 0 0 0 0 0 0 0 0 0 0 0 0 0 0 0 0 0 0 0 0 0 0
211 200 193 208 211 234 231 195 228 223 227 229 247 239 272 291 272 283 268 257 287 297 300 276 279 276 273 265 258 272 267 231 240 275 253 244 237 201 226 213 197 186 154 156 134 136 107 85 53 26 7 2 1 0 0 0 0 0 0 0 0 0 0 0 0 0 0 0 0 0 0 0 0 0 0 0 0 0 0 0 0 0 0 0 0 0 0 0 0 0 0 0 0 0 0 0 0 0 0 0
186 192 231 224 212 209 210 219 236 230 212 235 230 250 246 246 241 305 282 278 261 279 269 284 262 303 288 288 269 272 269 244 250 260 264 261 237 249 220 203 204 198 175 169 142 147 110 76 53 35 6 2 1 0 0 0 0 0 0 0 0 0 0 0 0 0 0 0 0 0 0 0 0 0 0 0 0 0 0 0 0 0 0 0 0 0 0 0 0 0 0 0 0 0 0 0 0 0 0 0
182 213 208 224 217 199 192 218 221 194 218 264 258 249 295 253 287 288 234 265 279 297 315 292 302 294 259 297 300 267 276 265 275 262 247 242 235 233 227 229 207 185 182 177 156 131 125 94 74 43 12 2 1 0 0 0 0 0 0 0 0 0 0 0 0 0 0 0 0 0 0 0 0 0 0 0 0 0 0 0 0 0 0 0 0 0 0 0 0 0 0 0 0 0 0 0 0 0 0 0
191 205 208 204 229 224 183 242 214 197 234 255 234 265 267 313 257 272 284 267 311 303 292 281 287 309 276 296 291 300 281 272 258 281 256 258 248 245 227 231 208 196 197 191 155 146 114 116 75 38 10 2 1 0 0 0 0 0 0 0 0 0 0 0 0 0 0 0 0 0 0 0 0 0 0 0 0 0 0 0 0 0 0 0 0 0 0 0 0 0 0 0 0 0 0 0 0 0 0 0
232 185 203 249 200 216 207 219 250 255 282 265 254 252 279 271 294 281 294 281 300 293 299 303 294 264 293 290 297 278 269 277 282 279 280 258 253 239 227 213 230 227 192 188 174 147 125 110 88 65 11 2 1 0 0 0 0 0 0 0 0 0 0 0 0 0 0 0 0 0 0 0 0 0 0 0 0 0 0 0 0 0 0 0 0 0 0 0 0 0 0 0 0 0 0 0 0 0 0 0
194 190 197 232 221 242 227 231 254 256 257 242 266 249 278 276 264 270 263 298 270 317 291 290 315 276 261 300 299 280 299 252 292 293 268 258 266 248 240 244 238 208 197 189 172 162 150 117 103 66 23 3 1 0 0 0 0 0 0 0 0 0 0 0 0 0 0 0 0 0 0 0 0 0 0 0 0 0 0 0 0 0 0 0 0 0 0 0 0 0 0 0 0 0 0 0 0 0 0 0
227 199 217 221 233 261 253 228 229 226 239 278 271 290 230 243 288 292 243 318 288 301 319 267 314 319 297 283 280 289 317 295 298 287 261 271 274 241 220 247 229 224 209 198 194 182 134 132 96 76 33 10 1 0 0 0 0 0 0 0 0 0 0 0 0 0 0 0 0 0 0 0 0 0 0 0 0 0 0 0 0 0 0 0 0 0 0 0 0 0 0 0 0 0 0 0 0 0 0 0
203 231 229 219 225 252 218 230 241 237 230 233 277 279 298 314 252 284 286 287 301 307 312 321 280 315 292 309 293 324 303 313 282 287 294 270 261 263 256 260 237 218 206 210 198 180 159 127 104 75 39 7 1 0 0 0 0 0 0 0 0 0 0 0 0 0 0 0 0 0 0 0 0 0 0 0 0 0 0 0 0 0 0 0 0 0 0 0 0 0 0 0 0 0 0 0 0 0 0 0
211 239 205 207 231 236 236 265 240 238 244 272 256 262 307 260 257 321 295 310 339 267 340 318 328 320 307 322 307 333 281 324 307 260 285 264 271 251 266 246 247 244 220 207 186 191 159 150 122 91 43 17 1 0 0 0 0 0 0 0 0 0 0 0 0 0 0 0 0 0 0 0 0 0 0 0 0 0 0 0 0 0 0 0 0 0 0 0 0 0 0 0 0 0 0 0 0 0 0 0
230 225 235 230 205 270 226 279 239 257 229 298 283 290 304 302 288 274 290 287 284 326 327 295 305 337 286 304 302 296 290 302 284 280 295 282 286 278 267 256 242 233 230 213 190 201 164 159 135 101 57 17 2 0 0 0 0 0 0 0 0 0 0 0 0 0 0 0 0 0 0 0 0 0 0 0 0 0 0 0 0 0 0 0 0 0 0 0 0 0 0 0 0 0 0 0 0 0 0 0
207 219 254 248 256 206 258 244 246 267 267 233 284 330 272 231 331 304 294 347 295 311 330 324 319 304 319 308 290 317 298 321 306 309 311 299 283 279 252 261 262 249 243 224 216 204 196 160 136 116 84 36 2 0 0 0 0 0 0 0 0 0 0 0 0 0 0 0 0 0 0 0 0 0 0 0 0 0 0 0 0 0 0 0 0 0 0 0 0 0 0 0 0 0 0 0 0 0 0 0
232 256 231 233 220 270 247 271 305 278 268 284 281 309 309 324 305 346 301 301 290 304 330 334 314 343 336 311 308 304 315 301 312 298 306 299 294 292 280 260 248 240 261 228 230 207 194 163 140 131 91 35 5 0 0 0 0 0 0 0 0 0 0 0 0 0 0 0 0 0 0 0 0 0 0 0 0 0 0 0 0 0 0 0 0 0 0 0 0 0 0 0 0 0 0 0 0 0 0 0
198 217 247 246 232 244 254 251 283 276 299 303 264 292 297 322 314 322 332 331 340 319 323 326 350 317 342 342 343 340 315 310 316 300 321 298 310 288 287 286 253 251 252 246 220 218 197 195 172 148 121 53 8 0 0 0 0 0 0 0 0 0 0 0 0 0 0 0 0 0 0 0 0 0 0 0 0 0 0 0 0 0 0 0 0 0 0 0 0 0 0 0 0 0 0 0 0 0 0 0
218 275 217 245 253 228 250 262 257 272 334 269 256 294 314 321 320 298 340 313 342 331 346 371 338 327 322 302 342 333 318 313 329 329 324 318 310 300 288 276 287 260 237 244 242 236 195 195 187 157 124 74 17 0 0 0 0 0 0 0 0 0 0 0 0 0 0 0 0 0 0 0 0 0 0 0 0 0 0 0 0 0 0 0 0 0 0 0 0 0 0 0 0 0 0 0 0 0 0 0
250 242 219 227 205 235 235 287 277 311 286 281 336 314 328 332 294 304 323 281 307 335 354 323 319 325 339 329 336 340 349 327 310 338 330 305 319 313 295 287 291 274 257 247 246 258 210 207 181 170 124 108 41 0 0 0 0 0 0 0 0 0 0 0 0 0 0 0 0 0 0 0 0 0 0 0 0 0 0 0 0 0 0 0 0 0 0 0 0 0 0 0 0 0 0 0 0 0 0 0
217 231 212 265 224 232 232 280 215 266 281 262 262 287 316 308 304 370 337 314 328 328 352 352 328 335 344 348 332 327 311 333 333 337 325 322 326 309 304 311 295 282 269 270 259 245 229 218 205 188 148 126 74 6 0 0 0 0 0 0 0 0 0 0 0 0 0 0 0 0 0 0 0 0 0 0 0 0 0 0 0 0 0 0 0 0 0 0 0 0 0 0 0 0 0 0 0 0 0 0
207 236 218 214 222 273 283 278 268 283 336 304 297 326 299 313 347 313 335 331 372 363 367 320 335 330 319 354 332 357 357 328 332 342 331 327 323 306 318 311 299 284 279 276 268 269 249 226 206 199 168 151 111 20 0 0 0 0 0 0 0 0 0 0 0 0 0 0 0 0 0 0 0 0 0 0 0 0 0 0 0 0 0 0 0 0 0 0 0 0 0 0 0 0 0 0 0 0 0 0
240 183 237 244 250 240 244 262 256 269 296 297 273 287 362 315 319 306 334 363 336 354 346 354 327 362 355 350 345 343 343 349 341 320 348 337 297 337 308 311 297 312 283 261 259 262 262 236 222 219 188 164 133 46 0 0 0 0 0 0 0 0 0 0 0 0 0 0 0 0 0 0 0 0 0 0 0 0 0 0 0 0 0 0 0 0 0 0 0 0 0 0 0 0 0 0 0 0 0 0
242 232 248 230 258 278 274 260 257 278 321 272 301 343 329 332 321 277 323 341 369 351 366 352 316 307 357 356 357 339 347 363 335 344 347 338 335 329 318 310 298 314 294 288 291 272 260 228 243 216 211 202 159 77 4 0 0 0 0 0 0 0 0 0 0 0 0 0 0 0 0 0 0 0 0 0 0 0 0 0 0 0 0 0 0 0 0 0 0 0 0 0 0 0 0 0 0 0 0 0
220 256 258 231 241 258 270 277 299 283 293 365 354 355 305 320 353 399 356 356 351 365 352 366 331 368 388 353 361 381 372 354 351 361 352 333 350 351 321 313 304 311 295 293 284 278 283 261 252 252 237 195 177 140 33 0 0 0 0 0 0 0 0 0 0 0 0 0 0 0 0 0 0 0 0 0 0 0 0 0 0 0 0 0 0 0 0 0 0 0 0 0 0 0 0 0 0 0 0 0
244 256 230 263 254 257 256 285 273 298 311 330 373 286 323 359 343 332 337 346 348 424 344 395 389 366 362 346 365 369 348 327 381 367 349 355 359 347 339 341 313 334 315 303 304 298 290 272 259 242 242 223 233 180 113 9 0 0 0 0 0 0 0 0 0 0 0 0 0 0 0 0 0 0 0 0 0 0 0 0 0 0 0 0 0 0 0 0 0 0 0 0 0 0 0 0 0 0 0 0
231 277 252 237 269 284 299 281 317 314 296 317 318 292 344 367 322 320 359 330 372 379 385 388 338 375 358 379 382 381 354 372 355 375 361 370 361 336 349 330 322 313 324 311 316 291 281 275 289 255 259 242 234 194 170 56 0 0 0 0 0 0 0 0 0 0 0 0 0 0 0 0 0 0 0 0 0 0 0 0 0 0 0 0 0 0 0 0 0 0 0 0 0 0 0 0 0 0 0 0
215 277 233 243 275 259 332 292 295 246 278 319 308 337 325 356 317 317 328 322 392 346 402 375 360 359 375 371 387 365 360 385 373 345 380 352 355 356 359 347 325 321 343 320 317 309 304 290 284 268 262 256 249 235 205 160 43 4 6 0 0 0 0 0 0 0 0 0 0 0 0 0 0 0 0 0 0 0 0 0 0 0 0 0 0 0 0 0 0 0 0 0 0 0 0 0 0 0 0 0
214 221 270 264 306 285 288 289 269 288 291 339 338 330 372 314 382 383 346 366 379 401 387 379 391 383 391 403 378 373 359 368 369 345 374 385 366 369 351 353 340 338 338 329 337 321 308 313 303 292 285 282 270 241 228 212 161 64 0 5 6 0 0 0 0 0 0 0 0 0 0 0 0 0 0 0 0 0 0 0 0 0 0 0 0 0 0 0 0 0 0 0 0 0 0 0 0 0 0 0
260 227 256 229 301 279 260 304 317 297 282 303 339 335 362 354 340 324 364 311 354 406 378 375 380 396 405 398 419 370 403 377 378 374 387 388 370 356 374 367 361 350 343 343 333 333 329 314 311 305 303 288 277 286 262 236 226 196 23 55 0 6 0 0 0 0 0 0 0 0 0 0 0 0 0 0 0 0 0 0 0 0 0 0 0 0 0 0 0 0 0 0 0 0 0 0 0 0 0 0
206 245 260 220 300 273 281 284 314 297 334 332 374 294 327 360 376 287 341 359 355 370 344 374 369 405 383 378 386 368 391 380 399 385 368 390 371 380 385 378 365 357 342 339 343 341 337 323 324 310 312 317 292 280 278 277 274 249 226 201 80 68 6 0 0 0 0 0 0 0 0 0 0 0 0 0 0 0 0 0 0 0 0 0 0 0 0 0 0 0 0 0 0 0 0 0 0 0 0 0
224 247 214 241 259 276 302 319 325 279 299 333 354 344 346 366 334 338 372 356 390 378 356 380 360 367 409 336 411 386 401 389 382 410 399 363 374 365 367 369 372 358 357 366 348 337 350 336 328 328 310 306 309 311 282 282 281 278 260 246 233 229 33 70 55 62 0 5 0 0 0 0 0 0 0 0 0 0 0 0 0 0 0 0 0 0 0 0 0 0 0 0 0 0 0 0 0 0 0 0
181 249 245 271 268 242 292 258 259 297 303 333 332 327 327 289 322 327 342 308 339 353 371 369 403 386 369 378 407 383 387 369 380 381 362 399 392 367 380 387 381 364 358 354 356 353 363 329 335 335 344 312 298 301 307 295 289 295 284 273 272 266 260 253 237 221 27 33 16 13 43 35 52 73 87 0 0 0 0 0 0 0 0 0 0 0 0 0 0 0 0 0 0 0 0 0 0 0 0 0
255 251 226 265 266 232 245 298 248 270 268 298 313 325 401 309 336 325 396 363 367 330 391 351 392 358 391 385 359 359 380 356 378 370 394 395 396 380 389 382 377 395 365 374 350 364 352 342 345 323 341 335 331 321 313 304 314 302 295 296 288 276 277 264 256 266 252 245 236 245 226 209 215 204 135 20 9 8 13 17 16 23 13 7 19 14 38 28 21 13 32 17 18 25 26 42 39 48 64 0
237 216 231 220 235 256 321 278 334 292 292 267 341 329 268 318 368 352 301 308 334 333 368 336 358 385 360 374 384 386 361 403 397 401 393 407 399 405 412 382 381 384 374 357 364 375 358 349 337 350 337 344 337 322 320 312 315 299 301 305 295 290 291 285 283 268 276 266 257 256 245 248 235 240 228 230 219 222 202 206 211 205 190 194 181 181 169 171 161 160 152 148 155 148 140 139 130 128 108 0
234 248 259 216 280 240 274 291 244 283 318 337 341 284 344 334 335 329 396 269 371 368 357 389 306 351 333 392 345 355 422 377 342 362 376 360 394 385 368 392 367 365 383 365 363 361 363 358 354 336 338 330 316 342 317 305 313 300 308 300 294 293 290 284 290 284 275 275 262 264 254 253 246 235 243 233 237 234 221 221 203 208 209 203 196 193 183 187 177 175 179 167 169 164 157 158 152 152 153 145
228 233 229 247 239 200 266 265 260 294 266 277 238 293 307 267 327 319 320 352 363 334 335 345 319 352 317 313 357 316 349 311 329 342 383 327 342 337 353 373 335 345 326 336 331 349 338 308 320 313 318 316 307 293 294 315 292 288 287 277 252 244 270 253 257 243 248 217 243 229 234 240 230 217 215 212 211 202 202 190 185 181 190 184 170 165 171 160 165 160 144 152 141 139 127 135 118 134 133 130
