5 5 4 6 5 6 7 5 6 8 6 7 6 7 7 9 8 9 9 9 12 8 10 9 10 12 15 18 19 17 17 16 18 19 18 24 21 22 21 18 24 24 25 21 26 27 29 27 31 30 29 27 30 27 30 27 29 28 28 26 26 21 26 20 21 18 15 15 18 13 10 9 8 13 10 6 7 4 7 6 7 5 5 6 6 5 5 6 6 5 5 5 5 4 4 4 5 5 6 5
5 5 5 6 6 5 5 6 6 7 7 8 7 7 6 8 10 11 9 10 11 10 13 11 9 11 11 13 15 17 15 14 18 19 17 20 22 21 19 17 21 24 22 27 25 25 23 28 29 29 29 28 28 29 29 32 31 27 30 31 26 24 19 23 23 19 18 19 17 14 10 7 10 9 10 8 7 5 7 6 5 4 3 5 5 5 4 5 5 6 5 5 4 4 5 5 3 4 6 5
6 6 6 7 6 7 6 7 7 7 8 6 6 9 6 6 10 6 10 10 10 8 14 12 12 14 15 13 12 13 14 17 17 18 20 23 20 25 20 22 27 24 28 29 26 27 29 27 28 30 30 30 31 32 31 33 31 26 30 28 29 25 25 21 20 17 19 16 19 20 12 13 10 10 6 9 8 8 8 5 8 5 6 6 4 5 5 5 6 6 5 5 5 5 4 5 4 4 5 5
4 5 6 7 6 7 6 8 9 6 8 7 7 8 8 12 7 12 10 11 13 10 11 15 14 15 16 18 19 15 19 14 19 15 22 22 23 27 23 21 24 27 26 28 30 29 30 31 31 31 31 32 35 30 32 30 31 31 30 28 27 27 24 20 22 23 21 17 17 12 17 11 9 10 8 7 9 6 5 5 6 7 4 6 4 5 6 6 5 5 5 5 5 5 5 6 5 5 5 4
5 6 5 6 7 8 6 6 6 7 9 10 9 9 8 9 10 10 10 10 11 12 14 16 12 16 17 17 16 16 17 16 21 16 20 22 23 23 24 21 26 26 28 27 26 33 28 32 30 29 33 32 33 33 31 31 31 32 31 30 30 21 23 25 21 18 15 20 16 14 10 9 13 11 10 10 7 7 6 7 6 7 5 5 6 6 4 5 5 6 5 6 5 4 5 5 6 5 5 5
5 5 6 5 7 7 7 6 7 7 7 7 8 8 9 13 10 11 9 13 13 13 15 13 14 16 16 14 21 16 20 21 18 19 24 23 21 22 26 25 26 30 26 33 27 30 31 33 28 28 32 31 33 31 31 35 35 31 36 32 28 25 32 21 23 22 17 20 18 17 13 12 9 6 13 9 8 6 6 5 5 6 6 7 5 4 5 4 6 7 5 4 5 4 5 5 5 6 5 5
6 5 6 6 6 6 7 8 6 7 8 5 9 10 10 10 7 10 10 8 13 15 10 11 14 19 17 17 17 15 19 19 22 21 25 21 21 22 24 28 27 27 26 28 29 31 29 34 32 34 37 32 33 32 32 35 35 30 29 32 27 28 28 23 25 23 22 20 17 14 15 11 9 8 12 8 7 8 7 6 6 7 5 6 6 5 6 4 5 6 5 5 4 4 4 5 4 4 5 5
6 5 6 7 7 7 7 7 7 7 8 8 9 10 10 11 9 13 8 10 9 10 13 13 16 13 16 18 21 19 19 21 22 19 23 23 19 24 26 31 28 29 31 32 30 30 33 34 34 30 33 33 32 32 34 32 31 36 33 30 31 29 28 23 21 23 20 18 18 18 11 12 12 9 9 8 8 9 7 8 5 7 5 6 6 5 5 5 5 5 6 5 5 4 4 6 5 5 4 5
7 5 7 8 7 7 9 5 10 6 10 8 9 9 9 10 12 10 8 11 13 13 14 15 16 13 16 12 20 22 22 21 19 21 24 23 24 25 31 26 32 32 30 31 31 34 33 32 34 33 33 34 34 34 36 34 34 30 33 29 25 28 29 25 25 24 20 23 19 14 13 12 11 8 9 8 11 8 5 8 5 5 5 5 4 4 4 5 4 5 4 6 6 3 5 5 5 5 5 5
8 6 5 6 5 7 8 9 7 7 10 10 9 10 10 9 9 9 10 18 10 10 12 14 18 17 13 21 18 17 19 20 21 20 23 24 24 26 26 27 22 29 32 33 33 33 31 29 33 34 33 35 34 33 35 35 35 35 34 32 31 32 28 28 25 24 22 21 22 18 15 10 13 11 9 10 7 7 8 7 4 6 4 5 4 5 4 5 4 5 6 5 4 5 4 4 4 5 5 4
7 6 8 6 6 5 6 7 7 6 6 8 8 8 10 10 12 11 14 11 13 11 17 16 17 16 17 20 24 17 25 23 24 24 25 27 25 26 26 27 32 31 29 32 31 31 36 34 32 30 33 37 36 37 39 35 37 30 34 33 26 32 31 29 22 27 24 20 18 20 13 13 9 14 10 9 6 8 9 5 6 6 6 5 6 4 6 5 6 4 5 5 4 5 4 5 5 6 5 4
5 6 7 7 6 7 5 7 7 9 8 9 9 9 11 11 12 14 12 13 12 10 13 11 16 15 16 19 18 24 24 26 24 24 33 25 27 29 28 32 28 32 30 33 32 32 34 34 38 36 34 36 37 39 37 38 35 37 35 34 31 31 30 26 24 28 19 22 18 22 8 13 9 13 8 12 10 8 8 6 5 5 7 6 7 6 4 5 5 5 5 4 5 4 6 4 5 5 5 4
7 6 8 7 6 9 6 7 7 8 10 9 9 12 15 10 12 12 13 14 15 18 19 19 18 13 18 18 21 22 23 22 26 26 29 30 27 32 29 29 27 32 32 35 36 34 34 37 36 36 39 39 35 37 38 38 36 35 36 39 38 35 31 24 26 30 25 20 21 23 15 14 12 13 8 9 9 11 5 7 8 6 5 6 6 6 5 5 5 4 5 5 5 5 5 5 5 6 5 5
7 5 7 7 9 7 7 10 9 11 10 10 11 11 12 15 13 18 15 14 17 16 17 18 18 15 20 17 19 25 26 23 25 28 25 26 32 30 26 31 29 29 36 35 34 33 38 34 36 38 39 37 38 36 40 38 37 39 37 36 31 32 34 27 25 25 23 22 22 25 17 15 11 13 9 8 8 8 7 9 7 7 5 6 3 6 5 5 5 4 5 5 4 4 5 5 5 4 5 5
7 6 7 8 7 8 8 8 9 6 11 9 12 12 11 12 14 11 13 15 20 14 16 20 19 21 22 22 25 22 25 24 26 27 27 27 28 31 28 28 34 29 33 35 35 35 38 34 37 37 37 40 38 40 39 35 36 39 39 35 34 31 33 26 29 25 22 26 24 18 17 14 15 11 11 7 10 8 8 7 5 6 8 6 5 5 6 4 6 5 4 5 4 5 5 5 4 5 4 6
7 6 6 11 7 8 7 7 6 11 8 10 12 12 13 13 16 19 17 15 18 16 18 17 18 20 24 21 26 24 24 21 30 24 28 32 30 29 31 31 31 31 33 34 35 36 35 39 37 40 38 38 39 40 40 38 39 39 36 37 34 36 31 24 28 27 25 25 17 23 16 11 9 15 10 11 9 7 9 6 5 7 5 6 5 7 6 5 5 4 4 5 5 4 5 5 5 6 3 6
5 7 10 8 9 10 8 6 7 11 11 12 10 11 12 14 13 15 17 17 14 19 18 18 17 22 20 24 22 27 23 26 26 28 30 25 28 31 27 28 34 31 34 36 34 35 39 34 40 39 38 41 39 41 37 38 38 39 36 36 37 32 35 31 28 26 26 26 25 22 16 16 11 12 14 10 9 9 10 6 6 7 6 5 5 6 5 5 4 5 6 6 5 5 5 5 5 4 4 5
8 7 7 6 10 7 7 10 10 9 11 11 11 15 17 18 14 16 14 15 19 20 16 18 18 19 24 23 28 24 26 30 25 30 24 30 34 36 35 33 35 35 37 34 37 36 38 39 39 39 37 40 37 40 38 37 39 39 38 40 33 32 32 31 31 25 30 29 24 20 15 16 10 13 14 10 7 6 8 8 6 6 6 6 4 5 5 4 5 5 5 6 4 4 4 5 4 4 5 5
8 8 12 9 10 9 11 7 12 10 11 14 13 12 14 13 15 18 17 16 17 14 18 20 20 23 27 25 21 22 24 31 26 33 29 31 31 35 37 31 37 35 38 35 36 34 37 39 41 38 40 37 39 41 41 41 38 37 39 39 38 34 34 32 29 27 28 18 22 23 19 9 11 11 11 14 7 9 8 8 8 6 4 8 4 5 4 5 4 5 5 4 5 6 5 5 5 5 5 6
8 10 9 8 11 9 9 11 13 12 15 12 14 15 16 12 18 15 13 16 16 23 23 19 20 25 26 24 27 26 22 33 32 30 26 25 37 34 30 34 35 36 35 38 39 40 38 36 42 40 41 39 41 41 42 41 41 39 43 38 35 35 36 32 35 25 23 20 29 26 15 15 13 11 8 14 12 8 8 7 6 7 7 5 5 4 5 5 6 5 5 5 4 5 5 5 4 4 5 5
10 7 9 8 9 10 8 8 13 13 14 12 15 12 14 15 18 18 14 17 17 27 19 20 25 19 24 30 27 30 26 29 30 31 35 33 30 32 38 32 37 32 39 41 39 37 40 35 42 39 41 40 44 39 42 40 40 37 36 39 35 35 37 33 35 31 30 27 26 21 14 14 15 19 14 13 10 8 11 7 5 7 8 4 6 6 7 5 4 6 5 5 5 4 4 5 4 5 4 5
8 11 9 12 12 9 9 12 12 10 15 16 15 11 12 12 13 17 23 18 21 21 18 26 23 23 23 30 25 23 31 28 29 34 29 35 35 33 35 36 36 37 38 34 40 41 41 39 42 41 36 40 41 41 42 42 40 43 43 37 41 34 35 29 35 32 26 28 27 24 22 17 17 15 11 9 10 11 11 7 8 8 6 5 4 6 6 4 5 6 5 4 5 4 4 5 4 5 4 4
7 9 11 10 8 13 10 10 15 14 14 9 15 11 17 14 21 20 22 19 22 18 20 19 23 28 27 24 32 29 27 29 30 32 34 34 35 30 42 37 31 38 41 40 40 42 41 38 38 41 41 42 42 42 43 42 41 39 37 38 36 38 35 31 27 29 21 28 29 23 19 15 16 19 15 12 11 12 6 9 6 6 7 4 5 4 5 5 5 5 4 5 4 5 4 4 4 4 4 5
10 8 10 11 10 13 10 11 11 17 15 13 17 13 17 18 17 18 23 19 21 24 24 23 24 24 28 26 31 27 32 30 32 35 30 30 36 32 32 38 34 38 39 39 39 40 39 39 39 43 39 39 40 41 42 42 40 41 40 40 38 37 38 32 28 28 28 33 29 19 23 18 15 17 17 12 12 14 13 12 9 6 7 8 4 6 5 5 6 5 5 4 4 4 4 4 4 5 5 5
9 10 10 12 9 10 12 9 14 15 10 15 13 19 18 17 20 19 21 20 20 29 22 27 28 29 25 26 31 37 29 33 30 35 32 33 32 38 35 39 38 39 39 37 39 41 41 40 41 43 43 41 42 43 42 43 43 43 42 40 41 36 34 36 35 25 29 31 23 24 20 17 13 15 13 13 13 11 11 6 7 7 6 5 4 5 5 5 5 4 5 4 4 5 4 4 5 4 5 5
7 7 10 8 10 11 15 16 14 12 13 16 14 17 19 21 18 19 21 25 28 24 24 25 30 27 27 33 25 30 34 29 33 32 33 37 36 37 38 39 41 41 42 38 42 40 40 43 41 43 43 44 43 43 42 42 44 40 45 40 40 38 36 35 32 31 37 32 29 27 21 17 21 15 6 13 12 9 13 11 8 5 4 8 5 5 5 4 4 5 5 4 4 4 4 4 4 3 5 4
10 13 10 10 11 13 18 17 15 18 15 13 19 18 18 15 22 21 19 20 24 24 28 26 30 22 32 29 34 32 33 28 31 34 38 31 36 37 41 35 39 38 41 40 40 45 41 37 43 40 42 44 43 42 44 40 42 42 42 41 40 39 39 34 34 30 34 29 29 26 19 17 17 16 13 16 6 7 6 6 8 7 7 9 6 7 5 6 4 5 5 4 4 5 4 4 4 5 5 3
8 8 13 11 15 14 15 14 18 13 16 16 18 20 22 16 20 20 21 27 20 28 30 23 27 28 24 30 31 28 33 34 28 30 33 37 39 37 38 39 38 40 40 42 38 43 41 44 42 42 43 43 43 42 45 41 43 42 40 43 39 38 42 35 39 34 32 30 35 33 25 23 18 15 13 14 15 10 6 7 6 8 7 4 6 5 5 5 4 4 4 5 5 4 4 4 5 5 5 3
9 9 15 10 9 14 15 15 17 22 18 18 17 23 17 22 24 21 27 24 29 24 25 29 30 27 30 33 36 32 33 34 34 35 39 39 37 38 43 41 41 44 41 40 43 46 39 43 44 45 44 44 44 45 44 43 42 44 41 46 38 41 38 32 33 34 29 29 32 24 19 17 14 16 14 14 12 12 13 10 9 6 6 6 8 7 5 5 4 4 4 4 4 4 4 4 5 5 3 4
11 10 16 14 14 15 18 19 21 17 17 18 20 17 22 21 19 19 22 25 24 28 24 32 28 35 30 30 33 32 38 33 35 33 34 38 37 36 44 40 37 40 42 39 40 40 40 43 42 44 44 42 43 44 43 45 42 45 41 47 43 39 39 34 36 32 35 29 33 34 21 19 14 12 13 13 11 12 9 8 8 5 7 9 7 6 4 5 5 5 4 4 5 4 5 4 5 4 5 5
14 12 15 13 16 13 16 15 20 20 23 17 18 21 24 18 24 23 25 29 28 29 27 29 30 29 29 35 33 38 33 37 34 39 36 40 38 43 37 40 42 41 44 43 41 44 41 43 44 46 44 45 45 44 44 45 46 43 43 43 43 41 39 36 32 32 35 28 28 31 23 22 15 14 15 10 8 11 9 11 9 7 6 6 6 4 5 5 4 5 4 4 4 4 6 4 5 4 4 4
17 8 13 16 19 17 19 16 21 19 20 17 23 23 21 22 28 25 27 27 25 30 27 26 30 32 35 31 32 35 40 32 37 36 37 37 38 38 41 37 41 44 42 44 46 44 44 42 45 44 43 47 42 44 44 43 44 46 44 46 43 41 40 39 36 38 34 32 30 29 24 23 19 14 13 10 13 12 7 10 6 10 8 5 4 6 5 4 4 3 5 4 4 5 3 4 4 4 5 5
13 14 15 16 15 13 21 15 19 17 22 19 25 20 23 27 25 27 23 26 25 30 31 29 32 29 37 35 34 32 35 41 38 39 39 37 44 43 41 42 40 41 42 45 44 42 42 43 44 43 44 46 45 43 47 46 44 43 42 44 45 40 40 39 33 33 31 27 30 31 26 21 17 22 11 14 11 11 15 11 9 7 5 5 4 5 4 5 4 5 4 4 5 4 4 4 4 4 4 4
16 19 15 18 19 19 21 17 24 19 18 24 24 27 25 28 25 25 29 26 29 32 24 30 31 32 33 35 37 38 38 38 39 43 43 38 41 40 41 40 44 43 46 42 44 43 44 45 44 44 43 45 45 45 45 47 42 45 47 44 43 39 40 39 35 33 36 40 28 30 24 21 14 14 16 9 13 13 10 9 9 7 5 7 6 8 5 4 4 4 5 4 3 3 4 4 4 4 3 5
17 15 15 17 22 19 17 17 22 23 23 25 24 22 27 25 26 27 29 30 33 33 35 29 36 32 34 38 39 36 37 40 38 39 40 40 40 41 42 42 43 42 44 40 43 45 43 45 43 48 44 47 44 46 45 46 44 45 47 41 43 44 42 38 36 42 30 34 36 37 24 22 17 15 14 13 12 7 17 10 10 5 5 9 5 4 5 6 3 4 4 4 4 4 4 4 5 4 3 3
19 16 21 16 23 22 21 21 18 23 24 21 25 27 28 24 30 31 30 31 32 34 30 33 34 28 32 37 36 40 41 41 39 37 39 41 42 41 44 44 44 41 44 45 43 43 40 44 46 47 43 44 45 44 46 47 45 46 47 42 45 42 43 39 36 34 33 37 35 32 28 23 22 14 19 18 15 16 11 8 11 6 6 6 5 7 4 5 3 4 5 3 4 4 4 3 3 3 5 4
17 17 19 22 16 26 22 24 24 17 28 24 29 28 31 25 26 28 33 33 32 35 32 35 43 35 38 38 34 40 38 38 37 43 43 41 37 45 43 41 43 45 44 43 48 44 46 44 47 45 44 46 45 46 46 47 46 45 44 43 43 44 42 38 35 40 35 36 32 30 27 18 19 16 11 16 18 11 13 9 7 5 8 5 7 3 5 4 4 5 4 4 4 4 5 4 4 4 3 4
22 17 17 19 22 18 24 23 26 25 25 24 25 29 27 24 27 30 31 30 35 34 29 40 31 37 36 39 40 37 39 39 41 39 44 42 42 43 42 42 45 44 45 44 43 46 48 45 45 46 44 46 45 44 46 45 46 45 44 44 45 45 40 35 41 36 38 35 26 32 27 30 17 15 14 17 17 9 11 11 8 7 7 8 8 6 5 4 5 4 4 5 4 3 4 4 3 4 4 4
20 18 16 20 22 23 24 24 22 22 25 25 31 34 29 31 34 30 32 34 36 30 35 32 39 38 40 40 40 41 41 37 40 44 45 43 40 43 46 46 45 46 45 46 43 45 44 46 45 45 49 45 45 45 46 47 45 44 47 42 46 46 42 43 42 37 32 40 37 27 29 29 24 17 17 12 13 13 8 8 8 9 13 8 6 5 5 6 5 4 4 5 3 3 4 3 3 3 4 4
17 19 16 21 25 25 23 27 27 27 27 27 28 29 26 35 32 29 33 32 33 38 38 35 29 35 40 42 40 38 39 39 43 42 40 40 41 42 41 43 44 45 42 46 47 47 48 45 45 44 46 45 45 45 43 48 46 46 46 45 45 44 42 42 42 39 39 40 36 37 29 24 19 9 19 15 10 17 12 9 7 9 7 6 7 5 4 5 3 3 5 4 3 4 4 3 3 4 3 4
22 24 21 24 27 27 20 24 25 25 30 25 32 30 28 34 34 29 33 30 35 36 37 38 33 38 38 42 39 40 40 40 44 37 46 44 44 41 43 44 43 47 47 47 47 45 47 46 46 47 46 47 47 43 46 45 47 48 45 45 43 46 45 43 43 35 34 37 37 31 32 30 20 23 18 17 14 10 14 10 7 5 6 9 8 4 5 7 4 5 5 4 4 3 3 3 3 3 4 3
17 24 28 23 28 29 27 25 30 27 28 29 26 29 32 32 35 34 34 35 33 40 39 38 38 41 41 36 42 42 38 37 41 43 43 44 44 41 44 43 46 42 46 44 44 46 45 46 47 47 46 46 47 46 45 47 46 47 44 47 43 45 45 46 41 40 32 36 38 38 35 29 26 16 20 18 19 11 14 8 13 5 5 8 5 7 4 4 4 4 3 4 5 5 3 4 4 4 4 3
21 25 27 27 26 25 33 28 27 27 27 33 37 32 32 31 33 37 37 37 37 38 40 38 36 42 40 42 40 43 43 44 44 46 43 46 45 47 45 45 46 48 48 45 45 44 46 46 45 46 47 46 46 46 47 45 47 47 45 45 46 46 44 41 42 40 38 36 39 36 31 26 22 19 18 21 18 14 9 9 10 13 6 8 7 5 3 4 5 4 4 3 3 4 3 4 5 3 4 3
27 23 29 24 27 24 31 30 29 34 25 28 27 34 34 31 35 35 35 37 43 39 36 40 40 36 40 41 41 42 46 43 45 43 47 42 42 44 46 46 45 45 45 45 48 47 47 46 48 45 46 47 49 46 47 47 47 47 45 47 46 47 46 45 46 39 39 39 36 35 35 25 25 17 15 16 12 16 14 7 9 6 8 5 7 4 3 3 4 7 3 3 3 4 4 3 4 4 3 3
24 22 25 23 28 22 24 31 32 30 33 30 33 32 39 39 32 36 35 33 37 40 39 39 37 40 42 41 41 39 42 43 43 45 42 44 46 47 46 44 42 49 45 46 48 47 48 45 46 48 46 49 46 48 46 47 48 46 47 47 46 46 47 46 42 36 39 37 35 30 34 27 21 19 14 17 19 13 15 13 8 8 5 4 7 5 5 5 5 6 4 3 3 3 3 3 3 2 3 3
28 27 29 26 30 33 28 31 28 33 32 34 32 35 39 34 39 38 39 37 41 39 39 42 40 43 41 45 42 43 46 42 47 47 43 44 42 47 42 46 46 45 47 47 43 47 47 45 46 46 46 48 47 47 45 48 48 44 46 45 47 45 43 46 41 33 40 37 36 30 33 26 24 21 23 16 19 15 14 16 8 9 10 7 8 7 3 5 4 3 4 3 3 3 3 3 4 2 3 3
26 27 27 23 29 33 29 27 30 31 36 37 34 37 36 36 40 35 41 43 42 41 35 37 41 42 40 46 43 46 48 43 45 44 46 46 46 44 45 48 47 47 46 47 49 46 45 45 48 47 47 46 49 47 47 46 46 49 46 47 46 47 46 47 43 44 40 40 36 37 34 30 24 20 21 13 18 12 10 12 15 11 11 8 6 11 4 4 4 4 5 3 3 4 3 3 3 3 3 3
28 32 33 28 28 36 32 31 34 34 39 36 33 36 40 39 40 38 40 43 42 40 37 40 38 43 44 42 43 42 45 46 42 46 47 45 46 44 43 47 46 49 46 46 44 47 47 47 48 48 47 46 46 49 46 48 47 48 48 47 47 44 43 45 46 41 37 37 35 34 36 37 23 21 12 16 20 12 15 10 12 9 4 6 6 5 5 3 4 3 4 3 3 4 3 2 3 3 3 3
32 29 28 26 33 34 35 28 36 35 39 34 36 37 37 37 37 39 42 40 43 41 40 42 44 41 42 43 45 42 43 45 44 47 45 46 46 45 49 45 45 46 47 47 48 49 47 46 48 47 47 47 46 47 47 47 47 46 48 46 47 44 48 44 44 43 37 40 40 35 42 28 35 23 18 18 17 17 18 16 8 9 7 8 7 8 3 8 4 3 3 3 2 3 2 3 2 3 3 3
32 31 32 30 35 32 32 36 35 35 39 36 35 38 39 40 42 39 37 41 41 40 42 40 42 43 43 44 41 46 43 44 47 47 44 47 46 46 47 46 45 45 47 48 47 47 47 47 48 47 48 47 48 47 45 47 47 47 48 48 46 47 48 47 42 41 43 42 37 36 35 33 25 23 22 18 14 19 10 9 13 9 11 6 5 4 4 4 5 5 4 3 4 3 3 3 2 3 3 3
36 37 30 32 30 36 36 31 38 38 33 36 38 38 38 40 40 41 44 42 40 44 43 40 44 44 41 42 44 46 46 46 47 45 45 48 47 48 47 48 48 48 47 46 47 47 46 46 47 48 48 47 48 47 48 46 47 47 47 47 47 46 46 44 45 45 44 43 37 39 35 31 25 21 23 21 17 18 15 11 8 10 4 4 5 5 4 4 4 3 3 3 3 3 4 3 3 2 3 2
33 34 31 27 35 30 33 33 37 34 39 38 40 40 42 42 43 44 42 41 42 47 43 43 42 44 41 42 44 45 46 46 45 47 45 47 48 45 45 48 47 47 48 48 48 48 48 47 46 48 48 47 47 49 47 47 48 48 48 48 49 46 47 45 44 43 43 46 41 33 35 35 25 26 19 25 15 15 13 9 10 12 7 6 8 5 4 4 4 3 4 3 2 3 3 3 2 3 2 3
34 35 32 35 37 36 37 37 34 37 39 34 39 40 43 42 41 42 41 43 44 43 44 45 44 44 45 45 45 45 45 46 47 47 48 44 45 46 47 46 47 48 47 47 48 47 49 48 49 47 47 49 49 48 47 49 47 46 48 48 47 48 48 46 47 39 44 41 41 41 32 29 31 21 19 18 18 22 13 14 10 8 7 4 4 6 5 5 5 4 3 3 3 4 3 3 2 3 2 3
32 31 34 34 36 39 39 40 39 40 37 36 39 40 44 39 39 43 43 42 42 43 44 46 46 46 44 45 47 48 44 46 46 46 49 46 47 46 47 47 47 47 48 48 46 48 48 47 47 46 47 49 48 50 47 50 47 48 47 47 48 47 47 45 46 46 40 43 38 42 36 39 21 24 23 22 21 15 18 17 10 14 6 5 5 8 3 4 2 4 4 2 3 2 3 3 3 2 3 2
38 33 32 34 36 34 39 38 39 39 37 43 44 45 41 44 42 43 42 46 42 42 43 45 46 46 45 48 48 45 48 47 48 49 48 45 47 46 46 48 47 49 48 46 48 48 48 49 49 47 48 50 48 48 47 47 47 48 48 46 47 46 46 47 44 44 44 42 40 40 39 35 31 24 23 22 21 15 15 16 9 10 8 7 6 5 3 4 4 4 2 2 2 3 3 2 2 3 3 3
37 37 36 35 36 39 39 39 41 40 40 41 42 43 42 40 41 43 44 41 44 44 45 47 47 48 44 48 46 46 48 46 47 47 47 46 47 46 47 47 48 48 45 47 47 48 48 49 50 49 49 47 47 47 46 50 49 48 50 46 47 47 50 47 43 44 45 44 39 42 37 33 30 26 20 30 19 13 13 13 13 8 4 9 5 5 5 7 5 3 4 3 3 2 3 2 2 3 2 3
36 35 35 38 37 37 39 38 36 39 41 43 43 44 43 43 41 44 43 44 45 42 44 44 46 44 45 47 45 46 48 49 48 48 49 49 46 48 47 47 49 48 49 48 49 48 47 47 49 50 47 46 49 49 48 47 49 49 48 47 47 48 47 45 46 43 44 45 42 35 41 39 27 29 20 22 20 17 16 11 10 8 11 5 6 7 6 6 4 2 3 4 3 3 2 3 3 3 3 2
32 36 38 39 37 39 40 39 41 38 40 40 39 43 44 46 45 45 43 44 44 45 46 43 47 46 47 46 48 46 47 46 45 47 46 49 47 46 48 47 50 46 48 49 48 49 48 46 48 48 48 48 45 49 48 48 46 48 47 48 47 47 49 48 48 45 44 41 41 40 40 37 34 32 13 20 21 22 17 18 12 14 9 7 8 5 5 4 4 3 3 6 2 3 5 3 3 2 2 4
38 37 38 38 40 38 37 40 39 40 43 42 42 43 42 36 45 44 44 41 45 45 45 44 47 48 46 47 47 47 46 48 49 48 48 46 47 47 46 48 49 47 47 47 47 48 49 47 50 47 49 49 48 46 49 49 46 49 48 47 49 47 48 47 47 46 44 43 39 41 40 36 41 24 20 16 19 17 16 17 16 12 10 8 7 6 4 6 3 7 3 5 3 3 2 2 3 2 3 3
37 36 38 37 41 36 41 41 44 39 38 40 43 43 42 39 47 46 46 42 44 44 47 42 45 44 46 47 45 48 46 47 48 48 48 48 48 47 48 48 49 49 48 48 48 47 49 48 48 47 46 47 48 49 47 49 48 49 47 48 49 49 49 49 47 45 46 41 44 38 41 39 28 27 24 24 26 17 17 14 16 16 10 8 7 3 2 5 3 6 5 4 4 2 3 3 2 3 2 2
40 39 35 38 36 37 39 41 43 42 44 46 40 44 44 42 45 43 42 46 44 44 46 46 47 47 46 47 46 48 48 46 48 46 47 46 47 48 47 48 50 48 47 46 49 47 47 49 49 50 47 48 49 47 50 48 49 47 47 50 49 47 49 45 46 45 43 47 42 42 44 38 36 34 28 24 21 16 17 19 12 9 8 7 7 5 4 4 5 4 4 4 2 3 2 3 2 3 3 2
37 35 32 38 35 39 41 41 40 40 38 43 44 43 42 45 40 45 44 46 48 48 45 45 48 47 46 47 46 48 47 47 48 46 46 47 48 50 49 49 48 49 48 47 47 49 48 47 49 48 50 48 48 49 50 49 48 47 49 49 50 48 47 49 45 47 45 41 42 46 41 38 32 29 19 25 24 18 13 15 13 11 7 9 12 7 6 5 5 6 4 3 3 3 4 2 3 3 4 3
36 38 38 36 36 39 40 38 41 43 40 43 43 46 46 43 46 42 45 46 46 47 46 47 45 45 47 48 49 48 47 47 48 50 48 48 49 48 47 48 49 48 49 48 48 48 50 49 48 47 48 50 49 50 47 48 48 49 49 51 48 48 46 46 45 47 43 42 43 41 38 42 35 34 23 23 20 23 20 17 15 10 7 12 8 11 7 4 3 7 3 4 3 3 3 3 3 3 4 3
35 37 42 39 37 38 40 40 39 38 42 43 44 42 47 46 45 44 45 46 45 47 45 46 46 47 49 50 49 48 45 48 49 49 48 49 47 47 48 49 47 48 46 47 46 50 48 50 49 47 48 49 48 47 47 49 48 49 47 49 49 47 48 47 49 46 49 46 44 45 40 39 30 29 30 24 27 20 23 18 17 13 11 7 4 7 6 5 3 4 2 4 3 4 3 3 3 3 3 3
35 37 39 39 37 38 42 43 41 43 43 40 46 44 44 46 45 48 46 47 47 45 46 48 44 47 46 48 45 50 48 48 49 48 49 48 48 49 48 47 49 46 48 47 50 48 48 47 48 47 47 48 50 47 49 50 50 50 46 49 48 49 48 46 46 46 45 45 44 40 43 41 37 32 29 22 19 26 17 19 11 17 13 12 7 8 7 7 3 3 6 4 4 3 3 2 2 3 3 3
31 37 38 36 41 36 38 40 44 44 41 43 42 43 47 46 45 44 44 46 48 48 48 46 46 47 48 48 47 48 49 48 48 48 49 49 47 50 50 47 48 49 46 49 49 49 49 49 51 49 50 49 48 48 48 48 47 48 50 48 48 50 46 49 46 44 47 44 50 45 42 37 36 31 29 23 22 21 20 18 17 15 9 7 7 11 11 5 4 6 3 3 3 4 3 3 3 3 3 3
35 37 36 38 40 42 43 41 40 45 43 46 45 45 46 47 46 43 45 46 48 47 45 46 48 48 47 48 48 47 48 49 47 49 47 48 49 49 47 48 47 48 48 48 50 48 49 48 47 47 48 47 49 50 50 48 49 49 48 48 48 49 47 47 46 47 44 49 43 46 39 38 33 35 29 29 28 19 22 21 14 17 15 7 6 6 6 9 6 6 4 5 4 3 4 3 4 3 3 3
36 36 34 37 41 40 37 39 40 44 41 45 42 45 44 45 45 46 47 46 45 47 44 46 47 47 47 45 45 47 47 47 45 47 48 50 50 49 48 47 48 47 50 49 48 48 50 48 48 48 51 49 49 50 51 47 49 48 49 48 49 48 47 49 46 46 45 41 42 45 41 38 34 37 31 22 24 28 24 18 14 13 10 5 10 9 5 5 4 4 3 4 3 3 3 3 3 4 3 3
36 35 34 36 36 39 37 42 43 41 41 38 45 45 45 44 46 47 46 47 45 46 47 49 46 44 45 46 49 46 48 48 47 47 48 45 50 49 47 47 49 48 49 46 49 47 47 48 49 48 49 49 48 48 49 50 48 49 49 49 47 50 49 47 46 49 47 44 44 45 36 44 43 34 29 25 28 20 20 19 13 13 12 16 12 12 8 8 9 4 6 5 9 4 3 3 3 4 3 3
36 40 37 37 40 38 41 41 37 41 42 42 39 47 43 41 44 46 44 45 44 46 46 44 47 45 48 47 47 47 48 46 49 48 48 48 49 47 48 49 47 49 48 48 49 49 48 48 48 48 50 48 49 48 48 49 49 47 48 50 45 50 47 49 48 45 44 48 46 43 44 35 36 33 37 33 30 20 23 20 19 15 14 8 11 7 8 6 7 6 6 6 3 3 3 4 4 3 3 3
34 38 37 39 39 41 41 37 39 42 39 42 43 44 45 47 44 43 45 47 47 47 48 48 47 47 49 49 46 49 49 50 49 47 49 49 48 47 49 49 49 48 47 46 48 50 49 47 48 48 49 49 49 48 49 48 49 46 47 49 49 48 49 47 47 47 47 46 45 46 41 42 41 36 31 30 30 26 24 21 22 21 16 17 15 8 10 8 4 4 5 4 4 4 4 3 4 3 3 4
36 38 37 37 37 35 38 40 41 40 41 41 39 44 41 43 43 46 45 46 44 48 47 47 46 46 47 48 48 48 48 48 47 49 48 48 47 48 49 48 47 48 48 48 49 48 49 48 49 50 47 49 48 50 49 49 49 47 51 49 50 49 48 45 49 49 48 46 45 42 41 35 37 35 29 30 27 24 20 19 24 10 13 11 12 6 7 7 5 6 6 5 4 3 3 4 3 3 3 4
39 36 37 38 35 38 39 42 42 43 41 37 42 45 42 43 44 44 46 44 46 49 47 47 47 48 49 48 49 49 47 50 47 48 48 49 48 48 50 49 49 47 48 49 48 49 50 48 47 47 50 48 48 50 48 48 48 51 47 49 50 50 48 49 48 47 45 45 45 41 44 45 38 39 32 30 33 31 22 19 16 15 14 13 16 11 8 10 8 4 5 5 5 4 4 3 5 4 5 4
35 43 36 36 35 40 40 38 45 42 44 40 42 44 45 43 45 44 43 45 44 43 48 43 48 48 48 48 45 46 45 48 48 49 49 47 47 48 48 48 47 50 49 48 48 50 48 50 49 48 49 50 48 49 49 49 47 49 48 51 48 50 49 48 47 47 45 45 48 45 44 44 41 31 28 33 27 22 26 19 23 11 15 17 13 12 6 8 8 4 4 6 4 4 5 5 4 4 3 3
35 39 33 39 33 38 37 42 42 39 44 43 40 43 43 44 46 46 47 44 47 46 44 50 47 49 47 48 46 48 48 49 49 48 48 48 50 48 48 47 50 49 48 50 48 50 49 48 47 49 49 49 49 48 48 50 48 49 49 50 47 46 50 46 49 48 45 48 44 45 44 44 31 33 33 28 30 29 20 24 19 15 14 14 12 13 11 6 7 7 6 7 3 6 4 3 3 4 4 4
32 32 40 34 36 37 38 41 40 37 43 42 40 43 44 46 44 44 45 48 46 44 47 46 45 48 45 47 48 48 47 49 49 48 48 49 49 49 50 47 48 47 49 50 48 49 48 49 48 49 48 47 49 47 48 49 48 50 48 48 48 48 48 46 46 48 48 45 46 45 41 39 41 39 30 36 30 23 24 27 17 20 14 12 16 14 10 10 5 8 4 5 4 4 3 5 3 4 3 4
32 34 35 33 35 39 36 42 40 38 39 40 45 42 45 42 42 48 45 45 45 46 44 45 48 45 47 47 47 45 47 47 47 50 48 48 47 48 48 48 48 48 48 49 48 46 50 49 49 49 49 49 48 48 49 49 48 49 48 50 50 49 48 45 47 47 47 43 45 47 46 42 42 39 31 40 28 32 33 26 23 20 18 15 12 10 8 5 10 8 9 6 5 5 4 5 5 3 3 4
32 31 36 37 36 37 38 35 37 40 40 39 42 38 40 45 43 44 44 47 46 43 46 51 46 46 47 47 47 46 49 48 47 48 48 48 49 49 50 49 50 49 49 48 48 49 48 49 48 47 48 48 48 48 48 49 50 48 46 50 48 49 49 48 46 46 48 47 45 42 43 39 36 33 35 35 29 31 29 21 24 17 18 13 15 8 13 14 6 9 8 6 4 5 9 4 5 3 4 4
29 27 32 33 39 37 36 37 34 37 42 40 40 41 40 44 45 44 44 43 46 47 44 44 47 46 46 45 46 48 48 48 47 49 50 48 48 48 47 50 49 48 49 49 50 49 49 48 48 50 49 50 49 48 47 48 48 49 48 47 48 48 47 47 48 48 46 46 42 45 44 40 36 34 37 37 28 24 24 24 18 18 20 13 18 11 9 15 6 8 5 7 8 4 5 6 5 4 4 4
31 34 33 34 34 40 33 36 39 40 43 41 40 41 39 43 42 45 43 45 45 46 44 46 45 44 48 47 49 46 47 48 49 48 49 49 50 47 49 50 49 49 49 50 47 47 51 47 48 50 48 49 49 50 49 47 48 49 49 47 48 48 49 50 47 46 44 48 45 48 41 35 36 39 31 38 25 23 22 22 20 20 19 15 17 14 12 10 6 5 9 10 5 5 6 5 5 5 5 4
24 33 31 36 32 34 38 32 39 42 42 41 40 40 40 42 44 44 39 43 45 46 45 44 47 42 47 48 49 48 49 47 47 47 48 48 49 49 50 49 46 47 48 48 49 48 47 49 48 51 49 51 48 49 48 49 48 48 48 50 49 50 47 48 48 49 46 50 42 45 39 41 39 41 38 33 30 33 27 26 21 14 21 22 14 12 10 9 10 9 4 7 6 5 5 4 4 4 6 4
33 31 32 36 35 36 36 35 36 38 42 40 41 40 42 44 43 43 40 43 42 45 42 45 46 45 46 49 46 47 45 49 48 48 47 49 48 49 48 47 49 49 49 49 49 48 49 48 50 48 49 48 48 49 50 48 48 51 49 49 49 50 48 48 48 46 46 44 48 40 39 34 44 40 34 36 33 27 30 24 27 24 21 17 17 17 17 13 11 9 7 7 5 4 5 7 4 6 4 4
32 27 35 31 32 32 35 33 39 35 38 36 37 38 41 35 43 42 41 45 45 48 45 46 47 47 46 48 48 48 46 46 49 48 48 48 48 49 50 48 50 47 48 49 49 48 48 50 47 48 48 50 48 48 47 49 47 49 50 47 48 50 50 47 47 48 47 43 47 46 40 38 36 38 35 28 32 25 25 24 23 27 14 16 13 12 16 10 11 7 9 9 7 6 5 5 5 5 5 4
27 22 35 30 34 37 37 32 39 37 38 41 37 40 37 44 45 42 42 45 47 44 48 47 44 44 46 46 48 46 48 47 47 49 48 49 47 48 50 48 50 49 49 48 48 49 47 50 49 48 47 50 51 46 47 47 50 47 49 48 47 50 47 47 47 48 45 44 46 45 41 45 42 40 41 32 38 30 28 22 27 23 21 18 18 14 10 15 12 9 10 11 4 11 6 8 7 4 4 4
29 30 30 31 34 37 36 36 34 35 37 39 38 42 42 40 39 43 42 45 44 44 44 46 48 44 48 44 46 46 46 46 47 48 47 48 48 48 49 50 47 47 50 50 50 48 48 49 49 49 48 48 48 49 50 50 50 48 48 46 49 48 49 44 46 48 48 45 47 40 43 39 44 39 36 36 31 29 29 24 20 22 29 18 24 17 14 11 10 11 10 6 6 7 6 4 4 4 5 5
29 30 27 28 28 28 29 33 41 34 36 35 39 43 39 40 41 43 42 43 40 43 45 43 43 44 45 44 49 51 46 48 48 49 48 48 48 48 49 48 49 47 46 49 48 48 49 47 48 48 47 49 48 48 48 48 47 48 49 50 49 49 47 50 48 43 41 45 44 42 44 42 36 37 38 37 33 30 24 28 28 25 17 18 20 15 11 11 12 9 10 10 10 9 6 5 6 5 5 4
30 28 30 31 33 31 30 33 35 35 38 35 36 37 38 41 42 41 43 42 40 42 41 44 47 46 44 46 47 45 45 47 49 49 49 50 49 51 48 50 50 48 47 46 45 48 49 49 49 49 49 50 49 48 48 49 48 51 50 48 49 48 48 48 45 46 46 46 47 45 41 43 38 36 34 30 30 27 28 32 23 28 18 13 20 14 19 12 10 10 7 7 10 6 8 5 6 5 5 4
23 29 29 32 28 33 30 30 31 34 33 35 40 42 39 38 41 41 41 41 41 43 40 43 44 43 45 47 46 43 47 46 46 47 47 48 48 48 48 48 48 48 48 48 48 48 48 48 48 50 48 47 48 48 48 48 47 50 48 48 47 49 48 48 44 48 47 47 45 43 39 41 35 34 31 30 25 30 31 23 22 27 15 18 16 15 19 11 11 13 13 8 9 8 6 7 6 5 5 4
26 30 25 31 32 29 30 32 33 31 34 34 36 37 36 39 39 43 45 42 43 43 42 38 42 45 45 45 43 46 48 47 46 47 43 49 48 48 46 49 47 48 46 49 46 49 49 48 48 48 48 48 49 48 47 50 49 48 48 48 49 48 47 46 47 48 46 47 45 45 44 43 41 36 37 34 37 28 28 23 25 23 22 18 22 11 15 11 11 9 7 7 7 6 6 6 5 5 4 5
25 23 28 27 29 27 34 31 34 32 36 33 37 36 34 35 40 38 41 42 42 43 45 43 43 42 45 44 44 45 44 45 46 49 49 47 48 49 47 48 47 48 49 49 50 48 48 47 49 47 48 48 48 49 50 47 49 49 47 49 49 50 47 48 45 48 47 46 43 42 42 39 37 34 34 37 29 34 22 25 19 25 16 18 12 14 10 10 12 9 8 8 8 6 8 7 6 6 8 5
24 25 22 27 26 24 29 31 35 33 34 34 34 34 37 39 40 37 40 38 39 39 43 43 46 45 43 42 46 43 46 45 48 44 46 48 50 48 50 46 48 48 47 48 48 50 50 48 50 49 49 47 50 49 47 48 49 48 50 47 51 48 47 47 46 46 46 46 45 45 37 35 36 33 34 29 29 33 26 23 28 21 23 19 15 16 11 10 10 11 11 6 11 9 7 7 7 7 6 5
22 24 26 27 28 27 29 30 30 34 27 36 35 34 36 37 36 35 40 38 41 36 42 45 46 44 46 45 46 44 46 44 49 46 46 46 45 49 48 46 48 48 48 49 47 48 47 50 48 45 48 49 47 51 48 47 47 49 48 47 47 48 46 48 48 45 46 44 46 45 40 36 37 35 36 33 32 26 29 26 23 25 25 20 13 16 13 14 11 14 9 7 6 5 7 5 7 5 5 6
25 23 22 24 28 28 31 28 29 32 28 32 30 29 36 34 34 39 40 35 37 36 42 42 40 45 41 44 44 45 41 47 46 46 48 44 48 48 46 46 48 48 49 47 46 46 48 50 49 48 52 47 48 48 48 49 46 49 46 48 47 49 44 46 51 44 46 48 45 42 41 35 35 27 31 27 30 27 29 23 21 28 22 18 18 13 10 10 11 12 10 12 5 7 8 6 7 5 9 5
21 22 23 23 27 25 23 25 26 32 26 28 29 34 39 35 33 38 35 35 40 40 37 43 43 38 41 44 43 47 41 46 46 43 44 47 45 47 47 45 47 47 50 46 50 47 51 47 48 49 47 49 47 48 48 50 47 48 48 48 48 48 45 47 46 44 42 42 42 46 46 41 38 37 34 25 26 32 33 24 24 25 20 17 13 12 10 18 13 7 12 8 6 7 5 6 7 5 4 5
21 21 22 26 21 25 26 23 26 27 25 30 33 31 32 31 32 35 30 36 34 39 41 39 38 37 40 37 44 40 45 47 44 44 48 42 44 48 47 44 47 48 50 47 46 45 47 47 49 47 48 48 48 47 48 47 46 47 50 47 47 46 46 44 45 45 44 43 40 40 43 39 34 36 28 33 29 30 25 25 19 23 20 14 18 10 9 15 7 10 7 13 5 10 10 8 6 6 5 5
20 21 22 22 25 23 27 26 29 26 25 27 29 31 26 31 34 37 32 34 38 36 37 36 34 39 42 42 43 42 44 43 43 45 44 43 46 43 48 44 47 47 47 47 47 48 45 48 48 47 47 48 46 46 47 49 47 50 46 47 45 48 46 46 42 44 42 45 42 40 37 34 34 34 33 27 27 29 28 20 25 22 17 12 15 9 11 10 13 10 8 7 5 6 6 5 8 5 6 5
25 22 22 22 23 19 23 22 26 23 25 27 24 30 29 32 33 33 32 36 29 35 36 37 40 41 39 41 41 41 44 42 44 42 43 41 46 46 47 46 46 45 46 46 48 50 47 47 47 49 47 50 48 47 48 46 46 45 47 48 48 47 43 44 44 44 44 43 40 39 41 37 37 35 35 26 28 28 29 27 26 20 15 15 13 13 11 10 11 7 8 11 7 8 6 8 6 6 6 6
17 21 21 19 22 20 23 21 26 26 23 27 25 26 25 31 27 30 30 35 29 37 35 36 39 38 36 40 41 40 43 42 45 42 44 44 43 47 44 44 44 46 45 46 46 46 47 46 46 47 47 45 48 45 45 44 46 47 45 46 46 48 45 46 44 45 46 45 35 41 37 33 33 35 25 29 26 24 25 22 16 24 14 19 14 20 12 12 13 10 11 7 8 8 7 6 5 5 6 7
17 21 17 19 21 19 20 20 21 25 26 31 28 28 27 29 27 32 28 32 27 32 36 32 34 36 36 34 38 39 41 42 40 43 41 42 39 43 44 45 43 45 43 47 47 45 45 45 46 46 46 45 45 45 46 46 46 45 46 47 45 46 43 44 45 36 41 41 44 41 40 30 31 30 30 28 24 22 19 23 18 19 15 17 14 13 13 9 6 10 8 7 6 6 8 7 8 7 5 6
16 18 18 19 19 19 19 24 17 22 24 22 22 28 27 25 27 29 32 32 29 32 34 32 33 35 39 38 36 37 38 38 38 39 41 40 41 44 42 41 41 42 45 45 44 43 43 45 42 46 44 45 43 41 44 44 43 41 44 46 44 39 44 42 39 39 38 40 34 34 30 33 36 30 33 25 20 22 19 21 26 15 15 16 13 16 7 7 8 7 7 8 7 8 8 7 7 6 6 5
