386 397 384 374 389 372 362 379 375 353 346 345 371 363 352 342 333 315 319 313 290 329 313 322 295 293 237 213 207 228 228 216 202 196 203 147 160 161 176 177 135 125 140 141 106 90 81 91 54 69 59 86 63 69 66 87 60 79 87 129 119 186 144 200 194 229 270 275 252 323 359 362 375 338 360 412 395 425 414 422 409 433 435 409 439 438 434 438 439 441 439 441 437 440 441 439 439 438 441 440
395 376 386 377 377 375 370 364 370 358 373 338 355 360 357 328 307 312 309 306 292 305 286 297 312 273 290 263 255 212 233 238 212 189 207 179 168 176 191 199 159 138 139 109 105 119 131 93 71 84 76 67 68 80 68 45 62 82 80 74 104 143 204 173 180 243 251 232 262 301 352 387 373 375 377 400 406 434 409 428 434 437 433 437 431 435 439 439 441 441 435 440 439 438 442 439 439 443 441 442
387 387 389 370 386 372 371 367 362 358 347 368 353 315 352 357 308 343 312 308 312 338 265 296 282 262 258 250 271 265 236 213 220 195 188 150 178 122 181 144 112 126 93 88 115 92 77 94 89 53 74 60 54 54 61 57 75 111 73 122 93 151 152 204 207 251 240 264 239 241 330 329 356 362 422 374 404 402 401 425 404 425 432 429 433 437 440 438 436 436 438 442 438 436 440 438 439 438 438 436
402 391 378 355 376 359 362 356 333 356 344 358 360 349 339 304 342 288 299 301 283 311 292 255 273 256 236 218 205 238 195 243 201 236 169 164 138 121 145 158 132 106 115 93 92 86 69 65 80 68 58 72 31 65 48 62 73 69 88 94 132 133 167 230 209 169 223 257 265 319 276 343 376 348 377 414 378 424 433 434 413 408 435 424 437 437 442 440 438 436 441 439 441 441 438 438 438 439 442 441
392 378 391 371 379 359 374 364 371 368 351 323 334 338 337 329 328 327 315 309 294 276 268 241 287 246 228 217 239 231 227 228 192 230 183 178 169 156 159 181 123 126 106 112 108 71 103 64 71 79 38 64 38 40 69 58 65 57 73 90 105 191 187 150 212 242 271 234 283 311 359 368 333 351 373 368 414 393 420 417 439 426 433 440 428 438 437 438 440 441 441 439 441 439 439 437 441 437 437 441
383 381 379 380 363 357 366 358 361 359 343 352 345 350 339 299 327 299 323 282 282 279 265 276 274 244 247 250 204 237 201 175 217 216 160 167 171 162 124 142 131 96 115 65 113 82 67 69 89 89 54 73 57 51 61 37 33 75 36 61 112 157 83 203 177 212 251 232 261 275 330 335 367 406 337 398 396 414 414 431 423 412 413 408 436 436 436 440 440 441 438 439 438 441 443 439 440 438 440 442
373 376 385 371 372 367 364 363 372 353 352 371 336 314 330 315 357 311 325 340 282 266 305 304 257 212 239 224 231 252 201 197 178 190 168 171 166 169 161 107 121 112 126 105 99 67 102 64 74 46 23 61 56 60 66 45 50 81 98 78 126 120 126 177 171 194 197 233 284 305 292 350 369 387 338 391 412 391 407 409 427 407 438 421 438 436 440 439 438 438 436 439 440 437 440 439 438 439 440 441
382 382 389 379 375 371 366 361 373 364 351 338 345 327 318 312 337 305 334 318 327 315 282 282 254 259 246 227 207 205 211 190 178 224 174 161 199 164 123 92 116 108 88 87 99 85 55 46 58 78 51 56 70 56 43 60 65 51 57 106 86 127 138 187 220 214 239 250 256 267 336 333 354 370 370 390 393 386 408 411 428 411 428 429 439 430 433 435 441 440 439 440 440 441 442 442 440 440 440 441
367 398 370 363 362 368 349 380 341 361 333 358 336 339 327 323 290 333 336 302 286 280 273 267 244 288 249 278 213 202 176 182 204 184 156 177 156 142 96 132 107 83 96 83 92 62 69 79 61 57 63 48 57 62 40 56 59 99 87 112 148 126 108 184 171 187 233 211 251 302 340 338 351 381 379 392 366 407 415 402 422 416 434 433 439 437 437 437 435 439 440 440 431 441 441 437 438 440 442 441
363 372 374 383 371 368 356 341 362 346 327 330 334 324 333 330 331 327 332 245 297 310 299 274 234 237 286 199 227 230 216 215 200 200 171 157 159 132 148 139 179 113 74 71 83 65 91 109 72 60 58 52 64 67 47 55 63 60 57 93 116 117 144 144 186 196 215 230 224 268 310 365 323 353 376 374 406 403 402 402 430 418 433 420 439 437 438 438 426 438 428 440 438 440 440 439 441 441 440 439
374 376 348 367 371 381 373 368 355 357 377 338 348 349 316 332 306 307 275 310 293 302 258 246 250 264 247 215 180 238 163 183 159 166 160 155 155 155 141 139 104 103 126 84 93 85 49 64 84 93 62 44 47 37 28 53 33 107 69 81 135 98 119 142 214 151 183 234 278 251 319 331 366 327 381 379 416 399 394 432 420 420 431 434 417 440 436 442 436 441 437 438 440 441 441 441 438 438 442 435
383 392 374 375 375 367 377 361 361 331 344 353 331 346 325 304 308 284 303 287 296 321 281 306 253 264 260 237 228 187 180 154 168 178 94 146 136 128 132 81 118 84 111 81 97 95 77 58 34 54 62 43 34 34 43 24 78 47 63 77 106 118 118 172 189 170 247 219 267 237 377 334 377 326 382 352 374 402 387 414 434 429 414 433 428 437 437 436 439 441 442 440 441 441 440 439 441 439 442 437
376 372 364 363 369 350 381 377 373 352 331 341 326 306 281 325 300 314 302 290 270 257 226 234 246 275 236 228 193 193 192 184 167 162 135 122 137 100 112 121 137 98 86 62 66 68 77 48 59 56 26 29 60 38 44 37 59 64 68 33 48 80 121 183 177 143 193 254 237 227 305 327 350 329 394 399 373 373 426 399 396 417 427 434 426 438 428 437 440 437 436 438 440 438 439 442 438 437 441 439
377 387 371 364 353 361 358 337 358 331 339 339 322 304 314 278 284 243 290 276 260 253 244 241 237 267 235 254 217 173 165 180 164 153 163 159 95 114 166 95 120 110 76 64 77 86 45 75 52 43 26 40 40 60 32 35 47 34 43 66 116 107 89 169 188 188 212 216 229 200 283 314 352 356 390 394 390 396 410 400 409 424 436 423 436 430 430 441 437 435 430 440 441 441 440 438 441 437 439 441
364 382 368 365 364 366 361 356 332 376 332 327 312 310 318 306 289 305 298 272 238 282 261 230 234 209 210 196 161 198 171 170 164 156 154 159 126 108 122 136 80 111 92 67 59 67 50 60 50 56 55 30 43 30 39 59 71 33 52 70 103 117 105 176 149 184 219 202 195 281 288 334 326 357 360 400 371 384 403 427 423 413 406 432 429 428 438 437 428 440 442 438 440 440 441 440 441 439 442 442
376 377 370 350 362 361 367 362 362 326 354 323 312 306 303 295 262 238 265 283 241 268 249 252 250 227 184 213 172 180 182 208 134 168 152 108 116 123 110 108 96 98 98 83 67 75 65 44 57 39 37 44 32 37 30 46 41 56 68 59 91 87 111 201 160 175 194 190 296 219 295 360 378 323 369 372 386 400 386 424 419 424 436 416 432 431 433 437 435 437 436 439 439 441 437 436 440 441 441 439
385 376 342 364 352 332 349 372 366 319 329 311 339 326 316 296 287 296 260 263 284 236 255 245 257 202 227 185 218 156 184 171 169 138 138 175 143 117 164 138 91 100 84 61 87 69 60 67 36 39 48 31 34 25 41 44 47 47 65 70 65 108 89 137 155 193 185 203 211 227 308 294 359 367 336 376 394 385 383 416 422 412 431 429 435 428 428 429 434 438 437 439 440 441 439 439 440 441 440 441
368 368 370 385 343 367 362 347 339 352 334 314 324 287 274 261 297 264 293 277 248 241 273 243 261 231 194 198 154 186 174 133 166 139 182 115 88 84 95 102 73 86 54 89 60 72 47 44 45 31 54 37 46 38 57 47 44 43 59 42 99 119 113 141 149 202 158 178 237 274 313 311 367 338 324 372 401 413 405 403 412 421 432 421 437 438 440 436 431 439 432 438 437 439 440 438 436 440 440 436
369 353 331 356 342 341 342 362 318 338 316 304 304 307 301 304 288 253 268 263 268 295 254 236 228 205 162 173 220 212 190 135 171 104 139 114 108 82 73 116 72 89 54 82 73 85 57 51 32 54 37 52 38 31 35 29 41 64 53 50 54 108 108 111 149 186 177 275 229 237 277 378 354 365 374 339 408 397 400 411 402 423 435 419 439 440 441 441 438 440 439 438 442 440 439 440 440 438 442 442
362 355 364 361 341 354 343 330 304 322 298 321 299 293 275 318 274 274 302 269 259 216 215 250 227 190 176 190 158 175 209 106 124 134 171 177 68 102 129 79 91 85 86 54 45 44 45 74 32 47 31 41 35 33 31 45 37 41 25 67 99 97 74 128 101 197 213 269 173 203 304 324 343 383 389 344 361 394 411 417 424 400 421 428 439 437 439 436 440 438 438 438 440 440 439 439 439 438 439 441
349 374 366 369 347 354 361 345 317 314 300 324 310 315 299 285 257 260 289 268 267 178 254 238 190 227 183 147 170 140 178 150 135 115 98 111 124 110 64 111 80 107 53 42 58 61 32 70 44 37 39 37 21 35 22 37 43 52 77 44 83 83 72 125 107 146 165 203 198 259 321 330 324 287 333 346 369 391 375 421 422 404 405 436 424 439 416 435 429 432 440 441 432 437 441 442 443 441 441 441
363 342 349 319 334 341 341 327 321 351 289 291 290 322 314 317 291 259 223 245 226 232 248 197 214 210 210 151 196 197 137 158 133 102 142 102 91 116 76 82 78 68 76 90 57 44 42 50 34 38 58 34 32 36 24 24 38 24 26 82 38 113 102 157 104 145 203 160 188 204 256 310 292 322 374 373 382 378 359 410 422 414 420 431 436 441 431 436 441 428 439 442 439 439 440 437 440 439 440 440
366 351 338 338 360 322 340 341 302 297 308 338 277 315 281 295 246 244 229 254 224 249 227 228 216 159 157 197 137 139 170 157 143 127 101 102 97 130 51 73 119 60 48 55 56 50 37 51 45 33 35 31 34 28 19 28 39 50 75 65 87 87 106 151 183 156 249 192 183 229 277 318 321 284 327 353 356 359 415 395 429 423 416 437 428 439 440 440 430 438 438 438 440 439 439 439 439 441 441 441
358 364 337 340 335 314 328 346 339 289 298 313 278 322 273 266 273 276 224 254 225 203 200 213 199 199 164 193 135 171 131 150 113 103 133 140 77 116 112 64 97 71 61 68 52 32 63 52 50 35 42 45 35 28 29 23 34 47 48 49 75 88 71 135 174 184 172 142 173 267 235 299 321 296 309 354 370 333 347 371 383 421 423 413 437 422 441 437 431 434 441 442 440 439 436 439 438 442 438 438
362 352 347 324 353 333 322 349 313 292 335 298 303 255 259 284 256 259 245 245 249 163 228 182 173 163 190 184 148 92 160 102 142 99 120 120 136 87 101 69 71 65 68 64 66 51 41 57 31 27 22 36 32 29 35 30 32 24 43 51 46 96 107 105 116 200 177 153 232 224 271 305 334 334 348 340 354 370 368 414 408 412 426 436 436 436 441 433 442 440 439 438 437 439 440 441 441 438 440 439
368 375 344 365 349 337 301 287 311 324 320 291 300 279 259 249 267 260 240 203 188 211 216 190 157 192 181 129 190 146 114 147 111 120 115 87 92 83 75 69 59 49 53 72 45 44 53 33 44 36 22 23 26 26 30 32 26 51 21 55 55 75 88 116 141 156 97 155 180 204 245 313 268 331 407 350 370 381 361 369 405 438 428 403 427 436 437 436 439 437 438 438 440 438 437 442 440 436 443 443
366 330 347 358 335 335 283 294 292 272 304 313 261 275 258 296 231 241 267 251 224 215 173 180 155 220 123 173 126 127 126 168 140 126 78 129 99 77 50 98 65 73 49 49 50 35 48 63 34 40 30 25 23 28 26 39 32 49 38 45 63 85 68 111 131 158 123 178 178 208 282 299 308 312 351 312 412 404 418 417 411 429 410 385 430 424 439 429 439 431 440 438 438 439 438 439 443 440 442 440
363 365 340 341 309 320 312 320 282 309 289 295 271 258 242 285 251 237 245 188 244 178 159 208 194 177 183 152 147 157 127 126 159 148 109 83 71 91 72 64 77 51 53 42 59 43 57 26 40 36 30 32 30 32 17 35 26 32 52 32 70 69 64 103 71 121 162 184 119 137 226 233 297 322 346 340 334 384 425 406 410 403 423 434 423 430 431 437 436 439 438 441 441 435 438 439 437 440 439 441
354 354 322 344 350 324 305 304 296 251 280 287 278 233 278 242 222 247 197 216 175 218 210 177 167 171 169 129 122 130 124 110 118 106 73 70 88 78 44 50 57 33 49 51 37 24 55 37 33 24 37 29 25 18 23 19 38 24 42 13 80 64 86 139 125 124 187 180 176 232 279 305 340 321 346 339 362 359 344 372 383 412 420 421 405 413 430 440 440 439 442 440 440 436 439 439 440 439 438 440
356 364 308 331 324 317 282 280 263 296 288 283 253 285 239 248 272 259 238 210 215 182 214 141 180 123 147 151 137 130 92 125 118 118 110 88 87 106 39 63 79 62 40 65 59 48 48 28 36 24 17 31 27 26 25 15 34 27 49 16 47 59 91 122 105 154 121 187 153 131 264 283 337 354 349 354 360 360 385 409 402 429 413 394 430 428 440 433 431 437 441 438 440 438 438 440 436 442 440 438
325 340 323 325 304 341 311 305 260 262 238 282 269 240 226 285 223 226 210 174 195 175 197 171 158 167 169 121 131 91 135 98 115 86 97 66 85 35 87 62 44 49 25 42 31 30 50 23 30 27 26 19 15 28 20 26 17 36 42 37 43 49 73 108 157 135 113 189 197 171 249 250 326 337 338 364 405 379 380 375 397 404 426 421 413 439 420 426 441 441 437 438 439 441 436 438 439 437 440 441
310 366 340 315 290 299 272 304 271 273 269 291 246 236 263 248 193 209 188 198 211 163 184 198 153 147 114 145 152 113 59 129 99 105 98 90 83 78 54 81 63 30 40 27 30 30 35 37 17 23 27 20 36 22 27 30 34 19 27 29 48 46 67 92 100 95 135 140 188 200 246 246 281 336 350 377 341 359 409 377 410 397 394 427 436 423 438 441 437 439 429 438 437 438 441 438 439 442 438 440
334 333 321 308 320 333 262 308 279 293 254 270 212 265 239 200 227 203 233 198 210 165 168 170 147 169 105 118 128 137 118 71 82 73 87 105 48 59 56 49 66 54 40 30 25 38 37 40 39 31 21 29 23 33 22 22 24 30 58 39 33 67 58 79 146 138 165 192 176 169 205 259 311 249 361 348 377 360 332 370 384 402 426 429 431 432 435 429 438 439 437 439 439 440 441 437 443 441 437 441
314 298 324 305 287 288 265 291 242 281 294 226 240 212 229 192 218 219 191 197 172 150 219 179 137 141 135 123 112 89 98 94 83 57 46 93 55 69 65 70 35 37 19 46 23 47 25 31 22 38 32 21 20 20 14 23 45 35 20 34 37 77 69 76 127 143 136 96 196 196 240 271 343 345 331 387 353 349 371 398 382 411 425 404 430 404 438 441 435 437 428 435 442 436 437 440 442 441 436 440
312 322 322 311 274 290 300 301 256 255 257 233 242 245 209 229 199 225 184 181 152 149 129 184 115 136 134 99 85 111 109 76 90 97 92 56 63 65 54 52 46 51 32 58 39 33 37 28 38 21 25 22 27 19 18 19 28 28 15 62 33 48 44 100 99 60 173 132 116 116 238 269 307 320 333 340 365 407 321 384 389 426 415 402 429 430 421 421 435 441 440 437 436 438 438 439 438 442 439 440
311 322 280 313 264 273 272 265 296 249 232 261 226 212 203 236 174 179 175 165 154 145 155 148 129 186 140 116 113 82 72 68 96 89 79 73 57 60 46 29 33 57 30 27 31 39 51 18 20 26 32 29 33 25 26 15 17 29 27 43 40 52 44 98 118 123 146 113 124 170 201 256 257 341 299 302 328 329 362 396 378 410 417 410 430 413 430 420 439 440 423 438 438 437 439 439 440 439 438 440
310 314 303 275 315 246 280 250 252 299 206 247 198 194 183 230 208 198 152 146 170 130 144 118 60 139 107 106 126 82 102 96 106 45 49 69 97 39 39 44 50 25 31 43 22 29 19 32 18 21 26 21 31 25 25 19 27 28 42 33 51 44 68 87 125 79 128 115 173 184 210 294 286 320 359 317 307 374 344 394 411 415 404 432 414 429 429 430 429 429 439 438 437 440 431 439 439 440 437 441
280 312 318 299 272 297 261 258 231 239 244 247 235 202 222 236 206 174 168 169 141 135 173 85 153 113 126 87 86 111 84 80 69 76 44 68 43 41 59 61 40 43 32 30 39 17 22 22 21 29 32 23 23 19 24 16 15 26 31 38 22 43 73 113 74 116 94 119 221 169 204 184 316 328 340 312 294 387 377 378 398 406 413 402 404 420 430 430 431 440 438 437 440 441 439 440 438 440 438 440
302 314 322 291 272 263 260 251 259 272 232 233 189 162 207 172 150 181 166 140 125 182 133 151 114 115 71 82 84 64 74 107 76 46 42 52 66 45 31 25 33 31 33 26 37 30 23 18 27 26 19 19 21 21 20 23 25 28 16 49 34 20 63 51 67 106 143 87 122 199 184 187 244 309 322 362 354 355 393 402 397 391 353 403 431 428 419 412 440 440 439 438 439 438 437 441 440 438 439 438
322 305 324 278 242 255 274 236 225 224 224 219 218 205 224 146 170 190 148 159 162 115 123 130 180 124 83 73 85 86 94 81 51 58 65 58 67 60 61 45 37 22 45 18 22 16 15 30 25 28 20 23 16 20 35 13 16 24 24 29 21 46 70 45 62 84 87 95 119 116 184 239 285 386 284 327 369 311 352 389 403 387 408 410 414 425 430 428 441 438 430 430 437 437 440 439 440 439 436 441
283 264 290 276 242 231 273 264 238 248 199 246 169 188 212 144 159 191 157 175 144 125 109 106 150 112 102 74 111 97 77 81 49 105 38 37 47 53 49 46 47 21 21 21 17 28 14 23 23 18 23 22 18 32 19 16 19 18 28 27 51 34 43 55 50 125 141 100 106 189 168 192 280 250 312 321 349 380 337 376 405 424 412 390 403 438 424 406 437 430 432 437 435 440 443 442 439 438 437 441
325 263 240 276 231 224 241 247 212 224 221 208 230 198 164 171 137 137 148 141 151 90 91 103 109 77 86 122 72 68 91 106 70 36 45 44 41 61 41 41 28 36 17 28 33 22 26 21 18 20 18 14 15 22 24 17 27 16 21 19 45 37 38 37 68 77 157 127 103 102 138 196 226 318 273 302 289 366 345 394 354 412 414 395 426 408 431 429 438 430 439 442 436 428 438 440 441 441 437 438
303 266 255 244 251 255 185 238 230 225 232 173 139 165 172 177 160 127 133 127 129 112 85 114 117 72 82 71 88 49 52 48 54 32 54 44 27 33 34 33 26 31 19 32 31 29 23 19 20 17 22 18 20 17 26 21 17 22 25 24 27 26 48 77 65 87 103 115 101 130 173 229 264 297 302 277 299 346 379 379 369 349 412 404 405 423 436 430 422 437 436 439 439 438 437 439 437 439 438 439
261 286 241 259 261 259 208 216 226 178 240 225 218 165 164 187 147 142 138 118 86 108 114 86 102 120 96 84 77 59 36 60 44 47 31 59 60 38 33 37 24 29 33 30 23 16 25 31 20 19 20 21 11 18 15 14 16 18 20 21 23 17 37 42 31 102 98 98 124 125 135 233 224 298 342 313 356 322 339 395 378 412 399 421 404 422 438 440 430 412 438 438 439 438 437 438 437 439 439 440
292 295 271 278 240 285 256 199 204 208 179 204 177 183 131 123 167 143 144 150 121 104 102 103 100 75 64 88 78 87 80 44 53 40 55 50 32 24 26 30 48 22 30 28 19 19 23 18 20 14 21 16 22 15 16 14 16 18 16 19 16 34 26 39 75 104 89 124 125 173 161 210 262 288 328 304 278 352 327 345 389 387 418 429 412 412 419 429 420 419 438 437 437 437 438 439 438 440 438 439
244 264 245 258 231 215 243 213 220 193 185 167 189 163 113 155 111 126 114 129 86 101 101 70 88 62 79 46 71 71 42 64 39 23 50 51 41 29 46 39 24 33 29 22 32 25 25 24 20 23 17 15 14 16 21 15 16 24 13 22 23 35 63 33 72 156 82 114 123 173 165 218 242 264 258 312 295 324 337 313 380 387 375 405 403 413 436 423 436 440 430 439 437 441 439 440 438 441 441 441
267 267 268 280 228 198 229 245 207 210 167 154 174 134 150 137 115 145 102 79 83 103 139 128 73 78 84 52 61 40 38 71 45 56 39 19 35 29 35 15 25 20 28 22 14 26 25 21 19 19 15 23 15 18 13 14 14 11 16 20 38 23 27 29 57 48 93 79 125 103 157 186 241 281 269 335 305 354 373 345 328 365 371 395 411 367 432 429 430 430 427 437 438 436 437 438 439 440 440 438
256 225 217 238 248 169 205 214 195 171 138 148 171 143 115 117 116 135 92 84 85 100 130 89 122 64 43 72 52 72 44 39 58 30 31 37 31 30 55 23 24 29 26 24 28 28 18 14 19 19 16 25 19 16 16 19 14 14 15 20 26 41 54 38 31 76 113 131 113 139 139 129 250 269 345 312 278 350 326 363 353 380 424 410 404 425 420 432 430 438 439 430 440 430 439 439 438 440 439 439
232 259 256 269 208 205 182 252 154 167 138 190 166 151 142 133 142 109 90 106 80 91 99 67 62 95 61 79 43 67 48 38 51 39 26 26 38 40 20 31 25 22 25 17 19 12 22 17 20 14 17 15 18 13 21 12 15 21 15 31 15 21 13 45 56 69 105 86 91 137 82 195 132 261 296 288 312 304 296 323 396 380 401 393 405 395 440 394 430 438 441 438 440 438 443 439 440 439 437 438
231 241 217 235 184 217 199 182 157 175 131 153 172 127 118 115 86 111 130 95 101 92 73 88 72 63 62 47 79 44 50 50 33 33 41 19 31 31 19 30 23 24 20 19 17 18 18 19 17 16 15 20 15 17 16 15 16 12 17 13 26 25 22 23 48 68 45 74 108 117 146 159 230 242 262 304 338 294 371 386 337 390 366 413 411 420 432 422 423 428 431 431 427 438 437 439 438 438 438 436
210 194 239 217 217 174 180 191 155 163 183 168 132 137 142 110 129 94 70 102 102 75 82 94 67 78 83 54 58 30 42 27 27 37 28 28 29 18 26 20 17 18 17 22 19 19 17 16 18 13 19 20 14 18 16 14 17 13 19 23 14 32 38 29 40 47 60 51 105 107 138 177 233 271 260 262 304 297 319 362 397 373 422 420 407 421 429 430 428 439 436 437 438 440 428 439 441 439 440 442
232 218 231 246 197 230 211 213 161 170 136 153 133 112 102 88 85 75 92 85 81 47 71 67 83 50 71 65 64 37 39 32 43 25 35 25 18 29 30 24 19 24 19 17 16 13 17 13 14 17 10 12 14 14 14 11 14 11 12 11 21 17 22 27 35 50 77 40 83 148 140 130 230 228 288 232 327 321 335 377 373 355 404 411 390 423 422 432 423 436 425 433 437 439 437 441 440 440 440 438
215 210 240 197 180 172 172 174 190 173 139 164 132 124 112 94 92 70 112 68 67 70 59 60 57 59 59 49 55 46 37 37 31 28 28 35 25 35 19 19 18 22 18 15 13 17 17 15 19 14 15 13 17 16 14 14 15 14 16 21 14 19 17 38 34 96 59 100 78 89 152 194 176 277 286 297 305 277 337 346 370 387 405 421 431 414 424 421 421 423 438 440 437 432 436 437 441 440 439 438
237 230 211 194 193 158 149 145 127 128 151 155 131 117 91 135 115 77 79 96 77 77 71 49 47 49 57 38 31 29 49 29 25 24 22 33 17 30 20 14 17 20 17 14 15 17 14 23 13 13 15 13 15 15 17 12 14 15 13 14 11 18 22 30 37 39 83 55 117 78 124 100 268 248 254 262 280 329 303 303 363 335 406 422 414 388 430 427 437 430 430 437 432 440 437 437 439 442 438 441
186 207 227 211 178 205 148 163 158 150 159 111 83 80 106 88 93 82 89 48 93 84 84 49 29 43 55 40 28 34 27 41 34 23 19 31 25 27 28 18 20 15 18 17 16 18 13 16 16 15 14 13 16 18 13 15 16 14 12 19 25 13 25 25 43 53 61 66 78 98 104 153 174 244 245 269 273 331 330 320 380 371 388 397 413 416 432 422 426 429 442 438 440 437 438 438 436 438 437 440
200 197 198 194 187 151 155 139 119 148 121 118 107 101 93 108 100 86 85 106 72 75 63 35 44 43 62 35 43 33 32 28 24 23 26 31 23 26 24 24 14 13 22 16 21 16 19 17 13 12 13 17 17 15 15 12 13 14 12 16 15 36 12 22 64 52 65 52 101 93 128 159 194 225 263 191 283 340 336 338 347 387 414 377 421 420 414 399 422 438 423 437 431 439 440 439 441 438 438 439
212 204 201 173 180 178 154 153 167 145 131 102 95 72 92 77 108 84 79 67 85 83 52 70 40 51 31 46 35 42 27 22 23 25 19 22 31 17 23 22 20 20 15 17 11 19 21 17 12 13 20 13 14 16 13 12 16 10 16 13 24 28 35 37 28 73 58 55 59 125 89 115 213 195 271 259 279 302 325 365 372 387 368 421 412 394 410 415 423 437 438 432 438 439 440 437 437 440 439 439
225 213 193 180 177 144 155 155 129 148 126 124 116 77 92 68 73 72 73 71 79 56 43 50 43 42 35 52 31 36 37 33 30 27 23 19 24 21 17 18 21 18 14 10 15 13 15 13 14 15 12 15 18 14 13 13 13 15 13 13 24 24 14 12 19 46 53 86 82 97 88 127 154 177 344 285 277 272 302 302 356 337 380 398 388 412 422 421 430 438 436 412 442 438 423 439 439 438 438 435
189 213 180 174 163 171 160 140 145 114 104 104 95 104 92 125 69 58 64 87 64 64 53 57 45 35 33 37 28 39 33 19 25 25 23 19 17 20 13 19 22 15 15 13 17 13 17 14 17 15 14 15 13 17 12 14 18 14 12 13 16 33 19 14 31 37 40 75 91 80 98 135 95 248 276 311 291 305 317 311 327 353 372 388 397 405 432 413 432 404 437 428 439 437 439 439 438 439 440 441
189 202 184 173 145 185 146 127 95 128 150 132 100 106 102 120 58 61 48 83 56 72 47 72 37 52 34 35 47 24 25 29 21 23 23 21 27 24 17 20 10 14 13 12 15 14 10 15 12 14 12 14 15 13 15 12 13 12 14 17 11 12 14 23 20 30 33 88 48 126 93 96 211 224 254 242 219 302 311 337 321 319 371 392 407 437 440 414 441 411 419 431 432 439 431 432 441 438 439 441
185 178 219 169 182 172 155 127 110 109 90 86 126 89 90 90 73 91 66 45 53 60 44 44 41 42 34 43 38 30 20 31 29 19 20 28 21 23 18 18 14 14 13 16 17 13 10 14 13 16 15 14 11 9 10 10 13 15 12 12 19 22 25 30 29 42 60 40 59 84 49 103 129 149 209 235 267 310 310 286 344 381 389 406 403 421 422 421 419 433 429 428 441 438 440 438 438 441 436 441
189 203 217 169 204 141 132 144 126 129 155 100 85 72 97 83 99 70 68 57 42 50 49 50 39 30 46 37 22 34 21 31 19 25 21 27 19 17 14 16 14 16 18 14 13 14 13 14 15 16 14 14 14 16 11 14 13 12 15 12 11 14 10 20 40 20 46 76 73 31 94 117 166 203 293 229 252 287 345 322 344 355 397 381 361 404 406 422 419 412 431 432 437 436 428 439 439 438 430 439
200 195 157 186 173 142 147 142 115 95 116 105 100 64 70 89 54 78 66 51 54 35 47 54 54 43 41 30 22 27 31 23 25 18 20 17 14 16 13 12 12 15 16 14 13 11 12 13 15 18 11 11 15 11 15 14 11 12 12 12 11 16 32 29 51 48 67 79 77 74 111 87 136 145 261 264 279 263 285 311 331 372 399 362 395 370 396 423 440 404 440 431 440 438 437 439 439 440 436 440
204 185 142 161 177 161 141 127 123 142 120 92 90 92 62 63 65 77 75 60 64 31 44 59 37 31 21 19 22 23 41 21 28 24 16 14 19 20 16 12 17 18 16 14 14 11 15 8 14 13 10 13 12 14 12 13 12 13 21 13 13 14 13 15 17 43 30 39 67 47 97 117 187 188 181 244 217 278 254 306 313 344 369 403 432 405 413 422 441 415 441 431 441 432 439 441 438 438 438 439
198 189 174 175 163 152 131 110 130 112 108 117 62 78 89 51 59 48 56 43 46 44 46 34 36 34 29 33 46 23 25 28 20 15 19 28 18 15 17 15 13 25 14 14 10 16 12 12 16 13 13 10 15 13 15 15 9 13 18 10 11 12 14 32 22 37 39 47 53 87 79 92 116 167 201 260 295 230 297 292 353 314 354 356 405 396 404 407 440 439 415 430 440 435 440 441 439 440 442 438
228 180 172 174 146 173 147 136 109 84 104 88 108 107 60 62 69 69 59 51 38 46 35 40 43 36 31 30 33 25 17 27 20 18 19 22 23 13 15 17 12 14 13 15 13 16 10 19 12 12 10 14 16 10 12 14 10 11 11 7 14 18 20 8 37 53 20 55 19 60 79 125 132 188 192 256 254 278 294 309 319 339 381 404 397 361 363 432 433 421 436 440 437 432 436 441 438 439 439 438
201 178 182 162 159 142 122 131 113 84 104 65 80 76 59 52 49 70 47 49 40 44 52 49 29 34 25 27 30 30 26 19 22 22 16 16 13 13 14 23 16 11 13 11 14 17 16 10 12 14 11 13 12 13 10 14 12 10 14 10 15 11 20 19 34 33 60 22 62 50 102 134 142 141 188 207 217 280 263 277 348 310 328 403 406 404 405 383 412 421 430 419 429 440 431 441 429 438 437 440
196 190 195 168 131 134 168 133 139 99 115 69 98 83 83 66 76 66 57 52 57 40 52 59 41 38 42 36 31 23 23 21 25 17 14 21 13 21 20 14 16 15 14 11 15 12 12 12 10 11 11 11 15 14 11 12 12 14 12 16 22 20 21 19 34 28 53 83 72 49 101 111 145 124 184 268 249 210 253 302 345 351 372 422 377 389 423 423 433 422 432 437 440 436 439 440 437 440 440 438
204 184 212 172 178 146 166 113 106 109 121 130 63 78 72 90 61 52 45 56 37 42 29 28 41 53 48 25 18 31 33 18 17 29 14 29 15 17 16 13 14 16 15 18 16 11 12 12 12 12 10 12 14 12 8 13 14 11 11 12 14 14 21 34 36 11 27 56 52 45 117 70 73 158 201 236 201 286 295 294 353 346 355 322 365 359 391 397 397 430 414 422 386 441 438 439 438 431 436 440
196 164 178 161 126 132 141 112 150 103 100 97 110 52 82 100 72 53 70 59 60 51 50 51 51 49 25 26 42 25 20 33 22 31 17 14 19 17 12 14 17 14 13 12 12 15 10 12 10 10 8 11 10 12 13 13 10 12 11 13 25 8 12 10 23 42 53 16 33 63 65 145 151 162 114 181 196 278 267 287 302 319 334 396 373 415 395 414 396 410 423 412 438 432 439 442 439 441 435 436
207 181 188 157 150 122 134 151 117 93 122 98 80 84 66 54 73 69 57 46 42 53 45 27 25 27 22 21 27 30 20 14 15 11 12 13 15 20 14 11 11 11 15 13 15 9 13 13 15 14 11 12 17 11 15 9 11 25 12 17 10 12 20 16 18 36 35 36 47 44 73 75 84 135 184 191 195 224 242 293 279 297 338 312 336 387 389 406 429 439 424 430 432 430 431 438 437 439 440 439
203 165 182 172 161 176 144 127 106 130 97 94 123 78 91 95 67 57 51 50 66 39 41 44 39 41 27 23 19 20 24 15 20 20 16 17 13 18 11 12 13 14 12 14 13 8 13 11 9 9 14 8 9 11 14 9 9 16 11 8 10 10 21 30 24 9 29 38 54 87 89 143 123 155 194 197 210 247 294 296 261 379 346 372 364 415 414 412 433 412 424 421 431 438 437 432 440 439 441 439
174 184 173 163 183 161 142 104 99 87 103 140 98 72 94 77 75 54 54 41 42 35 51 27 38 24 29 32 25 19 21 12 17 20 15 15 14 15 11 15 14 10 15 12 13 11 9 13 14 13 13 10 11 12 11 11 15 9 10 9 12 9 9 19 25 19 34 45 27 74 71 45 123 120 163 193 166 205 258 286 315 334 345 345 321 378 390 385 405 429 423 428 430 438 434 439 431 438 429 440
205 137 173 167 187 138 120 152 95 100 88 115 107 85 66 89 51 71 69 51 67 70 40 56 27 40 22 23 35 27 25 20 21 20 18 14 14 15 11 12 14 11 14 12 9 13 12 10 12 11 11 11 9 11 10 12 13 10 12 8 17 10 21 14 32 41 37 38 25 43 59 52 93 177 214 176 222 261 232 293 251 362 339 321 344 363 412 406 395 441 432 423 430 438 431 431 439 437 442 441
193 161 195 157 185 149 154 98 115 144 87 85 106 84 95 79 64 51 48 54 31 51 49 23 35 30 36 34 47 22 21 15 12 16 14 17 10 12 14 13 11 9 11 10 11 12 10 8 10 10 16 13 9 11 10 13 10 12 9 8 12 22 10 19 18 25 37 25 64 56 66 60 176 160 175 212 191 219 287 254 304 336 338 344 360 354 363 410 412 406 430 414 439 423 430 440 439 435 431 442
212 218 145 183 172 149 137 124 104 144 97 92 108 78 78 46 76 57 52 40 43 56 47 44 53 34 38 32 33 22 22 18 22 21 18 18 15 16 20 13 11 19 11 13 10 13 9 8 11 10 9 10 9 13 10 14 10 8 9 11 10 10 9 23 38 14 20 46 41 46 88 107 99 111 190 127 183 252 237 219 320 282 337 356 328 354 386 387 423 404 430 431 438 430 439 430 441 440 440 439
204 208 176 203 166 146 150 120 126 131 120 113 66 80 58 87 83 42 51 56 50 46 59 45 27 51 38 31 32 45 28 26 17 14 18 15 13 19 18 15 15 13 10 9 14 10 11 9 11 15 12 10 14 13 11 9 10 11 10 9 11 8 8 45 22 30 19 52 54 42 54 88 75 107 189 109 222 177 173 229 268 290 305 339 364 397 402 424 380 397 396 413 419 431 440 431 431 440 439 441
214 216 175 165 156 146 141 164 149 116 113 141 93 104 97 62 78 70 72 40 47 65 43 26 25 33 37 24 38 21 14 23 17 21 14 20 14 9 13 21 12 12 7 14 13 10 11 10 12 10 15 15 13 13 13 8 9 11 16 8 10 17 13 12 38 36 10 20 44 71 70 105 134 152 155 155 208 187 201 282 257 319 307 359 336 400 363 357 422 400 403 422 437 422 394 440 420 436 438 438
231 237 207 205 141 154 157 151 172 135 108 110 109 95 101 76 73 62 68 73 40 42 49 59 31 47 52 38 27 18 31 15 19 19 16 15 16 16 16 10 11 10 10 10 12 8 8 10 12 12 12 14 11 13 12 16 10 9 13 25 10 20 21 23 14 19 41 42 66 48 69 93 133 139 121 147 223 237 250 264 311 310 287 357 304 371 389 343 413 403 431 410 426 430 440 432 438 433 436 441
223 196 192 185 175 130 177 158 129 118 96 96 107 90 106 82 72 62 81 59 46 52 55 33 42 49 29 26 16 29 22 20 24 18 19 20 11 26 16 12 14 13 13 10 17 11 7 10 10 10 10 12 14 11 13 14 12 8 12 12 12 9 9 10 21 28 60 37 54 27 71 135 123 108 180 129 228 252 260 279 289 287 313 344 327 346 371 387 412 429 400 379 422 431 421 434 432 431 440 442
272 202 209 161 189 182 149 189 134 95 106 107 105 117 116 83 57 66 96 73 38 46 47 48 22 68 33 29 30 25 16 25 24 29 24 16 13 9 15 14 12 13 10 10 9 15 13 11 10 13 13 9 12 9 11 10 8 13 11 9 7 10 21 36 11 20 29 26 55 56 110 92 105 109 132 158 198 154 226 226 294 344 278 285 341 373 384 398 381 397 433 423 424 426 442 440 433 442 420 438
207 217 194 164 170 163 167 160 156 125 100 113 93 113 91 76 72 73 77 73 88 52 68 51 45 45 34 24 39 18 27 18 24 13 16 11 18 12 17 15 9 9 10 10 8 12 7 11 12 11 11 13 14 10 12 12 15 7 14 13 10 13 19 17 18 29 28 36 35 92 98 144 77 94 161 150 171 228 201 256 215 249 275 328 327 320 321 363 380 399 405 415 431 429 430 422 443 430 438 438
212 243 174 214 194 183 165 170 126 151 130 143 120 118 91 135 64 72 72 45 57 32 44 48 29 34 48 29 18 25 37 33 11 20 12 13 15 10 14 16 11 14 16 10 14 11 15 12 12 12 14 10 15 11 15 13 9 11 16 13 12 12 9 26 16 16 40 68 24 49 99 115 141 117 150 216 165 245 239 252 260 243 357 331 355 361 336 387 380 415 399 397 410 422 422 430 437 427 438 440
243 277 184 197 182 151 149 189 124 135 118 107 122 99 131 70 61 78 78 62 49 57 36 35 56 50 33 39 27 33 27 34 27 13 17 14 12 24 9 17 11 13 10 9 10 15 13 9 9 10 13 9 10 11 12 12 10 27 12 9 17 11 11 11 16 24 30 55 39 43 80 63 89 107 100 182 106 199 214 269 220 282 285 317 320 347 370 347 363 396 385 379 439 384 419 415 413 437 441 439
231 220 209 192 173 149 154 150 168 151 135 105 125 101 80 104 101 74 90 61 71 58 62 36 30 49 32 31 33 32 32 18 26 18 27 21 21 14 14 14 21 11 11 10 9 15 17 9 16 8 12 9 15 10 8 8 11 9 8 28 8 19 13 56 23 18 27 51 36 88 71 105 62 102 122 146 186 216 203 257 284 268 217 298 272 320 353 379 386 384 392 423 421 414 427 440 441 438 441 439
230 210 232 223 232 215 209 174 119 148 138 145 113 75 109 103 90 81 72 67 83 61 34 61 59 46 38 45 24 16 36 18 18 15 22 24 16 16 11 13 16 12 18 12 9 15 9 11 10 13 20 9 6 13 11 11 16 12 11 7 10 14 12 12 23 51 71 42 37 74 53 77 140 121 132 139 157 196 241 221 220 243 321 325 298 341 378 380 372 388 388 388 401 395 422 439 431 441 436 441
214 232 198 205 188 190 183 172 163 152 127 154 131 136 114 93 79 90 78 80 79 69 64 59 41 30 64 29 31 44 41 27 19 16 23 17 13 10 15 10 15 9 18 13 18 23 12 14 9 12 13 9 13 13 7 11 13 10 10 12 9 9 14 19 41 38 39 33 44 59 66 67 123 138 150 190 199 213 232 192 242 211 303 355 296 356 310 369 398 393 415 419 397 420 407 441 424 429 432 440
267 218 219 204 227 189 208 197 183 162 157 155 111 85 93 110 95 92 76 95 80 69 87 56 54 58 44 34 35 67 20 41 35 16 34 23 24 10 14 14 14 22 16 15 11 10 13 11 10 9 12 8 13 12 13 13 12 8 14 20 21 12 15 13 50 23 28 28 44 61 87 102 155 156 176 191 234 200 193 257 277 215 337 333 334 335 309 375 383 360 366 410 404 423 434 422 424 438 440 438
245 221 248 199 194 212 203 180 179 172 151 156 129 118 123 107 109 86 64 74 65 64 60 103 68 52 33 38 53 47 33 33 27 24 41 14 21 15 21 11 15 16 19 12 17 19 12 11 9 14 11 11 15 12 12 14 10 11 13 13 11 11 13 42 27 20 34 17 47 66 65 61 111 131 122 151 130 224 215 267 229 263 288 308 272 387 338 377 378 407 422 416 413 430 430 425 441 441 440 442
251 261 218 245 202 219 159 190 164 175 136 153 125 138 142 125 111 111 77 70 79 75 50 60 66 63 32 46 37 49 38 35 33 13 15 26 23 14 18 19 17 12 11 8 15 10 13 13 13 17 10 10 13 11 13 10 9 15 13 13 15 9 16 13 22 24 43 44 68 69 91 106 129 149 150 129 205 163 276 254 295 248 332 325 362 354 388 389 380 394 406 409 404 419 409 432 429 430 413 441
256 253 265 224 232 250 209 193 154 154 152 141 139 146 126 107 91 111 95 105 91 91 71 54 40 39 60 50 33 46 33 36 21 41 30 18 19 14 11 28 18 21 11 21 11 11 11 15 14 10 10 17 10 14 13 16 11 12 9 19 7 17 11 20 32 43 41 37 44 57 124 159 139 157 156 202 206 168 223 260 212 297 273 308 351 329 383 375 385 385 379 431 381 411 420 425 421 431 429 441
269 251 245 237 218 226 212 193 185 161 219 135 141 158 122 127 126 132 83 113 83 112 63 44 51 53 33 49 39 57 32 36 15 38 31 25 32 19 20 31 16 25 16 11 19 14 13 10 13 17 15 12 11 8 12 12 15 11 15 16 17 31 19 20 22 42 31 39 39 50 84 129 120 131 127 166 173 222 215 241 267 253 252 302 357 336 365 356 395 355 397 422 423 431 424 440 429 439 440 429
247 264 267 243 212 198 186 205 198 176 215 164 173 182 125 136 141 113 79 127 110 105 70 66 81 49 73 47 52 35 67 31 27 25 17 36 16 24 17 24 20 15 15 13 11 13 13 10 11 14 7 12 14 11 15 10 20 10 15 17 18 21 31 43 12 56 29 31 49 61 88 131 142 212 198 240 198 227 214 266 283 228 285 319 312 363 397 385 385 370 396 379 440 422 414 439 430 440 404 440
278 256 260 263 215 229 247 221 216 169 219 191 188 148 111 131 135 125 113 130 81 88 97 55 59 93 69 57 62 27 53 38 33 42 32 30 26 23 17 19 24 10 12 18 12 13 11 11 16 13 16 14 13 11 13 11 10 10 12 10 16 15 46 13 28 54 70 73 73 43 32 83 121 123 164 234 233 182 181 257 272 251 301 329 363 378 386 326 362 420 393 404 431 422 430 431 438 438 439 439
271 273 260 230 267 238 216 244 217 214 222 181 165 173 170 173 158 140 164 110 133 83 98 89 93 103 62 104 49 60 41 35 37 37 21 39 36 19 19 29 17 18 10 18 20 22 15 12 14 17 15 12 18 14 10 12 15 16 12 16 13 21 22 37 33 39 44 64 77 91 62 112 147 118 213 155 214 206 247 240 311 265 295 365 311 386 404 341 422 395 422 369 442 396 401 415 438 427 440 439
288 271 260 270 234 250 223 223 197 215 215 205 174 168 202 163 135 108 143 140 99 113 103 106 106 76 60 63 56 47 33 48 50 36 30 44 27 39 18 36 26 18 19 13 12 9 21 11 12 13 13 10 12 16 14 9 20 9 18 11 32 19 27 26 50 28 61 40 78 93 105 144 140 142 167 210 231 207 230 285 252 272 329 373 351 393 389 386 379 390 412 433 437 435 438 440 422 441 443 439
247 275 256 258 250 270 247 250 218 241 220 196 214 166 185 148 149 136 148 110 165 108 101 104 65 69 73 58 58 74 34 40 46 44 34 62 25 25 23 17 26 20 18 17 10 12 11 15 12 13 15 11 10 13 12 14 17 26 14 15 9 19 47 47 34 40 42 48 89 83 80 120 120 137 141 226 208 222 208 236 238 285 359 339 369 369 390 396 396 419 420 383 422 416 429 431 442 437 433 442
306 272 263 281 256 277 244 263 213 222 233 212 213 211 207 152 184 151 167 119 174 91 118 116 93 79 88 59 65 59 49 50 32 51 41 34 26 18 31 21 18 18 22 15 13 18 12 13 18 13 14 19 14 24 15 21 16 13 18 33 22 14 25 39 45 40 24 34 113 89 114 164 148 149 240 198 240 248 242 275 321 263 351 296 352 309 375 378 379 389 397 419 415 431 426 428 440 437 431 431
314 268 306 286 261 269 268 269 252 218 197 164 174 173 187 165 188 134 168 154 176 125 88 135 111 92 77 93 81 74 50 49 73 42 55 47 51 31 25 25 32 19 39 13 13 18 21 16 19 14 11 19 19 19 15 17 13 17 10 18 20 16 31 37 27 96 69 69 45 74 84 171 171 187 180 202 235 266 282 263 312 297 337 317 361 375 358 400 431 395 420 432 422 440 429 431 419 430 439 442
312 289 289 286 274 285 280 235 281 240 230 230 246 187 177 208 182 166 134 127 140 117 106 124 112 60 78 72 89 71 69 65 62 54 56 52 37 12 34 34 38 20 15 13 23 20 28 12 20 20 17 16 17 24 16 24 15 17 14 18 22 44 31 45 46 69 84 73 115 133 182 143 119 163 150 225 287 264 293 282 222 344 338 324 361 341 425 422 411 419 421 425 437 413 430 430 433 440 441 442
