514 502 514 525 515 528 540 522 524 547 553 554 524 539 552 556 562 582 580 588 610 569 585 578 604 605 663 689 693 671 673 685 696 708 698 752 739 739 720 719 764 774 759 758 794 810 815 808 847 831 838 813 834 832 830 811 837 820 813 774 783 712 756 697 704 669 627 625 647 577 539 537 525 561 541 489 502 473 486 473 492 466 463 491 458 458 466 462 461 461 460 460 460 461 458 459 459 458 458 458
500 522 510 522 521 522 528 533 529 541 524 568 544 539 543 573 597 590 591 596 608 593 612 603 590 622 608 636 644 686 665 657 688 712 691 722 729 723 710 700 737 763 758 792 792 777 766 808 826 816 822 832 830 820 831 854 834 816 819 824 799 757 696 728 719 656 650 669 639 601 549 511 522 522 520 498 493 467 493 473 466 464 467 461 466 463 463 462 461 458 465 458 460 460 460 463 457 462 458 458
512 512 508 531 514 523 531 531 538 542 558 532 548 587 545 540 593 556 584 588 583 561 636 601 615 639 642 647 626 632 664 688 679 703 714 749 725 778 720 755 789 771 807 813 787 807 820 804 807 845 827 838 848 848 840 843 825 787 827 775 809 749 744 697 692 648 655 636 664 659 569 567 541 537 479 525 491 499 500 476 492 476 465 471 463 461 459 463 464 460 459 458 459 461 462 458 458 461 460 462
497 509 525 545 524 538 537 544 569 544 555 540 539 552 558 595 557 614 601 597 616 588 607 645 628 643 665 679 696 661 707 658 699 660 731 736 761 780 753 737 767 797 783 803 811 814 830 835 819 831 843 829 868 830 853 840 826 830 813 803 767 768 732 668 690 727 677 642 635 582 622 557 525 548 522 485 520 474 467 465 485 491 461 477 463 461 458 464 462 457 459 458 461 457 461 461 462 458 463 459
506 523 506 530 520 540 526 535 530 528 548 575 565 561 563 572 572 575 585 586 606 619 635 660 610 654 670 678 659 667 674 676 708 668 716 721 730 747 740 721 778 773 794 785 790 829 794 836 825 821 861 835 863 858 830 840 835 843 828 807 798 707 710 749 685 659 627 661 613 587 540 531 566 546 524 530 483 506 479 481 462 476 465 461 471 462 464 461 460 460 458 459 461 460 457 460 458 456 465 461
514 520 519 518 537 541 530 541 539 541 559 551 553 549 561 604 572 601 574 615 619 622 634 624 623 656 653 649 696 663 696 724 680 680 743 730 729 739 776 758 771 804 784 831 788 817 829 828 811 807 848 829 845 850 837 863 865 824 864 839 789 743 816 694 724 689 647 668 641 622 569 564 533 489 563 501 502 487 484 467 471 487 487 490 461 462 463 460 461 458 462 464 459 461 458 459 458 459 460 459
525 521 513 530 528 531 534 537 528 543 549 526 560 588 569 584 542 587 574 559 617 635 591 594 640 687 662 675 668 646 699 705 722 711 733 729 733 731 735 793 776 789 774 795 801 832 797 836 824 853 878 838 841 837 833 858 848 814 804 823 775 776 777 725 730 705 705 665 615 593 605 552 532 516 564 509 488 511 493 491 474 488 460 473 462 463 463 463 463 461 462 461 460 463 459 457 464 458 460 459
518 517 511 524 528 526 536 537 524 533 548 563 550 573 580 584 560 591 563 578 570 583 618 616 646 638 653 672 692 693 687 709 724 676 727 740 698 735 777 808 783 787 812 813 800 816 845 855 839 821 849 841 828 844 859 837 835 849 842 793 815 773 760 710 677 688 662 651 639 634 563 562 546 533 525 512 508 512 491 491 469 484 474 469 461 469 463 462 458 458 461 460 461 460 456 458 457 461 459 456
534 498 527 537 540 533 550 520 557 542 568 542 566 560 571 573 610 566 563 594 615 620 625 631 655 609 649 619 686 696 726 715 693 715 745 725 744 755 804 768 793 816 801 819 807 839 829 818 838 838 838 855 838 837 860 840 837 801 812 788 753 776 794 717 729 711 664 687 652 596 559 560 546 519 517 507 533 494 480 497 477 480 466 464 462 460 464 460 462 459 460 460 465 461 459 460 457 458 460 460
535 529 518 516 523 531 542 558 536 553 575 569 565 575 565 565 569 571 567 655 601 589 599 626 667 661 607 702 670 669 684 684 700 699 725 748 736 765 751 762 718 786 828 827 818 833 805 788 829 839 841 845 834 832 853 843 836 840 839 808 783 782 758 755 710 700 679 663 677 633 586 536 575 543 524 528 494 497 499 501 468 481 468 479 461 461 458 460 472 460 470 461 462 457 460 461 460 457 460 460
523 524 551 533 526 516 525 526 543 539 520 561 549 549 587 565 594 594 623 589 607 596 644 655 647 640 652 685 724 659 737 719 742 736 740 747 748 744 755 762 793 794 773 813 804 814 851 837 816 805 838 854 853 864 873 846 868 791 829 821 761 800 782 756 687 748 716 666 621 650 583 570 537 575 516 523 483 499 506 469 478 479 468 464 482 464 464 461 461 462 461 459 462 456 460 458 459 460 461 460
514 508 527 527 525 531 521 536 540 568 551 546 567 550 573 594 587 615 594 611 601 575 619 592 648 634 638 662 669 709 716 745 731 723 807 750 763 772 766 816 783 816 787 818 803 799 820 843 868 845 837 857 865 864 857 876 823 850 837 821 794 781 781 727 709 730 653 681 632 662 521 568 520 576 521 547 528 497 510 486 464 473 485 464 470 460 462 460 458 457 460 456 456 456 461 458 460 460 459 461
522 530 535 535 532 553 513 522 530 548 572 554 574 597 617 576 598 581 598 610 628 643 676 665 652 621 661 672 705 707 707 719 732 738 764 779 760 801 784 776 759 802 815 838 835 830 822 853 842 845 875 868 839 861 854 862 840 837 831 868 849 815 780 715 725 758 706 645 662 674 591 572 550 569 505 499 525 523 474 500 504 483 472 471 472 461 468 461 460 463 460 461 460 459 461 461 458 458 460 458
524 512 528 536 547 538 540 562 541 569 562 558 579 596 587 625 615 657 609 624 637 646 654 658 665 631 663 641 682 723 731 719 737 744 736 738 804 784 729 806 777 789 823 837 825 810 855 823 844 856 874 860 858 837 866 866 853 866 858 833 780 791 810 727 710 711 686 684 671 697 616 586 547 540 508 502 510 503 490 503 488 471 463 475 464 468 470 457 464 461 470 459 458 460 459 463 460 461 458 459
537 518 531 537 536 533 539 545 570 520 566 569 586 588 578 598 607 593 599 628 661 616 639 670 663 691 690 700 739 701 728 730 736 746 747 740 773 792 778 760 822 790 809 834 841 832 849 843 850 844 844 869 853 870 860 841 827 867 843 829 795 783 793 721 747 714 686 694 703 617 610 565 572 545 542 499 534 515 493 471 474 489 496 470 471 471 458 464 471 460 459 459 461 458 459 460 458 459 461 457
524 522 528 551 537 538 533 536 531 568 546 575 586 591 596 601 638 659 639 615 658 630 650 650 645 673 717 687 728 715 719 690 764 732 752 791 785 778 790 789 805 798 800 815 831 825 835 853 841 858 866 854 869 857 869 855 860 846 832 838 808 811 791 698 741 718 705 709 603 681 603 541 521 576 531 528 512 497 512 473 481 477 462 481 467 467 467 464 464 461 461 463 460 458 460 461 457 458 461 458
514 518 558 534 552 571 548 527 533 581 574 586 562 573 581 604 612 606 641 633 614 664 645 655 641 698 673 712 680 747 713 726 729 762 758 724 752 782 735 761 809 800 814 841 812 834 837 832 862 860 851 868 867 872 860 857 855 850 837 830 836 793 809 760 744 706 716 695 689 674 592 601 535 533 560 524 503 516 515 480 476 490 471 471 463 471 470 466 465 458 459 459 461 457 460 459 459 458 464 459
532 532 532 513 560 530 534 552 558 549 564 586 574 614 626 638 601 633 606 623 651 655 624 655 638 666 707 701 747 713 724 766 736 759 718 783 811 816 803 798 827 812 844 809 841 830 850 857 850 868 845 862 852 858 843 852 855 855 839 858 800 782 788 757 748 698 740 718 660 626 583 585 533 564 573 529 496 491 496 497 487 480 467 480 460 459 460 461 470 461 469 460 459 460 460 457 461 459 463 460
530 548 570 543 560 556 556 538 583 560 584 595 597 589 599 593 614 647 631 634 630 603 644 666 671 696 738 726 681 683 708 767 728 797 760 787 794 819 824 783 828 810 845 816 825 817 842 846 867 843 860 848 863 869 861 871 860 835 842 844 847 792 788 791 750 712 725 626 672 660 625 520 542 535 526 562 492 505 497 485 497 478 465 477 461 459 463 462 461 461 459 462 457 458 459 459 458 460 456 459
536 543 537 538 561 544 557 569 597 575 598 578 600 607 623 582 625 624 594 629 641 684 687 647 667 709 721 712 739 723 688 797 774 764 726 720 829 798 767 820 809 811 812 846 855 854 858 820 866 852 866 855 862 867 866 850 863 859 872 832 798 801 827 770 798 701 687 630 726 694 595 576 558 514 512 557 540 509 485 481 473 497 477 470 459 462 462 460 460 461 459 462 460 459 460 459 460 459 458 459
550 525 536 531 550 548 537 554 582 586 597 574 590 583 602 616 642 640 609 630 632 720 644 661 713 673 718 752 731 761 723 746 763 784 801 788 775 785 837 790 815 792 845 854 840 839 871 828 853 860 860 862 877 866 880 859 857 846 823 855 817 819 826 772 791 755 735 693 702 641 577 571 580 612 566 554 530 506 525 477 475 497 492 462 476 462 486 460 470 468 461 462 466 459 459 459 461 459 461 456
536 557 550 581 564 559 558 572 580 549 612 610 609 572 585 579 604 639 676 655 670 667 653 699 687 690 687 748 703 704 764 743 769 798 755 794 807 784 827 819 821 832 821 811 840 855 858 851 866 858 843 867 867 861 875 873 863 872 874 818 861 785 798 743 798 754 695 741 710 698 644 586 605 580 524 529 515 521 541 490 478 485 479 468 466 458 470 460 459 471 459 459 458 459 460 461 459 460 463 461
531 547 563 562 536 579 558 558 599 601 591 560 627 584 617 603 655 654 668 647 672 648 673 672 681 740 741 701 762 765 730 744 756 768 799 798 800 767 846 826 779 841 850 843 840 844 863 851 856 866 866 867 863 870 882 872 862 850 823 831 815 807 793 748 719 743 646 708 717 675 622 581 578 616 575 546 543 541 484 504 470 480 478 463 471 455 461 460 469 460 460 461 464 459 461 461 457 461 457 457
540 535 561 560 562 585 573 554 563 611 599 586 625 575 624 633 628 618 677 643 676 698 700 684 703 700 736 704 764 726 767 748 788 798 763 760 824 784 789 837 803 825 838 828 848 870 836 847 851 862 856 856 866 873 870 878 867 852 852 854 823 812 831 763 725 713 728 757 725 631 668 597 579 604 588 548 532 566 549 527 515 480 475 486 459 477 461 462 466 468 458 459 461 461 460 460 459 460 461 460
539 548 554 573 545 571 579 551 587 608 561 603 593 646 638 615 643 637 650 654 646 736 672 719 727 735 707 717 749 809 738 798 755 799 779 779 759 809 796 829 827 833 829 836 832 847 858 841 868 870 879 862 867 867 864 868 868 874 856 849 853 800 793 793 783 700 719 743 667 675 627 592 565 565 552 559 546 531 530 487 493 486 470 463 461 464 460 469 457 461 457 460 461 461 459 459 458 459 460 459
532 523 558 533 554 563 596 612 588 572 577 611 599 622 641 649 635 639 661 692 712 688 684 710 741 703 717 772 707 755 784 755 791 776 782 812 807 818 826 831 837 850 843 823 854 857 847 864 854 863 875 876 873 874 870 869 873 849 878 845 848 827 813 783 758 739 802 743 717 695 658 588 634 568 492 546 532 519 538 529 493 462 473 494 474 461 461 460 462 463 457 460 458 460 463 460 458 462 458 461
534 569 552 545 566 565 615 607 606 626 594 587 638 625 642 603 665 656 630 649 674 687 724 720 745 676 781 725 772 773 772 735 757 771 822 769 802 824 852 804 833 826 849 851 849 862 851 837 866 861 870 874 877 875 874 862 865 846 863 858 836 810 832 792 769 745 775 722 721 691 616 601 593 588 550 586 489 495 481 481 489 468 488 514 468 478 458 471 460 471 460 460 461 462 460 460 458 458 461 460
537 532 557 554 591 579 586 579 615 591 611 603 628 636 657 614 647 662 655 711 654 721 739 690 708 722 719 746 752 744 773 772 742 748 794 817 827 806 827 835 821 848 848 856 843 854 840 871 860 863 869 867 871 868 882 864 873 866 848 866 827 830 833 797 831 780 739 714 781 767 673 666 601 573 554 556 563 515 472 494 487 498 478 464 475 471 467 460 463 462 459 458 459 465 460 459 457 461 459 460
544 543 580 555 549 576 593 593 604 647 619 608 622 668 618 660 677 652 700 685 730 681 689 721 732 730 727 769 774 771 778 791 779 793 828 827 811 823 857 850 839 867 848 846 859 871 845 860 862 873 861 869 874 882 877 883 860 877 859 886 822 834 813 761 775 777 716 719 718 668 620 596 560 579 552 560 537 536 553 529 515 486 482 478 494 484 470 459 457 460 457 459 460 458 458 461 461 459 460 457
547 533 593 568 577 588 616 622 637 603 611 617 647 613 659 654 627 637 660 690 682 718 686 759 719 777 754 749 764 771 805 775 779 781 791 808 813 790 860 835 818 834 863 837 836 853 853 871 863 877 885 870 876 872 874 886 866 871 851 881 852 842 806 778 795 745 777 713 745 768 636 621 565 544 550 540 541 536 512 490 497 471 487 505 468 472 461 465 470 460 459 455 462 461 457 460 459 460 459 459
574 558 577 575 595 558 586 591 637 637 664 617 626 659 674 612 675 672 688 727 700 724 702 726 742 731 730 778 768 807 764 800 780 812 800 835 815 865 813 840 856 851 873 856 871 868 850 878 868 867 873 879 883 869 882 871 883 864 856 863 854 851 828 792 741 767 785 710 702 731 650 652 573 563 560 541 491 520 521 523 503 494 473 477 487 461 478 473 460 458 463 460 461 463 459 459 460 461 460 461
590 534 561 585 609 602 626 596 625 626 627 608 654 664 638 649 705 689 712 700 688 733 716 698 746 751 785 752 746 786 843 771 803 795 798 808 816 820 848 818 835 868 861 873 868 868 863 865 885 878 874 876 865 880 873 870 863 878 872 866 847 856 835 805 800 804 763 763 709 696 654 651 616 563 550 521 557 541 487 525 490 505 503 472 462 479 460 458 462 461 471 462 462 459 460 460 461 459 460 460
563 567 577 590 577 566 638 587 618 605 641 631 692 630 658 702 672 697 665 701 689 734 728 729 754 729 796 781 769 762 782 828 819 828 810 794 849 837 845 851 834 844 860 868 876 863 862 856 856 869 880 866 878 868 872 876 877 871 837 861 864 834 845 821 754 761 733 704 721 728 696 642 585 651 537 548 520 537 566 529 513 497 476 469 472 467 462 470 462 459 463 459 459 462 460 460 459 458 461 461
586 600 575 596 613 610 633 607 660 618 602 672 661 685 672 710 680 677 709 703 728 747 677 722 768 759 764 777 787 812 800 803 817 840 855 805 847 830 832 828 863 863 881 855 879 851 875 866 880 859 868 880 880 879 887 874 856 864 876 865 862 823 833 826 771 754 759 798 704 698 659 629 554 553 567 512 544 548 528 501 514 489 472 498 467 495 460 458 464 462 469 462 461 463 460 463 458 460 461 460
586 577 576 588 629 605 592 601 643 643 642 669 653 656 691 669 704 669 715 719 748 747 771 713 784 766 765 798 816 790 788 823 810 796 802 846 838 833 846 847 851 849 864 844 860 863 863 870 861 874 876 875 873 879 882 880 870 868 884 838 869 850 858 801 804 837 729 768 785 779 662 627 590 578 567 562 535 493 577 512 509 473 487 493 467 473 478 474 463 460 460 460 458 460 458 460 459 458 459 460
585 577 622 589 633 625 624 634 602 649 667 637 674 687 694 661 727 720 727 730 744 753 746 750 771 713 764 781 786 816 827 832 797 811 821 823 842 838 851 872 865 845 869 873 870 860 851 883 880 868 869 870 864 876 871 883 884 865 868 856 858 848 856 799 779 778 754 786 776 730 698 641 644 559 599 595 571 573 536 504 520 486 484 489 468 486 472 480 461 463 478 464 459 462 460 458 461 460 460 459
589 588 598 624 584 655 617 648 650 595 695 652 704 707 715 666 691 701 747 757 725 768 757 785 840 757 793 793 774 816 798 800 792 857 851 830 801 859 861 859 849 874 871 854 873 870 882 867 882 878 874 878 867 872 872 878 871 871 855 870 847 855 830 815 776 819 774 785 723 716 687 604 616 578 542 581 587 529 555 505 487 486 494 466 483 470 467 468 471 470 462 459 460 460 468 459 460 460 463 458
620 587 577 601 625 602 637 641 668 661 651 650 663 697 678 662 694 727 729 731 757 766 726 814 746 787 772 813 813 787 818 819 831 823 855 830 859 860 839 836 855 854 867 871 860 884 872 876 879 869 868 877 877 883 872 887 885 872 870 862 879 854 829 789 823 784 806 785 677 728 697 713 580 575 559 584 608 513 519 520 500 494 485 495 494 478 469 470 469 459 461 461 459 460 461 460 463 457 463 456
598 585 579 609 626 631 640 650 640 626 664 669 709 736 691 726 750 718 732 758 776 717 766 748 779 782 832 818 815 837 824 794 824 853 856 847 838 854 866 873 867 866 865 871 865 868 879 882 874 875 873 883 878 880 879 875 875 873 882 852 863 879 837 849 834 792 758 812 776 700 718 715 656 588 575 537 544 545 505 494 502 509 546 494 463 470 479 488 459 460 461 461 460 462 458 462 461 462 460 460
574 594 573 617 656 644 624 665 674 677 672 680 681 696 672 754 727 709 750 744 735 783 776 768 719 772 814 825 812 816 805 819 850 842 836 844 831 838 841 854 862 879 858 882 874 884 881 865 876 872 881 877 887 882 865 884 882 874 875 869 880 852 823 855 836 816 812 802 782 786 718 660 616 513 612 575 529 591 545 511 496 511 490 488 486 475 469 469 462 459 468 472 459 458 458 459 460 458 461 458
618 635 609 623 656 668 624 634 661 653 700 652 732 714 685 761 740 707 744 724 756 776 793 793 747 785 800 826 784 799 825 817 848 793 858 866 852 850 851 854 852 879 878 877 883 872 884 875 877 880 877 875 881 870 881 888 878 879 871 872 849 863 854 843 850 776 758 801 792 708 729 706 619 646 586 577 550 517 562 521 493 475 485 509 494 460 478 490 464 469 468 462 462 460 460 459 459 460 460 460
574 639 662 624 668 676 657 652 689 671 676 688 667 703 734 730 763 765 753 760 748 810 813 797 789 824 811 777 826 830 809 792 829 867 856 855 859 838 859 863 871 868 885 875 867 877 874 878 882 878 882 887 885 876 877 883 872 884 880 879 854 861 861 862 830 824 743 771 797 799 760 702 670 581 629 594 611 534 550 504 544 490 488 507 473 494 466 468 465 467 459 459 459 469 461 459 459 457 460 459
593 636 647 656 649 646 716 656 670 674 668 728 762 738 729 723 739 771 767 774 768 789 814 783 784 827 818 829 809 853 849 851 845 867 845 853 874 863 864 867 873 863 877 868 869 871 876 881 882 884 877 883 880 886 872 879 879 875 874 877 872 874 850 819 835 812 797 785 796 769 726 672 637 600 599 622 597 554 519 520 528 552 489 493 497 477 462 470 478 461 463 458 457 463 463 457 457 460 458 459
636 613 660 641 637 639 690 679 673 724 660 673 685 735 733 708 752 759 761 783 809 791 788 813 795 782 799 814 820 843 863 836 857 854 868 842 840 864 867 859 878 870 864 869 872 883 873 866 876 883 881 877 886 883 885 885 884 882 881 877 876 883 861 854 869 794 800 801 775 774 766 666 679 603 555 589 540 578 563 503 521 487 502 478 494 479 463 460 473 486 460 459 460 458 462 461 460 461 460 461
607 607 627 619 659 615 645 698 693 693 720 694 720 717 765 778 732 755 756 751 779 795 797 797 802 828 837 808 820 814 815 860 846 861 844 848 866 874 874 871 854 873 869 871 877 881 874 886 879 884 878 879 876 883 884 887 882 882 885 879 885 864 873 859 824 798 812 773 776 730 736 691 636 614 573 597 621 547 574 555 514 513 478 469 485 486 480 468 477 476 461 461 460 463 461 459 461 460 463 460
654 636 658 639 666 683 655 685 679 705 715 730 711 736 786 747 789 771 784 770 814 797 800 830 814 837 821 854 829 827 857 836 857 877 851 848 861 870 855 857 875 865 869 877 871 873 871 876 881 875 884 884 886 883 882 882 882 880 889 879 874 865 835 867 829 742 818 785 778 729 733 682 658 637 637 586 601 579 560 588 522 511 521 494 493 486 462 477 464 460 467 462 459 459 462 459 461 458 461 460
630 629 630 620 675 702 668 652 692 689 729 747 724 766 748 765 782 755 797 818 817 796 761 771 829 820 819 844 838 860 858 824 854 842 859 882 863 874 866 882 874 880 870 875 883 871 876 881 879 880 884 878 882 880 887 887 887 886 887 880 858 875 873 867 843 850 804 823 773 800 742 713 657 617 630 562 595 544 528 555 573 536 528 503 486 529 468 468 470 467 468 461 459 460 458 460 463 461 461 461
639 672 681 658 652 731 692 685 701 731 760 753 726 758 783 786 780 759 809 814 813 799 769 812 773 837 860 827 848 826 855 860 843 868 866 863 868 872 845 876 875 864 873 875 874 870 880 884 878 878 882 874 881 880 885 878 885 883 883 879 873 861 845 863 869 824 788 766 792 764 758 768 648 631 554 587 623 546 573 537 548 519 478 487 495 477 475 470 468 459 461 470 461 466 460 459 463 462 461 459
667 639 643 632 693 694 717 644 747 732 760 706 730 746 758 767 754 791 808 792 816 806 797 837 837 802 843 819 857 834 852 861 850 855 876 874 859 859 876 869 877 877 873 883 878 885 875 884 877 885 882 885 881 886 877 889 885 878 881 868 886 884 886 857 841 828 797 814 809 761 816 705 766 637 607 614 590 597 606 578 505 519 497 504 496 501 458 509 468 460 459 461 460 461 458 463 459 460 461 461
670 655 683 667 716 681 702 714 743 726 769 747 725 769 781 782 815 789 767 804 799 808 826 813 829 838 839 853 818 855 851 849 864 864 859 881 870 866 881 868 879 879 879 880 883 881 883 881 880 883 882 880 884 882 885 884 883 889 881 885 874 872 875 876 854 833 857 824 795 784 752 741 669 659 639 597 561 602 528 512 561 509 531 487 487 479 468 479 476 470 466 471 471 459 460 461 460 460 463 461
689 701 662 683 681 727 719 711 743 734 714 727 769 762 757 788 766 806 830 796 796 822 817 806 831 817 816 850 840 871 855 874 873 864 875 868 870 881 870 877 881 879 884 878 881 880 884 887 882 884 879 880 885 881 881 888 884 888 881 874 885 869 860 874 858 851 838 850 795 791 761 724 664 629 639 638 597 602 578 537 502 527 478 479 494 477 471 466 468 459 464 461 462 460 467 460 461 460 460 459
665 681 668 653 701 666 684 684 738 729 763 744 766 789 797 813 811 825 806 816 819 848 828 830 816 851 829 836 833 864 862 867 855 874 866 874 881 874 872 874 881 874 879 882 884 884 881 887 887 882 890 888 886 883 885 889 885 886 888 889 876 886 877 875 869 853 819 857 817 751 760 769 668 670 612 669 570 579 565 521 527 544 497 486 512 478 476 467 478 461 475 469 460 460 459 459 460 462 459 461
687 690 659 700 720 726 723 725 709 724 757 736 767 776 782 807 810 833 783 834 833 831 840 838 844 840 838 851 842 853 863 864 867 871 869 868 878 865 881 884 883 875 884 886 886 884 879 882 876 887 885 883 879 883 885 884 885 888 882 875 886 878 883 860 864 801 838 792 822 808 749 705 722 620 613 604 593 619 562 555 525 512 494 477 470 487 477 475 479 475 463 459 461 470 461 460 462 460 462 462
665 669 690 706 704 740 748 751 777 768 749 744 770 782 806 761 786 824 822 803 824 823 827 849 851 849 844 864 867 868 850 872 875 877 874 864 883 870 881 887 883 879 881 885 887 882 886 877 888 889 888 884 882 880 883 884 885 884 889 888 889 881 876 871 862 860 818 846 781 820 775 800 631 650 645 639 617 568 596 597 535 566 494 475 486 515 467 469 460 468 465 459 467 461 460 462 459 463 459 460
714 696 674 688 722 693 751 734 737 749 737 785 817 818 790 809 808 817 811 850 804 816 814 852 873 857 843 856 870 869 871 855 861 874 880 869 875 873 872 880 879 881 880 884 885 882 886 881 881 886 886 883 882 879 889 886 884 884 888 882 875 889 877 873 858 848 836 834 824 800 795 745 723 653 655 627 628 567 568 582 520 529 513 503 484 484 470 475 472 469 461 461 463 462 459 461 459 460 461 460
696 703 699 704 712 751 743 762 781 749 781 783 792 796 807 791 800 814 812 793 827 823 833 864 854 852 838 861 856 867 865 873 876 877 873 869 876 874 874 875 885 887 880 883 879 882 879 881 883 886 884 884 883 886 887 883 885 886 884 887 886 860 883 877 834 847 828 848 798 804 770 742 701 673 638 705 617 558 563 562 553 512 487 518 476 479 486 502 477 458 476 461 470 459 462 461 459 459 461 457
686 697 699 726 719 720 747 747 733 755 769 795 804 829 807 826 790 813 821 835 809 816 850 828 859 851 873 850 867 858 869 875 875 872 878 876 869 882 875 878 878 878 882 883 887 881 879 884 883 883 881 890 883 881 886 889 881 888 882 887 875 868 863 864 873 824 840 842 842 777 808 780 685 708 631 640 619 598 570 535 529 510 531 476 487 504 487 486 477 460 460 468 461 460 462 461 458 460 465 461
675 684 702 716 722 757 742 742 768 756 774 776 786 824 807 830 825 825 828 828 819 843 856 854 855 858 865 847 866 863 861 867 872 873 878 877 877 880 882 881 873 885 885 889 885 885 884 890 884 884 886 885 886 883 887 886 891 884 888 886 874 875 883 888 878 851 847 813 818 800 812 773 745 723 557 609 620 625 597 595 546 560 519 505 513 488 480 477 471 461 461 486 458 461 477 460 462 457 462 461
710 683 717 725 734 727 739 758 753 787 793 797 807 793 809 779 830 844 838 814 834 833 848 844 853 862 868 861 871 859 867 880 873 872 876 884 885 879 890 879 873 885 886 888 884 886 880 887 878 888 884 884 886 884 886 884 884 883 887 887 882 866 879 888 867 861 863 824 812 822 802 760 803 652 625 586 607 594 582 589 570 546 528 514 500 492 469 487 470 492 459 470 459 460 460 461 462 457 460 461
712 696 716 727 753 715 750 772 804 773 749 767 798 793 796 781 838 837 851 818 848 827 851 829 865 847 867 863 852 875 877 870 878 875 875 877 869 876 882 878 888 884 886 887 884 887 888 885 888 888 893 887 884 886 887 885 886 886 888 880 887 885 884 874 881 872 868 809 853 770 806 802 687 674 643 657 684 595 587 560 583 580 528 510 489 464 458 485 460 485 479 468 471 460 467 468 460 461 460 459
711 720 679 728 718 728 745 773 789 790 809 808 773 810 808 809 827 807 837 856 851 843 856 855 857 856 866 855 862 868 880 868 869 885 882 875 879 876 883 881 882 886 888 888 879 887 891 885 885 878 887 885 887 893 886 891 886 887 889 883 877 878 870 870 872 857 840 856 843 814 853 797 773 750 692 666 631 591 587 615 556 518 510 492 495 476 477 478 479 468 470 467 459 459 459 460 462 459 459 461
711 697 686 732 694 761 765 751 775 772 741 797 814 831 804 815 804 829 832 841 855 846 851 851 858 870 852 861 882 863 879 867 880 878 882 871 880 878 883 882 886 882 881 888 888 885 887 888 882 882 881 886 886 882 884 884 886 889 882 885 885 885 892 876 858 880 852 825 826 869 804 782 735 693 606 672 643 615 556 579 556 548 505 518 539 495 493 475 478 485 472 465 459 463 471 457 462 461 470 460
700 701 745 716 727 758 753 759 785 805 786 792 798 834 826 810 844 825 832 849 844 863 853 842 845 857 857 868 877 872 869 877 873 878 879 882 884 883 889 889 886 885 882 887 888 889 885 884 886 884 889 885 882 886 886 885 889 885 886 882 888 883 868 873 846 848 832 820 819 827 789 813 765 756 633 632 623 636 614 586 569 528 505 537 503 526 501 473 459 495 462 468 457 461 460 460 461 459 458 460
697 713 756 741 721 740 758 773 781 757 777 807 807 807 833 834 833 820 820 837 835 870 858 838 865 869 877 877 874 876 861 878 868 874 884 885 883 880 884 887 884 879 886 888 888 885 885 889 884 889 892 885 888 886 889 885 888 884 879 885 886 887 887 887 880 854 864 861 830 852 803 780 715 713 719 655 679 620 646 595 586 556 527 497 467 492 486 476 462 485 460 467 461 469 460 463 460 458 460 462
702 710 722 722 739 749 767 788 771 782 789 786 837 820 809 850 840 847 841 856 851 858 854 862 868 865 872 863 855 872 873 870 877 885 879 869 881 884 883 887 885 875 887 888 887 885 888 890 884 888 889 890 881 888 882 881 888 883 885 888 889 887 887 868 880 863 863 851 846 811 818 807 784 732 698 638 601 669 604 604 545 586 543 541 494 501 497 490 461 459 485 470 458 461 460 461 459 459 462 461
673 720 728 728 752 727 753 765 787 815 798 813 791 790 836 836 829 830 842 849 858 851 863 860 858 863 868 866 865 872 882 870 879 881 879 875 877 884 880 883 888 883 890 882 885 881 888 878 883 886 886 882 883 890 887 886 892 887 885 894 885 876 883 891 860 847 881 845 876 834 819 774 767 713 706 642 650 620 603 590 579 558 519 494 507 535 540 468 469 479 460 460 459 471 463 462 461 461 460 459
699 722 717 739 738 754 774 765 790 813 794 835 818 822 839 846 850 830 856 852 858 852 849 849 868 863 874 871 867 871 873 879 879 874 885 883 885 886 888 876 885 889 887 889 882 882 882 891 890 887 889 888 885 883 887 886 886 889 887 891 885 888 880 881 866 864 839 872 837 848 799 762 762 758 715 694 679 621 640 621 548 590 572 495 493 494 497 517 484 477 472 478 468 458 469 457 468 459 462 459
704 710 706 734 768 766 731 767 759 798 785 832 802 815 813 832 821 831 840 845 844 859 848 839 856 861 856 868 872 879 878 880 880 886 888 874 883 876 879 887 884 886 882 887 884 888 884 888 892 889 883 887 883 883 883 889 886 884 887 884 875 880 880 877 866 873 846 818 825 849 792 790 755 776 714 632 648 690 644 597 553 548 526 478 522 511 480 474 469 474 467 462 462 461 460 459 462 462 461 459
693 717 685 728 720 753 733 787 791 790 777 770 837 820 826 805 836 844 855 841 867 859 871 869 859 848 852 877 880 870 865 881 886 870 887 872 882 880 886 891 885 883 884 884 882 891 889 888 886 889 889 886 886 887 891 882 886 886 887 887 888 882 875 864 864 887 873 843 847 856 785 828 825 740 700 665 699 615 602 605 544 559 542 577 538 535 511 505 502 468 486 476 511 459 462 461 459 468 459 457
705 732 721 742 778 771 755 790 749 798 800 803 794 846 818 801 828 845 829 840 840 848 848 850 846 852 872 874 856 876 880 867 876 865 883 887 878 883 889 883 885 885 887 888 887 883 889 889 892 890 889 889 888 889 887 885 889 890 891 884 878 889 890 889 876 858 848 884 866 837 832 755 744 736 788 714 702 623 630 612 594 582 564 503 526 484 504 486 505 485 475 485 459 467 458 458 460 461 462 462
693 715 710 743 749 777 763 747 784 808 778 801 821 813 832 843 827 832 842 852 857 842 850 872 875 874 875 877 876 866 878 882 884 892 886 886 884 881 883 888 887 890 886 892 884 888 886 888 884 884 888 886 881 888 882 892 888 878 890 879 890 888 876 885 884 862 862 864 853 853 827 827 817 763 714 709 702 676 657 603 620 603 561 586 563 513 512 492 469 459 476 468 470 465 469 457 460 461 459 459
693 735 718 726 740 724 757 771 797 768 805 807 777 820 808 802 834 841 849 848 834 859 858 852 862 858 874 875 879 879 873 885 881 878 883 882 889 882 888 889 888 886 888 886 886 892 885 890 890 887 888 890 891 887 884 890 889 886 884 891 886 889 877 873 872 890 868 862 843 811 811 757 774 744 708 702 691 658 603 603 639 523 553 529 535 487 487 484 465 487 479 478 466 461 461 468 460 460 460 456
720 713 727 735 716 736 758 794 799 814 796 761 802 825 805 824 823 847 845 863 858 859 846 872 860 875 867 865 871 879 879 886 886 878 887 883 887 885 885 882 884 892 884 887 887 888 887 887 888 889 884 890 888 884 888 889 884 886 892 889 884 889 891 877 872 880 867 855 875 828 825 854 775 779 738 706 735 693 641 619 586 562 557 556 577 520 511 514 494 472 475 470 470 460 466 461 471 461 470 458
692 758 728 736 710 760 780 746 800 799 809 782 788 813 833 809 849 828 831 849 832 831 858 845 872 856 876 877 867 876 878 878 879 878 881 888 887 884 890 888 887 885 884 889 891 883 887 885 888 889 888 885 891 889 889 887 890 889 889 887 882 886 876 885 866 854 865 862 873 856 841 848 805 723 686 721 677 639 664 608 649 538 556 579 556 536 485 494 504 458 465 476 471 462 470 468 461 463 459 459
709 736 707 742 714 750 747 803 783 753 810 814 795 816 801 816 833 848 849 847 869 848 854 873 865 866 861 862 852 877 878 884 887 885 887 883 887 888 887 890 886 889 889 887 890 885 889 893 892 888 881 885 890 890 890 884 891 887 890 888 889 878 888 883 880 870 863 873 835 842 833 838 726 742 723 689 708 679 613 646 594 562 566 554 537 542 535 486 486 495 470 485 461 476 467 458 461 468 468 460
689 681 756 721 727 750 762 773 797 755 801 807 793 823 819 854 824 843 849 855 856 845 849 856 846 863 864 868 863 878 878 881 875 876 882 880 883 883 876 889 888 882 889 884 892 885 892 890 890 888 891 892 890 889 890 885 891 890 892 889 890 890 891 880 862 886 879 854 856 853 811 793 798 788 710 774 718 646 663 684 577 619 564 546 570 543 512 510 473 494 470 470 459 468 458 468 459 462 458 460
695 688 723 697 733 751 750 777 771 770 780 786 832 823 841 811 816 854 850 844 851 853 840 857 871 848 860 868 867 855 870 873 885 883 882 884 889 880 882 884 884 888 889 889 886 895 886 890 887 882 886 889 886 887 886 889 889 887 891 887 887 890 892 855 878 869 882 849 843 855 844 807 823 792 708 787 678 719 726 673 632 609 597 562 535 501 497 476 522 505 503 486 475 468 461 468 467 460 459 459
685 686 722 732 746 754 756 735 749 784 786 755 806 801 803 835 821 828 827 857 852 835 855 867 877 868 862 877 860 881 884 875 886 877 888 879 884 889 884 874 886 886 893 886 887 888 890 889 888 893 884 884 886 887 887 890 888 890 888 889 890 882 885 888 861 863 890 881 856 828 828 796 766 747 743 742 692 713 701 615 641 580 592 541 563 504 535 544 478 503 495 476 463 478 503 459 476 460 462 462
667 663 694 694 756 746 743 749 728 765 789 789 790 806 801 821 822 839 833 826 859 854 854 840 870 850 845 865 875 882 866 886 883 879 879 884 884 882 886 886 888 890 890 888 885 890 891 889 889 886 887 882 888 887 890 883 889 889 887 875 890 880 881 877 886 880 857 857 834 852 827 806 766 764 779 750 674 668 648 638 587 588 616 544 597 531 511 556 484 497 468 487 478 471 457 468 459 466 458 459
674 703 708 711 726 767 725 742 771 778 799 804 792 811 795 817 830 836 817 838 854 847 845 869 858 853 868 873 882 873 877 880 874 880 879 877 885 874 882 885 884 885 885 887 884 891 888 891 891 888 891 887 883 887 886 887 889 891 886 891 889 892 891 887 879 873 840 859 844 870 832 764 778 790 721 769 671 649 644 620 610 614 585 554 570 555 528 510 482 473 503 517 477 468 477 467 468 468 456 456
628 698 690 739 713 717 747 709 764 804 791 792 795 780 782 817 844 834 806 825 865 852 854 853 880 833 865 869 864 873 881 875 877 870 874 884 887 890 881 883 891 888 891 890 890 884 889 889 891 881 886 886 889 891 889 889 893 887 890 887 893 887 879 860 889 877 873 867 848 842 789 808 793 786 765 740 703 747 674 675 606 551 625 611 560 528 514 500 521 503 470 475 474 477 459 457 467 460 478 462
691 680 707 734 730 738 731 739 743 776 798 784 805 785 806 820 827 826 826 826 811 847 832 846 852 855 867 872 859 883 877 880 874 886 886 888 881 887 882 888 890 890 890 890 892 888 892 890 884 890 888 886 886 889 884 888 884 887 882 886 888 883 880 881 881 872 874 868 860 808 803 759 819 805 737 744 728 673 693 640 685 647 621 567 571 582 580 535 517 502 494 485 468 472 471 477 458 472 458 459
685 656 726 683 706 717 735 733 771 748 770 757 782 782 809 766 836 828 831 856 840 864 855 851 870 864 849 869 882 872 864 868 888 879 888 886 885 888 882 884 886 887 884 890 884 889 885 885 891 888 885 887 884 889 887 885 894 887 880 888 887 883 889 873 886 883 857 831 875 848 799 784 758 782 750 684 738 655 664 646 640 653 545 568 545 536 562 511 521 484 500 504 488 478 476 468 461 467 459 460
657 623 713 707 717 746 747 710 773 765 783 789 779 801 769 829 837 822 821 833 847 842 860 862 843 852 867 860 870 868 872 865 872 886 882 885 890 873 887 883 887 885 888 891 889 883 890 887 890 891 889 888 886 893 890 891 887 874 886 892 884 884 892 890 885 874 874 845 859 858 820 833 806 791 797 717 795 700 686 631 682 615 617 580 577 551 527 553 533 503 513 517 462 512 480 485 487 460 459 460
670 679 689 709 728 749 745 748 728 750 766 796 773 794 820 796 799 825 808 836 826 842 836 864 866 853 866 873 867 868 867 884 873 881 871 878 877 887 883 881 880 891 886 887 889 884 881 890 881 890 889 892 884 887 889 889 886 891 892 872 891 880 885 843 878 882 870 848 862 813 828 795 837 799 781 754 715 679 695 644 621 631 679 602 623 580 546 523 513 512 510 476 474 487 470 462 461 460 458 460
666 690 667 679 668 684 691 723 775 756 763 752 786 823 790 796 811 816 828 831 818 839 868 838 840 856 862 854 872 879 862 881 881 882 877 873 884 883 888 887 881 890 885 887 892 885 889 891 890 887 880 891 895 888 888 890 886 888 888 891 889 883 890 884 876 851 830 858 866 827 846 823 760 778 765 760 744 703 657 676 677 653 576 570 600 561 522 517 527 512 511 513 493 500 479 461 468 457 462 459
685 668 703 695 708 711 721 727 735 748 771 746 771 762 785 805 822 807 819 818 824 832 838 838 856 870 833 872 866 855 858 872 878 881 872 878 885 884 885 888 880 892 882 890 886 874 886 883 889 887 885 888 886 886 894 887 887 885 887 888 890 891 884 880 858 859 860 866 854 841 837 832 775 759 749 710 698 688 664 706 659 689 596 548 603 539 589 534 500 512 486 476 500 475 493 458 475 467 468 457
632 684 679 692 668 706 692 703 717 735 745 743 785 813 810 789 803 805 826 800 820 829 812 844 846 840 856 864 864 831 881 857 864 885 863 875 872 889 885 885 885 877 882 884 889 889 886 889 890 889 887 896 887 887 887 886 889 887 885 878 879 886 884 887 849 875 869 870 856 840 817 792 744 744 723 709 666 699 708 642 622 686 560 569 564 559 589 526 516 540 530 488 495 475 466 475 474 460 462 460
653 674 652 701 700 687 696 718 718 729 748 743 771 782 776 791 788 810 831 826 834 834 842 798 831 843 868 863 848 848 861 864 874 875 862 884 877 885 881 887 885 882 883 887 886 878 886 889 891 885 889 887 882 887 890 882 889 890 888 888 887 889 889 855 871 878 867 884 853 829 833 839 784 769 776 749 771 676 684 632 671 640 612 593 626 514 559 522 522 492 475 488 487 469 470 474 460 456 457 458
648 638 680 652 698 683 740 709 737 723 764 748 774 759 758 779 785 787 823 830 819 822 848 839 832 835 870 852 864 849 864 867 866 885 882 873 874 884 881 879 883 886 885 890 881 890 887 889 885 884 890 890 887 887 881 892 890 881 889 885 883 888 884 886 880 874 853 855 830 830 808 794 769 753 749 769 695 733 620 642 608 650 569 569 536 546 512 509 516 507 494 489 495 481 488 468 471 468 486 459
642 646 637 674 666 652 690 703 746 745 745 762 762 755 772 790 809 789 802 795 809 809 825 846 859 860 837 852 865 857 867 863 877 860 868 880 876 885 884 870 880 877 890 874 889 886 885 884 881 887 888 882 886 883 889 883 887 888 888 881 888 882 890 880 866 854 857 863 854 840 777 739 759 743 742 698 693 728 677 642 688 601 620 589 547 572 516 524 513 519 522 468 518 488 483 471 479 470 468 459
629 647 651 661 679 673 683 709 716 736 680 763 757 739 778 771 773 768 818 784 814 789 835 853 844 847 865 849 859 841 868 864 882 860 866 875 869 876 877 868 883 872 883 887 881 886 887 885 885 886 883 887 891 885 887 889 885 887 883 885 883 866 884 878 875 856 869 863 858 849 816 771 780 769 774 732 728 679 682 658 632 647 646 597 544 564 534 543 503 545 503 476 475 470 478 460 467 460 460 464
653 634 632 655 688 704 713 696 703 724 679 735 728 719 774 762 757 782 821 773 792 799 828 835 819 847 824 852 846 865 832 866 872 874 881 867 883 873 885 877 878 882 881 889 893 889 886 887 886 883 886 888 884 888 884 888 882 888 887 881 882 875 871 852 881 843 871 866 849 840 810 769 757 690 700 657 700 674 684 633 615 666 611 579 587 537 503 513 514 529 502 520 459 475 484 462 466 459 493 459
622 646 638 635 686 672 650 681 686 727 682 710 714 750 786 769 767 770 788 771 817 809 802 844 839 807 830 840 835 869 850 860 866 859 869 867 876 874 882 883 873 892 884 881 885 886 883 890 881 885 885 882 888 887 885 886 892 888 888 890 882 884 853 888 873 843 829 826 826 855 867 815 776 776 733 665 665 714 715 641 625 648 598 571 534 521 513 570 537 477 504 495 467 479 466 468 459 461 459 458
628 627 639 671 632 661 684 654 684 684 678 720 731 723 728 727 738 755 737 790 764 816 797 812 807 797 841 794 849 841 856 858 864 863 875 865 865 877 879 874 881 879 885 881 882 880 884 888 883 882 883 888 879 886 888 889 886 884 882 885 886 881 879 864 868 862 857 836 824 806 837 785 752 784 687 746 682 692 651 661 587 632 603 534 589 509 493 555 477 503 476 530 457 504 496 486 460 470 456 460
614 628 639 626 662 648 675 675 698 686 684 696 726 730 697 736 763 789 757 759 800 785 798 797 797 823 839 836 842 856 866 854 849 863 872 855 872 861 878 866 871 882 879 886 888 890 880 887 888 887 887 888 890 883 885 889 878 887 882 889 866 878 873 872 850 873 842 860 820 806 797 756 759 761 733 694 665 692 666 615 643 627 572 528 547 506 512 514 518 512 483 464 462 468 458 460 478 461 459 462
651 625 646 643 650 630 654 650 679 661 681 703 686 734 713 753 749 761 751 787 736 790 800 794 836 828 828 840 842 824 867 862 851 857 868 835 871 874 874 884 873 884 882 881 889 884 888 884 887 883 884 883 888 886 885 888 884 875 886 883 890 879 853 852 864 861 858 853 812 819 820 777 778 763 758 672 690 676 690 665 659 616 542 561 529 535 509 499 500 482 477 512 477 482 469 466 461 461 461 456
592 626 636 620 641 624 658 633 684 675 665 688 685 688 691 748 714 749 731 779 726 808 781 780 804 822 814 841 834 842 848 850 864 846 857 867 875 881 868 881 885 880 876 886 887 880 888 887 881 886 886 881 882 874 886 879 885 884 882 863 876 883 875 858 852 858 874 865 787 809 783 732 752 746 659 698 657 651 659 624 580 633 546 602 545 591 523 519 518 511 500 482 482 468 472 469 460 457 470 469
586 633 594 612 637 630 629 627 649 684 703 732 728 729 711 736 712 765 731 743 723 775 813 762 789 807 825 809 818 823 849 849 823 854 843 851 852 870 872 877 867 880 861 885 884 882 877 885 879 886 889 880 882 881 882 882 887 882 892 879 879 883 869 864 872 806 830 832 853 824 813 730 729 711 722 696 664 633 620 636 590 605 561 580 541 522 537 499 468 504 480 471 479 459 467 467 478 468 458 461
584 611 610 612 625 613 619 663 622 661 668 669 656 712 721 689 717 731 765 774 763 781 793 777 788 845 819 826 808 826 831 834 834 845 841 845 860 888 865 861 860 880 882 884 874 877 872 886 879 875 880 881 884 878 882 872 886 885 885 879 878 859 865 853 857 829 814 824 785 765 716 753 778 736 748 675 610 635 608 618 678 554 562 574 538 555 479 475 487 478 480 476 464 486 468 468 467 459 460 459
