133 111 135 156 132 162 186 148 156 202 213 216 159 182 206 223 238 277 269 284 333 249 282 265 319 324 441 494 505 460 462 485 511 531 513 629 599 600 565 560 653 673 644 638 714 747 763 743 824 792 809 753 800 790 793 751 807 769 754 671 690 548 638 517 532 458 372 365 413 266 191 185 158 236 192 83 113 53 78 57 90 38 32 88 26 24 37 30 28 25 27 25 28 25 21 24 25 26 22 22
110 151 129 151 150 153 163 175 165 190 158 237 196 185 192 254 300 289 291 299 326 298 339 317 287 360 330 385 403 491 447 434 494 542 501 563 582 568 539 518 599 648 640 710 713 683 658 742 784 762 774 793 790 770 793 840 803 761 769 781 721 639 512 578 561 432 416 456 393 314 206 131 159 156 152 106 93 38 91 51 37 32 38 29 39 34 28 28 25 23 34 22 25 26 23 29 22 23 23 20
132 131 125 169 134 157 166 171 183 192 219 170 201 281 199 189 295 219 282 290 281 230 385 317 344 391 399 410 367 380 443 492 476 526 546 623 567 681 560 634 704 669 742 754 698 741 772 738 745 822 783 808 825 826 810 819 781 702 784 680 746 623 617 514 505 414 433 389 445 439 251 250 195 185 63 160 95 106 107 56 96 56 39 47 34 28 24 30 34 30 26 21 25 30 27 25 23 26 27 30
99 123 153 197 154 185 182 196 245 195 219 189 186 211 227 303 223 338 312 307 346 287 325 405 370 401 445 480 510 438 531 429 517 439 585 593 645 686 631 601 660 718 694 738 749 757 791 802 771 795 816 790 872 795 837 809 784 791 755 738 662 662 589 458 502 581 476 402 386 276 362 225 159 210 153 78 152 56 39 36 79 90 30 60 29 29 23 30 28 26 23 24 25 20 28 28 29 24 26 22
120 151 121 165 149 189 159 176 165 166 206 262 240 233 234 252 254 258 280 287 323 355 381 436 335 423 458 478 435 451 465 464 537 454 552 564 584 615 605 560 681 673 715 700 708 791 718 804 784 771 856 802 858 852 793 813 801 818 786 746 723 538 546 624 494 435 371 447 347 289 190 172 246 206 160 172 75 121 65 70 29 57 36 26 48 30 31 28 25 25 22 26 25 24 23 27 22 24 32 25
136 144 146 143 181 191 171 189 184 189 224 206 216 208 231 318 255 314 261 347 350 356 385 361 363 429 421 413 512 442 515 571 481 483 607 585 578 600 678 641 667 739 695 799 702 765 792 792 750 746 826 787 821 831 807 861 866 779 864 810 705 611 765 512 570 499 413 456 398 365 252 241 175 90 239 112 113 79 76 40 53 81 81 88 30 30 32 24 27 24 29 29 27 25 20 25 23 27 25 22
158 150 133 166 162 171 178 182 162 197 204 160 233 283 249 280 191 285 259 227 348 384 297 300 398 494 440 469 455 409 517 527 567 541 590 578 589 585 598 714 681 704 673 718 732 796 724 805 783 840 892 810 818 809 799 848 832 763 736 777 676 684 680 571 585 534 530 453 348 301 327 213 172 137 238 126 83 128 94 88 53 88 27 59 30 32 28 28 29 29 31 27 23 30 23 24 30 22 25 22
141 141 128 152 160 162 177 183 158 176 205 233 214 257 273 283 232 299 238 269 252 278 349 347 408 393 423 463 506 507 495 539 568 470 576 602 519 595 681 746 695 707 754 757 731 760 824 843 816 773 832 818 789 820 850 810 801 834 818 716 760 674 650 547 478 497 444 420 402 385 238 241 204 172 164 131 123 135 91 88 46 80 52 45 28 45 35 32 22 23 28 25 26 23 18 22 22 26 24 19
174 105 163 183 186 172 210 145 226 187 245 192 239 230 253 260 333 243 235 303 342 353 366 379 427 334 416 352 494 516 572 554 508 552 613 571 612 638 739 662 719 765 736 767 746 811 793 771 811 814 808 841 815 809 856 818 812 731 758 705 630 678 715 558 584 547 451 499 420 308 232 235 205 146 148 123 178 95 70 103 60 68 36 37 27 27 31 27 31 25 24 26 40 23 22 27 24 23 23 24
180 162 150 140 158 171 195 226 182 214 258 248 240 260 242 245 248 253 245 427 315 289 311 366 451 441 333 524 461 456 487 489 521 519 576 616 601 659 629 649 561 703 786 789 768 802 746 707 790 813 817 829 804 798 841 822 808 816 816 747 697 696 642 639 549 528 486 454 476 382 290 182 266 202 158 165 94 101 104 106 42 68 39 63 26 29 24 27 50 27 47 26 29 22 24 27 24 21 24 24
156 154 210 172 161 141 158 166 195 188 148 231 209 208 282 242 299 298 362 290 327 306 403 425 413 392 422 491 568 438 599 560 608 593 604 619 619 615 639 651 721 722 675 761 741 759 838 808 764 742 808 848 843 863 883 828 872 714 794 773 652 735 694 643 495 624 557 452 361 419 276 252 180 262 146 153 73 108 121 42 64 65 44 36 71 28 33 25 31 26 30 25 26 19 23 22 26 27 23 29
136 122 160 159 157 171 149 181 186 246 215 202 245 214 259 301 290 346 302 338 317 264 350 297 411 385 395 443 459 547 561 618 587 569 746 629 655 673 663 767 693 764 706 770 738 736 777 819 871 827 809 850 868 869 851 890 779 841 809 778 720 694 694 582 544 588 425 484 383 448 152 247 152 263 147 207 164 102 131 79 35 49 78 37 49 29 29 29 24 21 23 21 20 19 26 23 24 26 23 29
153 164 179 179 168 212 138 152 164 205 251 222 257 303 352 261 309 278 308 334 373 403 468 451 423 359 443 462 533 536 538 557 592 602 658 687 649 733 701 684 650 737 761 810 805 797 778 842 818 825 888 878 815 859 848 863 817 808 799 874 839 770 690 556 574 645 538 411 446 470 300 260 211 254 119 109 161 161 52 108 117 72 50 43 51 29 45 29 25 30 29 28 25 26 27 24 24 27 23 24
154 129 164 179 202 185 189 235 191 249 233 229 267 303 284 363 343 433 333 361 393 409 426 435 445 379 448 404 484 575 591 562 599 618 599 605 742 701 589 742 686 708 782 809 782 757 848 782 828 851 886 857 857 813 874 869 844 871 853 803 695 716 754 584 548 547 497 491 464 521 350 287 207 197 126 116 127 114 86 111 85 53 32 59 32 44 45 21 31 29 45 25 21 23 24 30 23 28 24 23
180 141 170 180 179 174 186 197 247 151 244 251 285 290 271 304 332 299 314 371 443 348 394 460 448 503 502 527 603 525 582 584 598 616 621 608 675 715 684 652 776 708 750 802 817 799 837 817 837 825 827 879 848 879 859 817 791 873 830 794 727 697 721 572 627 554 489 517 533 354 339 245 260 200 193 106 174 139 98 50 55 82 99 44 47 48 26 32 50 25 21 26 25 23 23 26 21 25 23 21
155 151 164 211 182 185 174 181 175 253 201 262 286 296 306 319 392 441 391 347 435 378 419 415 412 466 557 494 583 559 561 503 660 588 628 715 700 684 712 713 740 732 735 766 798 787 805 848 820 859 867 848 876 860 879 846 858 829 801 816 752 760 711 521 608 569 536 544 325 485 324 192 151 269 173 167 135 105 134 55 67 60 31 70 41 43 39 31 34 28 30 29 25 22 28 29 23 23 24 25
134 149 226 178 208 249 208 161 175 273 256 288 233 258 277 322 338 324 398 387 343 447 408 428 401 518 466 550 483 618 553 581 587 652 650 574 637 697 597 651 752 731 764 817 759 801 816 799 866 860 841 879 872 887 856 851 846 843 807 795 807 718 756 653 617 539 557 518 503 469 300 324 186 178 237 158 119 140 142 70 60 84 45 47 33 49 48 42 35 25 28 26 26 21 26 25 24 22 28 23
172 171 169 134 227 170 179 215 230 206 240 283 260 341 369 395 319 386 327 360 422 433 366 430 395 454 538 526 621 552 575 664 594 650 560 698 758 768 743 729 790 761 828 754 818 793 841 851 843 876 828 865 843 860 824 842 850 851 819 855 733 695 707 646 630 521 612 569 447 371 285 289 176 239 264 167 102 85 99 102 81 65 41 65 27 26 25 29 44 27 43 28 27 25 24 23 29 23 28 29
168 204 251 196 228 224 225 183 276 233 280 305 305 294 312 302 341 412 380 386 380 321 408 450 463 514 603 578 482 494 542 663 583 725 649 704 717 772 787 698 793 756 829 769 788 766 822 834 876 826 863 833 865 879 868 883 858 808 828 832 831 719 714 712 629 553 575 369 465 445 367 151 199 181 163 237 91 117 105 81 103 61 35 65 26 25 27 25 27 25 24 29 21 24 25 24 23 27 19 23
182 198 182 185 231 200 223 249 306 266 314 269 314 328 365 276 368 365 305 376 398 491 494 416 461 544 571 546 608 575 501 724 683 659 580 568 799 730 667 776 753 761 761 831 849 850 850 783 876 844 876 853 868 874 878 846 867 857 890 803 735 739 789 674 731 530 497 380 583 517 306 267 228 142 132 227 190 123 81 71 55 104 63 46 25 30 28 28 26 28 26 29 24 23 26 25 26 25 24 23
211 158 180 170 212 203 184 216 278 285 310 263 295 280 317 347 403 399 335 378 383 570 408 443 549 465 560 635 589 651 570 625 657 701 738 709 681 708 812 711 772 716 831 853 821 816 879 793 851 862 862 866 900 871 900 862 854 830 782 850 769 770 791 680 719 640 600 517 530 404 269 255 271 345 247 221 171 123 160 64 59 100 95 31 58 29 78 30 46 41 26 26 39 26 22 23 22 23 24 20
181 226 211 274 242 228 225 257 271 207 338 335 333 261 283 274 326 397 476 429 465 456 423 527 495 503 500 627 532 529 658 613 664 730 642 727 750 702 786 773 780 802 784 755 823 852 856 840 874 862 821 873 875 866 893 892 865 891 891 772 865 706 730 614 730 640 517 609 549 518 409 293 330 274 161 165 144 154 192 87 63 79 65 42 34 23 44 28 23 49 25 21 24 24 25 29 23 26 27 25
173 205 236 234 184 270 228 227 312 318 297 231 365 280 353 322 431 430 461 412 470 417 466 464 487 610 611 528 657 656 587 616 642 674 733 730 739 668 836 789 691 819 842 828 824 836 867 839 849 874 871 878 872 884 906 886 864 838 785 805 763 758 722 628 562 616 418 544 563 469 365 279 273 351 262 206 197 194 75 118 47 62 69 30 48 20 26 25 44 28 27 29 28 24 25 26 22 24 20 21
192 179 234 231 237 284 255 220 235 339 315 286 364 266 368 385 371 360 476 408 472 518 524 494 528 525 601 537 660 582 667 627 707 730 660 650 783 700 710 811 739 792 816 799 835 878 812 834 841 871 853 850 871 887 882 898 873 846 844 845 786 760 799 660 579 557 584 647 581 384 456 316 274 326 296 206 174 247 215 168 141 65 59 81 26 61 24 29 41 39 22 21 25 26 28 26 25 22 29 27
186 207 217 261 201 248 270 211 288 331 236 320 303 411 397 348 406 398 426 429 417 602 466 564 581 601 542 559 631 753 607 729 643 736 691 692 655 759 730 799 794 806 800 809 805 837 859 824 878 886 901 867 876 882 871 881 878 893 856 838 848 740 721 724 703 525 570 622 457 476 376 304 245 246 217 232 205 171 173 80 91 81 51 31 29 33 23 42 21 25 23 26 28 27 23 23 22 25 24 24
172 155 224 176 215 237 310 340 290 260 270 337 313 359 401 420 385 397 442 514 552 501 491 546 615 538 563 676 541 639 704 637 713 688 700 762 752 773 789 801 819 842 831 789 850 853 835 874 851 870 896 897 890 891 881 880 891 838 902 830 833 790 762 702 649 614 742 620 566 517 434 292 387 252 92 208 174 148 190 171 96 29 49 100 53 30 28 28 28 31 24 26 22 25 30 22 22 29 20 23
178 252 216 197 243 242 350 330 329 372 305 287 396 368 403 322 456 436 382 418 474 496 579 567 621 478 691 581 680 678 679 595 647 679 781 671 738 784 844 741 807 791 841 842 840 871 845 811 875 861 881 893 897 889 892 864 875 838 867 854 813 764 804 716 672 617 686 572 573 509 353 319 301 292 213 291 83 99 68 70 85 46 86 139 44 60 24 48 26 45 25 26 27 28 26 25 20 23 23 23
182 175 230 224 297 274 289 273 351 295 338 325 375 398 437 345 416 445 432 550 430 571 610 505 541 573 560 625 636 614 680 680 611 630 719 771 795 751 793 810 783 837 835 857 822 854 823 890 862 869 881 878 884 878 910 870 889 876 835 877 796 800 811 730 800 692 608 559 697 663 471 457 322 266 221 230 244 141 53 96 83 103 62 34 58 46 42 28 31 27 25 23 23 33 25 25 25 26 25 23
199 198 273 221 209 265 303 304 324 418 357 339 361 458 358 440 480 426 530 493 584 487 504 572 595 586 587 673 688 673 688 715 695 722 794 796 759 783 856 841 823 878 840 836 866 893 829 866 872 894 868 884 893 908 898 907 864 896 857 918 780 810 764 654 683 688 558 568 574 459 360 308 235 274 219 235 187 189 223 168 141 80 68 63 97 78 44 23 21 25 19 24 24 26 23 26 26 25 25 21
201 179 301 251 267 287 353 361 395 325 339 352 413 345 442 427 374 398 444 505 491 564 495 649 567 688 637 628 659 673 752 683 696 696 715 758 764 720 864 812 776 812 864 812 817 845 846 886 870 897 912 880 891 891 892 915 874 888 844 912 848 823 754 690 727 622 692 555 625 671 393 358 243 202 215 199 192 188 135 89 102 47 81 120 45 49 24 37 45 27 22 21 26 27 23 24 27 21 24 26
263 229 268 263 307 231 291 302 397 395 449 352 375 440 471 345 476 469 502 582 532 578 532 585 614 592 589 692 670 754 662 739 699 766 739 810 768 874 764 817 854 843 891 857 882 882 841 898 882 887 891 905 914 885 906 890 913 871 857 869 854 843 794 719 616 665 707 549 533 590 424 425 262 239 237 188 93 151 150 158 115 98 54 62 81 27 63 52 23 22 30 26 26 26 29 24 25 27 23 24
297 177 235 286 338 320 372 307 375 372 378 334 430 451 395 423 539 505 552 528 503 599 559 526 623 637 706 638 625 708 823 675 741 726 737 755 771 780 835 774 813 881 863 890 884 882 872 871 913 899 890 902 871 902 890 883 872 905 889 884 842 850 809 752 736 747 662 656 551 524 431 428 355 240 214 154 230 193 85 158 86 118 118 50 30 61 27 21 28 25 47 28 30 26 22 27 26 20 27 24
242 249 271 299 273 246 398 294 358 329 410 379 505 385 442 528 470 520 454 529 504 600 591 589 639 589 728 698 675 656 699 798 775 794 762 725 845 822 830 844 808 831 862 882 896 868 868 859 861 881 903 883 900 878 897 900 898 883 820 867 875 807 828 781 641 656 598 539 576 590 518 404 290 425 188 213 154 188 248 170 138 103 55 45 45 40 31 46 28 25 30 25 25 26 23 28 20 21 28 25
288 320 266 309 345 340 389 334 442 356 326 470 445 500 468 546 487 484 547 532 585 630 483 573 662 651 661 689 712 761 740 746 772 826 851 750 833 800 807 798 872 869 907 850 901 847 894 880 902 865 879 904 904 904 919 897 853 873 903 875 869 786 803 789 679 644 659 742 535 532 443 378 225 221 252 135 204 212 168 112 140 85 52 101 42 99 27 21 32 29 46 31 23 30 28 26 21 23 28 24
291 271 268 295 376 333 309 317 409 411 408 462 434 433 508 464 532 470 560 568 629 632 677 558 705 663 665 737 770 715 716 787 758 738 750 830 815 809 833 837 848 839 876 826 865 875 869 887 866 900 895 899 891 905 909 906 887 885 916 817 879 845 856 739 741 819 586 670 705 699 448 379 300 273 247 236 182 93 273 138 130 52 78 99 43 48 62 59 32 23 25 27 25 27 25 25 26 21 24 23
293 270 364 293 392 374 373 389 324 424 459 397 472 502 520 450 583 572 582 595 621 642 621 635 677 555 656 702 709 774 796 805 740 759 781 791 828 820 849 888 876 828 883 891 882 865 840 910 906 889 880 885 876 895 891 915 913 882 888 856 863 839 855 739 697 690 641 709 688 592 526 408 409 232 319 310 258 260 185 116 153 82 72 86 43 80 46 65 25 26 60 29 24 29 25 23 24 24 27 23
296 291 314 370 285 434 359 422 423 314 517 428 535 541 563 460 510 531 628 643 587 673 645 702 823 653 725 725 682 775 734 742 723 854 844 802 741 865 865 857 842 895 884 854 899 885 908 879 911 902 892 903 880 894 893 906 889 889 857 880 838 855 804 766 686 780 681 706 582 562 503 327 350 274 194 280 299 166 225 120 83 76 98 39 76 44 43 42 45 46 28 25 27 25 41 24 25 24 30 21
362 293 276 321 374 323 400 406 463 447 432 427 453 524 483 450 514 582 593 593 651 665 582 769 625 711 682 764 767 712 773 778 802 786 855 803 859 861 822 818 861 855 880 886 864 912 897 900 903 886 880 899 899 908 894 916 916 892 882 868 902 855 796 712 791 704 751 701 481 591 519 558 281 262 232 289 331 135 153 153 110 95 79 101 97 63 45 45 43 23 27 29 23 23 27 24 29 21 28 20
316 289 274 338 376 392 403 423 403 376 458 462 551 608 513 585 634 567 598 652 687 565 668 629 704 705 801 776 771 813 791 724 788 850 858 838 812 851 881 894 879 881 877 892 871 883 900 910 892 895 904 909 903 905 905 899 895 889 913 844 875 905 816 841 809 723 648 765 690 528 562 556 437 295 270 187 204 203 121 101 113 128 206 98 37 47 65 82 24 25 25 28 24 27 25 25 25 27 25 26
269 308 265 360 439 413 373 456 476 479 475 488 491 520 474 643 589 549 636 616 606 705 690 673 569 683 771 793 767 768 750 777 841 827 811 826 805 820 821 852 869 903 856 909 898 914 914 880 896 888 906 899 916 906 874 919 912 895 897 885 904 850 795 853 816 771 764 747 700 708 564 445 350 136 348 263 170 297 204 131 100 132 89 84 79 56 43 46 24 24 43 46 25 24 22 23 23 23 28 21
356 395 339 371 441 464 371 394 449 429 531 430 595 556 501 651 615 544 620 579 647 687 721 726 631 711 736 793 713 742 787 776 842 725 865 873 849 839 845 852 848 905 904 903 913 888 917 898 900 910 900 899 910 881 907 918 905 910 888 890 841 876 856 830 843 686 651 738 723 549 594 544 358 419 293 273 215 147 239 156 96 56 79 127 99 26 59 92 31 43 41 28 31 24 20 20 23 25 26 23
265 401 450 372 465 481 443 431 507 475 482 508 462 533 602 591 661 662 639 655 630 760 761 732 717 787 766 691 796 804 757 723 800 875 855 855 861 818 862 865 890 874 914 892 877 901 894 902 912 905 910 919 918 900 898 913 890 914 904 907 851 869 868 871 803 786 617 680 732 735 658 535 470 279 376 310 341 179 219 118 203 83 79 120 51 94 39 42 31 41 23 21 28 46 26 23 22 20 27 24
311 395 419 439 424 415 564 446 466 476 462 588 660 606 590 578 612 681 671 684 676 715 769 707 703 798 776 800 760 847 840 846 835 881 833 855 892 877 876 880 892 880 906 880 883 887 898 908 907 914 901 911 907 915 893 903 909 900 894 898 891 894 846 783 811 765 733 707 735 676 584 469 394 322 315 365 316 221 150 150 169 216 83 98 99 59 29 44 61 28 31 23 22 29 29 22 25 25 24 23
401 350 448 406 402 403 512 493 476 580 446 476 494 605 603 552 641 653 658 702 766 721 710 767 733 698 743 771 784 826 873 820 858 851 884 824 821 870 880 868 900 886 876 883 897 915 895 881 905 909 907 903 924 910 917 918 915 910 907 903 899 913 869 857 883 731 741 742 687 684 666 458 480 322 228 292 196 272 238 115 152 81 111 62 97 61 28 23 46 81 25 24 24 24 28 26 27 25 23 24
339 333 381 364 446 352 413 530 521 516 573 521 576 566 672 694 597 648 648 635 695 731 734 733 740 792 815 761 783 766 777 859 836 865 831 842 879 897 894 885 848 900 884 888 906 910 899 913 905 919 903 912 900 915 914 920 913 910 915 907 915 875 894 865 790 730 761 686 687 586 609 509 395 345 260 311 362 208 262 223 133 133 65 44 80 79 65 45 62 63 27 26 26 29 25 24 26 23 28 23
438 399 441 406 466 501 440 503 487 544 563 598 554 608 713 625 717 683 709 678 769 736 738 802 766 818 783 852 799 799 861 814 865 901 845 842 862 888 851 864 897 877 887 901 881 895 893 896 907 899 913 916 919 914 907 915 913 900 922 902 897 874 814 879 798 618 776 708 691 585 600 490 440 394 401 290 325 270 237 291 150 132 156 96 98 80 30 59 33 23 41 26 25 22 26 22 27 19 22 22
389 389 389 364 476 537 469 434 516 509 597 630 584 670 634 664 707 645 736 782 775 734 656 680 797 784 775 838 820 866 868 796 854 830 866 909 874 889 876 915 896 908 888 900 918 891 897 905 907 908 915 901 916 909 921 920 919 925 916 907 867 898 892 885 829 847 752 784 684 734 620 557 440 357 382 240 307 202 165 222 260 182 168 115 81 172 41 43 45 41 46 27 24 28 24 25 28 25 23 26
411 479 498 448 432 598 519 502 540 594 661 640 588 650 708 708 704 662 757 772 771 739 677 764 689 816 861 798 839 796 857 867 827 885 882 871 884 886 832 899 897 884 893 897 890 888 909 917 907 907 913 895 908 912 915 907 919 917 917 906 894 864 834 869 883 789 712 672 714 660 655 676 421 382 221 291 365 208 261 185 207 149 58 83 98 57 60 42 42 25 25 43 23 41 24 22 28 25 25 24
467 410 415 389 518 523 569 420 629 600 662 550 600 632 653 672 649 721 760 726 779 756 737 812 820 748 824 782 860 809 847 869 843 864 896 893 867 865 906 883 897 901 895 914 907 921 900 913 905 917 911 917 910 920 904 924 918 903 914 883 918 907 920 855 829 802 729 769 758 659 776 539 669 398 329 344 295 310 328 271 117 147 104 118 97 114 21 123 42 26 21 25 23 25 17 27 21 23 27 26
472 445 497 462 568 496 535 567 622 586 678 630 588 680 702 707 770 717 674 749 739 756 795 766 800 818 820 851 780 857 845 844 878 878 861 909 885 882 909 885 902 900 906 909 914 910 912 909 911 915 916 907 917 913 914 916 914 923 912 920 894 894 901 900 849 807 855 793 724 702 641 615 465 440 399 311 237 327 167 135 238 128 175 80 81 63 40 62 58 46 38 43 47 23 26 25 25 25 28 28
515 545 453 498 495 589 574 552 625 609 564 595 674 663 652 719 676 753 804 736 735 792 777 752 808 783 774 839 826 887 858 893 893 871 892 888 888 911 891 904 912 909 913 902 909 908 912 916 910 919 908 907 919 910 913 920 914 921 909 898 918 883 868 889 864 848 822 842 728 723 658 578 457 378 402 396 310 323 274 187 113 164 60 63 92 61 46 40 45 22 31 27 26 23 42 24 22 24 23 19
466 497 468 435 539 466 506 505 613 594 666 629 673 717 737 766 770 793 756 772 780 849 799 806 775 845 800 813 813 872 868 881 856 897 876 896 912 891 887 898 908 896 908 913 915 920 912 921 919 913 928 922 919 918 918 925 919 923 924 925 904 915 901 893 878 846 784 864 775 636 654 675 463 468 343 463 258 272 244 153 164 201 100 80 130 60 59 39 59 28 54 39 25 24 25 21 22 24 21 25
506 516 451 538 578 590 589 588 553 587 657 606 674 691 713 755 758 805 712 809 809 804 825 823 831 825 824 847 832 852 871 872 883 891 889 876 898 876 910 911 912 901 913 918 921 914 912 915 905 920 918 919 911 914 918 918 916 920 915 903 919 907 914 869 877 745 823 734 785 761 629 540 576 364 346 325 306 363 238 223 165 133 96 61 43 80 58 60 63 56 27 22 27 42 28 27 24 23 25 27
460 470 512 546 547 622 637 646 689 680 635 626 677 706 759 666 710 790 786 749 788 789 800 845 850 846 831 872 884 887 845 889 897 898 901 877 913 886 908 921 913 906 912 919 918 912 920 900 922 922 920 920 915 915 914 921 919 917 922 921 926 910 902 887 872 866 774 834 703 784 687 739 384 425 413 399 357 254 311 311 182 245 94 58 77 135 40 47 25 43 39 24 39 23 26 29 22 23 23 22
565 522 479 511 580 523 642 609 618 637 615 717 778 784 725 764 757 778 764 848 753 773 774 848 890 860 833 864 891 879 891 860 874 900 909 884 897 892 890 911 907 915 909 913 917 911 922 914 913 919 920 920 915 910 923 918 914 919 924 910 896 921 898 895 860 838 819 809 787 742 729 627 580 433 432 380 376 252 254 278 149 169 134 113 77 73 41 58 50 44 21 25 25 28 24 25 25 25 26 23
533 544 537 545 562 639 627 663 703 640 700 705 727 738 756 723 740 771 771 729 800 792 815 877 857 856 820 874 859 880 880 892 899 900 894 884 901 895 897 899 919 921 903 914 905 914 908 913 919 923 920 914 914 918 917 921 920 920 921 918 918 872 921 902 813 839 808 840 737 753 680 615 537 474 395 544 353 231 239 237 219 133 77 150 60 65 77 110 60 23 57 27 43 22 25 24 21 24 25 20
510 527 534 591 576 579 631 633 602 649 679 736 752 801 758 791 722 774 785 812 769 775 842 802 865 844 887 851 877 862 891 902 901 895 909 903 884 912 899 902 907 907 916 914 925 910 905 913 920 919 908 923 918 914 921 925 914 926 914 921 898 888 875 872 892 794 826 832 825 688 760 704 498 541 380 403 360 314 260 182 166 132 174 60 81 117 82 77 58 26 25 39 25 24 24 26 24 23 29 24
482 507 546 575 582 653 626 627 681 646 688 692 709 790 759 807 797 799 797 802 784 833 859 848 859 862 877 840 882 873 872 879 887 892 900 908 901 906 913 910 901 913 919 928 918 921 918 923 918 917 922 917 912 917 921 921 924 917 922 921 898 898 918 925 908 850 837 769 776 743 764 684 625 578 225 345 363 374 312 311 202 237 148 114 133 81 63 61 45 26 28 79 18 26 59 23 26 21 26 29
560 507 575 589 611 594 616 658 648 713 732 736 754 731 760 690 806 830 817 769 816 814 840 831 854 875 881 871 891 868 880 910 897 895 900 911 914 906 923 908 900 917 919 921 914 921 912 920 910 920 919 918 922 913 923 919 913 918 924 921 915 879 909 921 883 870 867 792 760 783 744 662 749 428 369 291 335 306 281 296 259 205 166 134 110 92 41 79 42 95 25 47 23 26 23 24 26 20 23 23
560 530 569 591 649 566 644 686 753 684 637 675 741 730 736 700 827 821 849 777 836 799 850 799 874 839 880 875 850 899 897 889 905 900 901 903 890 899 913 906 927 919 921 923 918 920 926 918 924 921 927 921 917 922 919 922 920 923 921 910 925 922 919 900 907 888 881 761 849 681 754 745 504 477 413 439 491 311 293 237 277 276 167 127 89 30 20 76 23 79 65 41 43 23 39 39 21 26 23 20
567 580 494 597 572 593 629 687 722 723 762 768 687 765 761 762 799 759 813 857 842 827 858 857 863 860 879 859 870 885 908 883 887 912 909 893 905 901 912 911 919 920 922 919 910 921 928 919 920 911 919 919 925 931 925 928 921 918 924 922 907 903 893 885 888 860 823 864 826 772 848 733 680 635 511 455 385 297 295 348 225 146 129 93 98 60 59 61 65 39 45 43 20 24 22 25 27 21 25 22
559 529 501 601 525 659 675 647 688 683 625 741 773 802 749 777 746 804 808 830 861 843 848 845 867 887 853 871 905 877 906 884 909 899 908 891 909 911 918 916 920 915 912 921 922 920 922 922 916 913 918 920 921 915 922 919 921 924 915 923 925 919 930 905 864 908 851 790 796 885 751 704 600 518 332 467 415 347 225 273 225 204 115 146 190 98 93 58 64 79 45 36 25 30 47 20 25 25 44 24
536 544 626 566 590 655 646 655 712 753 709 730 741 816 802 764 836 789 811 843 837 875 851 834 836 859 863 886 904 893 885 901 895 909 908 913 919 915 923 925 923 918 915 921 922 926 923 920 918 913 926 924 916 924 919 919 926 923 923 921 926 915 883 890 840 847 807 782 785 794 716 768 664 644 395 391 364 396 349 292 253 165 113 187 117 167 112 54 22 98 25 41 20 26 25 24 25 22 25 24
528 564 657 619 581 617 657 687 696 653 700 758 761 757 818 816 813 787 789 822 817 886 859 824 874 885 905 908 901 902 865 905 889 898 917 920 911 907 916 924 914 909 917 921 921 924 919 931 919 924 930 920 924 920 924 921 924 921 905 921 922 920 922 918 912 858 883 868 807 851 746 702 558 554 568 435 489 362 415 307 290 225 169 101 39 94 79 59 24 75 21 40 22 41 24 25 25 23 25 26
539 559 587 586 613 634 678 720 682 713 724 709 821 787 764 845 827 848 831 860 853 860 854 876 876 878 889 878 854 899 896 890 906 919 908 890 912 917 914 919 920 896 921 921 927 917 925 926 916 922 924 928 915 922 916 916 929 920 913 927 925 923 921 881 904 872 869 850 837 764 782 755 705 596 526 399 325 464 324 331 204 289 203 198 96 113 100 91 24 24 76 44 22 29 23 22 22 22 22 26
476 578 594 590 647 590 644 669 723 776 736 769 725 726 824 821 806 805 827 843 868 853 876 866 861 873 885 885 879 895 913 891 907 912 908 902 901 920 915 913 925 918 923 915 921 914 928 908 922 923 927 917 914 928 923 920 929 924 923 935 920 909 910 932 870 838 908 834 907 819 782 686 671 555 544 409 417 363 329 299 276 234 148 96 117 185 188 41 40 63 26 23 25 43 31 24 26 25 24 24
532 581 572 615 619 653 695 676 717 774 733 816 782 791 826 841 847 803 854 849 865 855 841 846 888 877 897 891 885 887 895 908 903 901 916 915 921 922 922 901 916 926 922 925 918 912 915 930 925 921 926 923 922 920 927 920 923 927 921 929 918 925 907 909 879 879 822 899 818 843 735 667 652 652 556 515 489 361 399 364 214 296 259 99 94 97 98 144 78 61 46 64 44 22 42 19 43 23 27 22
544 556 545 603 678 672 599 674 659 743 711 808 746 777 773 812 790 811 830 839 832 866 840 826 862 870 860 877 886 903 903 905 900 915 922 904 920 904 908 921 916 918 918 926 918 925 922 924 930 926 923 925 916 919 922 925 923 918 924 916 902 907 906 907 878 891 837 777 795 845 733 718 644 689 562 385 423 508 415 314 222 210 164 62 154 131 61 56 40 57 38 29 25 28 25 22 28 26 25 25
525 569 507 592 578 646 604 716 728 722 696 678 820 787 798 760 820 838 856 831 875 863 889 890 864 839 849 899 910 885 880 911 916 888 921 889 917 912 918 925 920 916 917 912 915 926 924 924 923 924 928 923 921 923 932 919 921 925 925 923 920 917 903 877 874 926 893 832 839 856 704 801 795 615 528 455 526 349 326 331 204 225 199 271 185 188 127 117 114 42 79 59 133 21 26 26 24 42 26 20
545 607 580 618 692 677 656 719 637 737 743 748 724 841 779 742 800 838 803 826 824 843 844 843 842 848 895 895 861 898 907 880 903 882 915 921 908 913 925 919 915 919 923 924 924 916 928 924 929 928 931 927 927 924 922 922 928 926 928 921 899 930 926 928 900 861 838 916 879 817 812 645 629 607 711 565 537 364 386 344 310 279 244 115 164 76 117 78 116 81 58 78 24 38 22 20 24 23 30 29
520 572 559 625 638 697 669 633 706 757 695 745 783 772 811 836 797 807 830 852 862 836 853 893 897 894 903 905 894 884 908 918 917 927 922 921 917 908 918 925 925 926 918 925 917 929 922 923 918 918 925 923 913 925 916 931 926 898 925 912 929 924 905 916 912 874 874 874 851 855 796 794 774 664 561 548 538 478 439 331 363 327 239 292 241 134 133 93 44 24 58 42 42 39 43 22 27 26 22 24
527 608 573 591 617 583 651 685 732 678 749 754 693 786 758 750 810 830 842 844 812 867 864 855 868 863 895 900 908 907 898 919 908 907 915 913 923 912 926 925 923 921 924 920 922 933 921 927 929 928 921 930 930 926 919 930 928 917 924 932 926 928 904 889 897 929 886 870 834 765 763 649 687 624 543 535 507 435 328 326 402 155 221 168 183 78 79 79 37 82 61 62 40 26 27 40 23 24 22 21
585 564 591 610 568 612 655 732 743 770 735 658 746 798 754 790 792 837 837 867 863 873 842 892 870 899 888 881 895 909 905 923 916 906 920 917 920 918 925 916 919 930 918 925 922 926 929 923 921 923 921 927 926 922 925 926 918 928 930 930 922 930 930 907 894 908 878 855 893 795 798 854 689 698 608 543 602 519 406 353 287 243 227 224 272 153 129 139 97 47 56 46 45 25 36 26 45 27 45 22
522 664 590 605 558 662 700 632 750 741 765 707 723 772 812 763 843 800 805 843 809 804 865 833 893 864 902 901 877 895 898 906 906 907 911 922 920 917 927 924 920 924 918 925 930 920 923 925 925 926 926 924 931 927 928 923 925 928 925 929 913 927 903 920 881 860 874 869 896 858 825 840 752 577 500 578 482 400 459 334 421 187 232 275 225 185 79 96 118 21 37 59 46 28 43 42 26 29 20 21
552 614 545 624 563 638 629 748 709 648 767 771 729 775 750 781 814 842 849 837 885 843 849 899 876 885 872 877 851 902 905 918 924 917 921 914 927 925 921 924 925 929 926 927 927 923 928 932 930 928 914 921 929 926 928 921 929 923 930 930 925 903 928 911 910 893 870 896 815 831 811 822 581 615 582 505 547 489 347 415 308 241 242 223 189 201 184 81 81 96 46 78 25 59 41 22 26 37 41 21
509 495 650 573 592 638 663 690 733 648 746 758 724 788 785 854 792 831 842 863 859 833 850 857 838 877 872 883 878 904 904 912 902 903 912 911 918 916 906 922 926 910 927 921 929 921 931 931 928 928 930 929 930 923 928 921 930 931 931 926 927 928 931 903 869 921 907 853 861 853 765 725 740 716 550 682 565 417 451 492 273 357 241 202 258 203 136 133 56 98 44 44 25 43 22 43 21 26 22 25
523 513 582 526 602 644 637 699 686 676 699 713 811 784 827 766 775 860 845 833 846 853 826 857 892 841 869 884 882 854 889 894 915 919 911 918 923 909 911 918 917 923 927 929 920 931 925 930 925 916 923 928 920 922 925 929 927 926 930 928 926 931 932 855 904 886 910 840 834 860 836 761 790 724 550 719 484 574 585 471 387 339 310 238 184 115 103 58 151 116 116 80 62 42 25 42 41 23 23 23
503 500 583 604 626 646 654 606 637 708 713 653 755 735 746 818 786 802 799 864 850 813 858 891 898 880 871 900 869 906 918 900 916 904 922 908 920 929 921 903 924 924 935 921 922 927 927 928 925 929 917 917 922 923 923 932 929 927 917 931 927 913 920 924 868 873 928 908 857 798 802 730 668 628 623 622 514 557 529 353 408 277 304 194 242 112 185 201 61 112 100 60 30 62 118 23 61 28 28 28
466 453 519 522 653 628 622 635 591 666 722 719 720 752 740 789 795 820 809 795 866 859 849 825 885 850 839 872 895 913 882 919 911 908 913 917 916 915 918 926 926 928 928 927 923 931 932 927 925 924 925 919 926 922 925 916 928 929 922 896 928 908 907 901 920 909 862 860 810 849 802 753 670 660 695 639 479 455 422 398 294 296 348 200 311 171 131 229 77 102 42 84 59 44 21 42 26 37 27 22
482 540 549 559 586 677 581 620 681 700 746 749 726 762 728 777 801 819 780 825 853 841 835 882 861 847 887 894 915 890 902 907 899 910 909 907 925 895 915 923 919 922 922 926 915 927 932 929 929 928 929 924 918 926 921 920 924 931 922 926 925 932 931 927 905 890 824 871 836 890 802 664 691 721 571 678 468 420 406 362 341 347 291 225 261 223 169 133 76 49 112 148 60 41 62 38 41 42 21 17
381 529 512 614 555 569 637 552 668 751 727 726 731 703 706 775 831 812 749 795 872 852 851 850 905 807 879 888 883 896 914 898 900 888 898 917 923 931 916 918 925 923 929 928 930 917 923 927 928 918 922 928 925 931 926 928 933 923 926 928 934 927 905 872 927 906 891 891 835 831 718 757 726 718 671 615 535 627 474 475 333 222 368 348 232 167 139 111 151 114 41 58 55 57 22 21 38 23 65 28
517 495 545 607 595 611 600 614 623 689 741 711 754 712 757 789 799 795 789 796 765 839 807 840 854 854 878 897 867 913 895 912 898 921 917 926 912 924 914 919 930 930 928 929 932 924 934 926 922 926 926 922 921 929 921 925 917 931 917 922 927 920 910 912 911 889 892 876 873 757 744 649 785 751 611 630 590 472 521 408 497 421 368 255 261 278 276 185 148 112 96 77 43 47 47 61 19 48 23 25
505 440 587 499 545 565 604 596 683 632 677 650 700 702 759 666 816 799 800 856 828 880 856 849 889 877 847 888 912 895 873 881 927 908 924 921 919 927 918 916 924 920 916 928 920 926 918 923 926 924 919 927 918 926 919 921 932 924 914 922 924 921 929 893 917 915 864 807 898 844 741 707 653 702 635 496 606 435 450 418 403 436 202 253 204 187 242 134 152 76 109 116 85 62 60 43 29 45 26 24
441 368 564 540 569 632 635 552 688 667 703 724 694 741 675 803 820 786 786 816 845 830 873 875 832 846 880 867 891 881 893 878 892 922 913 920 926 897 928 914 926 921 927 931 927 916 924 928 930 929 923 929 927 927 925 926 927 894 923 931 915 923 927 925 917 897 888 833 866 859 782 815 759 723 738 567 727 531 500 384 488 355 354 280 275 218 166 221 182 116 137 150 27 139 67 78 81 27 23 25
468 489 510 549 589 638 628 634 595 634 668 731 685 735 782 732 737 794 759 819 798 828 818 874 885 847 882 886 880 882 881 912 895 911 892 905 904 921 918 917 906 927 924 927 930 918 912 929 913 931 925 930 918 927 931 930 924 931 932 890 931 908 921 831 901 912 891 842 874 764 800 729 818 737 695 644 560 493 520 411 356 385 490 322 374 278 207 155 137 140 128 59 59 80 49 27 24 26 22 27
465 510 463 484 464 498 510 582 698 642 660 643 712 791 720 733 761 778 798 807 776 822 879 821 824 854 869 853 897 914 872 911 911 917 902 898 915 915 926 922 914 925 913 923 931 918 929 927 928 922 907 931 937 923 925 926 917 925 926 934 928 918 924 922 901 843 800 861 873 795 837 788 655 694 672 657 621 538 440 483 485 435 272 262 323 236 155 148 167 133 134 135 102 115 64 27 44 21 31 23
501 464 536 522 553 552 568 588 607 631 682 627 676 662 709 753 785 759 783 781 785 805 815 823 862 887 813 889 883 856 862 893 907 915 898 912 921 925 918 928 915 932 911 924 913 899 922 919 929 924 921 929 921 921 934 925 922 926 926 924 929 931 918 910 862 867 867 879 856 827 813 808 690 657 634 550 529 502 460 545 440 506 311 205 327 198 298 177 112 129 78 64 113 60 94 21 58 42 41 22
389 495 489 520 469 550 513 535 566 607 621 623 713 770 756 717 749 754 790 747 781 804 766 832 836 825 856 877 875 807 909 861 875 916 876 899 896 927 919 918 920 903 914 917 926 927 922 927 928 930 923 935 922 922 922 921 924 929 918 907 905 923 917 922 843 901 888 890 857 821 769 730 623 621 579 548 457 529 546 408 367 498 238 255 247 240 299 162 144 192 177 87 100 59 38 60 56 27 27 26
434 482 429 533 538 504 523 570 571 588 631 621 678 701 689 723 718 767 813 794 812 814 825 732 805 836 881 870 837 847 876 878 893 898 865 919 904 918 906 925 917 914 909 924 914 908 923 926 929 919 926 925 916 924 925 917 927 926 923 922 925 926 922 858 892 905 879 914 850 809 812 821 713 675 691 633 678 480 497 387 468 400 347 303 377 137 236 156 155 93 60 79 81 45 46 55 23 20 21 22
422 399 490 434 526 491 615 550 607 581 664 628 686 657 651 690 714 714 787 803 783 789 844 822 808 814 883 851 871 845 870 877 879 921 916 894 899 919 910 909 913 922 924 931 915 928 923 924 921 914 928 927 923 925 918 929 930 915 923 921 918 929 915 921 903 898 857 857 805 803 759 727 676 638 634 677 519 603 366 413 333 427 252 262 187 206 134 130 148 122 97 89 98 68 86 43 48 44 81 23
410 418 394 476 460 425 510 542 627 624 628 655 657 643 682 722 758 715 747 729 757 756 797 835 865 866 820 844 878 853 880 872 904 863 884 909 907 919 923 889 910 904 926 901 926 925 923 917 917 926 927 912 926 918 923 915 925 923 928 909 932 913 926 906 880 856 862 872 854 828 689 615 656 619 620 526 516 593 480 404 505 325 369 300 210 259 145 159 138 144 154 43 149 86 70 53 65 46 45 23
381 421 432 451 489 474 500 546 561 609 488 664 651 616 693 681 683 672 775 709 771 713 815 854 839 838 879 845 866 828 881 872 916 867 882 897 882 906 905 883 916 895 915 925 908 920 921 925 920 914 916 923 926 928 924 924 917 925 916 916 912 883 910 907 900 859 884 868 865 844 773 678 697 673 684 600 586 484 497 443 388 419 419 314 200 244 182 201 119 204 115 61 58 45 61 26 46 25 25 41
431 393 387 436 505 533 558 519 534 580 491 603 585 566 686 661 650 708 783 681 719 730 800 811 778 842 792 850 837 874 805 882 891 895 913 875 915 897 914 899 907 915 915 923 927 923 922 927 924 918 931 924 917 925 916 927 908 926 919 912 911 902 884 855 919 831 888 883 846 822 764 673 649 505 533 444 532 475 500 390 353 465 348 278 292 187 115 138 140 172 117 153 23 60 78 29 43 25 97 24
365 413 400 395 498 468 426 485 497 591 489 547 554 637 713 672 666 682 709 676 776 761 743 832 823 751 801 827 816 890 838 868 878 861 882 884 895 898 913 909 896 930 922 909 923 921 923 926 914 921 915 917 922 924 920 925 929 927 924 928 914 916 852 922 890 834 800 795 794 858 881 773 693 690 603 456 459 564 566 408 377 422 317 259 184 155 137 263 188 65 123 99 43 64 41 43 28 28 24 23
378 374 401 467 387 448 494 433 493 497 482 569 598 581 589 585 612 649 604 716 665 772 740 762 752 731 819 727 844 821 860 870 872 870 902 868 872 905 907 889 911 909 925 910 908 903 916 923 918 912 916 924 910 918 926 923 917 914 920 916 920 906 903 872 880 867 857 815 787 755 818 711 638 702 501 624 497 515 429 446 294 391 328 182 297 134 98 229 62 118 61 174 20 118 105 79 28 49 21 25
346 379 402 377 453 421 479 478 530 497 494 518 581 593 521 604 662 718 647 653 740 709 732 727 724 787 821 814 828 851 877 849 842 872 885 853 892 865 909 874 892 911 907 919 924 929 904 925 924 921 921 927 924 913 918 929 905 929 910 925 879 906 891 892 842 888 823 865 783 753 729 646 653 653 599 511 461 514 464 350 416 377 259 166 211 122 134 138 152 132 80 37 30 38 26 26 64 25 23 29
429 372 411 407 423 380 429 422 488 443 486 534 496 598 557 637 633 658 636 713 601 717 735 727 811 801 795 823 824 790 877 865 848 855 877 814 892 894 898 912 892 908 910 910 927 922 925 916 922 920 915 922 925 920 921 920 913 894 919 915 928 907 849 848 874 865 860 847 763 776 781 694 695 662 652 472 510 482 511 455 447 351 197 237 172 180 130 112 115 70 65 141 62 74 46 43 25 30 33 20
302 376 394 358 407 367 437 391 497 479 454 503 498 503 509 627 557 628 594 695 582 755 698 699 749 781 762 823 809 822 842 842 876 837 860 877 892 910 881 903 912 909 899 916 920 908 923 920 909 919 918 907 916 894 915 902 915 918 908 876 900 916 895 865 851 862 896 876 710 761 706 600 637 632 444 529 444 427 441 371 275 393 209 326 206 302 159 152 152 132 114 71 74 45 53 47 25 25 45 44
289 387 305 345 398 381 381 378 418 491 532 599 582 585 552 599 551 663 592 620 574 682 761 659 712 752 784 750 775 789 840 842 790 855 829 846 841 883 892 897 878 906 865 919 917 909 901 914 906 918 924 906 908 906 912 912 920 909 928 908 904 913 881 871 890 746 803 804 851 791 769 589 588 553 573 522 453 389 357 397 295 327 239 280 195 161 192 108 42 119 68 46 64 25 46 43 67 45 24 24
288 341 339 346 371 346 358 452 358 443 462 462 432 553 571 507 563 593 663 679 651 696 722 685 709 821 779 792 756 791 801 807 810 830 825 833 864 920 872 869 863 902 912 915 895 900 887 918 901 900 907 910 910 895 911 892 914 909 915 908 900 854 878 851 850 799 768 791 704 667 564 643 695 603 631 476 343 393 334 357 483 226 240 266 190 230 61 60 84 66 66 59 34 81 47 45 42 25 25 22
