138 117 140 162 138 168 193 154 163 211 220 224 165 190 214 232 247 287 279 294 345 258 292 274 330 337 456 512 524 478 479 502 529 551 532 653 621 622 586 578 678 697 669 659 741 774 793 770 855 822 838 781 831 818 823 779 836 798 782 698 717 570 664 537 553 477 388 381 432 280 201 195 166 249 202 90 121 57 86 63 97 43 37 95 32 30 42 36 34 30 32 31 34 30 26 29 30 32 29 27
116 157 134 157 156 159 169 182 172 198 165 246 203 192 199 262 310 300 301 309 338 309 352 328 297 372 341 399 419 509 463 449 512 562 519 583 605 590 559 535 621 673 663 737 739 709 682 770 814 791 804 821 819 800 822 872 834 789 799 812 748 664 532 602 585 451 434 476 411 328 217 139 169 165 163 114 101 43 98 57 42 36 42 34 45 39 33 33 31 29 39 28 30 30 29 34 26 28 29 26
138 137 131 176 140 164 172 178 191 199 227 176 208 290 206 196 305 225 292 301 292 239 399 329 357 406 415 424 380 394 457 510 493 545 566 646 587 706 580 657 731 693 770 784 724 768 801 765 773 852 814 838 856 858 841 852 812 728 815 708 776 648 643 535 526 432 452 405 464 459 264 264 206 195 70 170 103 115 116 61 105 62 45 53 39 33 30 36 40 36 31 26 31 36 31 30 28 30 32 36
103 128 159 205 160 193 188 204 254 201 227 196 194 220 235 316 230 350 323 319 360 298 336 420 384 417 461 499 530 453 551 444 537 455 607 616 669 713 655 622 684 745 721 767 779 786 822 834 803 826 847 823 908 825 869 840 816 822 785 766 689 690 613 478 524 604 497 420 403 289 379 237 168 221 162 85 161 62 45 42 85 98 34 67 34 35 29 37 33 32 29 29 30 26 33 35 34 29 31 27
126 157 126 171 156 197 166 183 172 173 215 272 250 243 242 262 265 268 290 297 334 368 396 453 347 439 475 496 452 468 482 481 559 470 573 587 608 638 629 581 708 700 743 727 735 824 746 837 814 800 890 834 892 885 824 845 833 851 818 777 753 559 569 649 516 453 387 467 363 304 201 182 260 217 171 182 83 128 72 77 36 64 42 32 55 36 36 33 31 32 28 32 30 28 28 33 28 29 37 30
142 149 152 148 188 199 179 196 191 196 231 214 225 216 240 331 265 325 271 360 363 370 401 374 377 446 437 428 533 459 535 593 500 502 631 609 600 622 705 667 694 769 721 833 730 796 824 825 779 775 858 819 854 863 839 896 901 810 900 842 734 636 797 534 594 521 430 476 417 383 265 254 184 97 253 121 122 85 83 46 58 88 88 95 35 35 37 29 33 32 34 33 32 30 25 30 29 33 31 27
165 155 139 173 169 178 185 191 168 205 213 165 242 293 259 290 198 296 270 235 362 399 308 311 413 513 458 487 472 425 537 546 589 562 615 600 610 608 623 743 708 732 699 747 761 827 754 840 816 874 929 842 852 842 831 884 868 793 766 810 704 713 709 594 610 558 553 473 365 315 342 225 181 146 250 134 91 136 102 95 59 95 32 65 37 37 34 32 34 35 37 32 27 35 28 30 35 27 31 27
148 146 134 159 167 169 185 190 165 183 214 242 223 267 284 295 241 312 247 280 262 288 362 361 424 407 440 482 528 527 515 560 590 490 600 626 539 620 708 778 723 736 785 790 762 791 857 877 851 804 865 852 822 852 884 843 833 870 852 746 792 703 678 570 499 520 464 439 420 404 250 253 216 182 174 140 131 144 98 96 52 87 58 52 35 51 40 37 27 29 34 30 32 27 23 28 27 32 29 25
181 110 171 191 193 180 219 151 236 194 255 200 248 240 262 271 346 253 243 315 356 367 381 394 443 347 432 364 514 538 594 575 527 573 637 594 637 663 771 689 751 797 766 799 777 845 826 803 846 848 842 876 850 843 893 853 847 762 792 734 656 707 745 584 610 572 471 522 440 323 245 248 216 154 158 131 189 103 76 112 65 74 42 43 32 32 36 33 36 30 29 32 47 27 28 32 30 28 29 30
189 169 156 146 164 178 203 236 190 222 269 259 250 271 253 254 258 263 255 446 326 299 324 380 469 459 347 545 480 473 507 510 543 540 599 641 626 685 655 676 584 733 818 823 801 836 778 737 824 847 851 864 838 831 877 857 844 851 851 779 729 728 670 668 575 552 508 475 498 401 305 192 280 213 167 176 101 108 112 114 46 74 44 68 31 34 29 33 55 33 54 31 33 27 28 32 29 26 30 28
164 161 218 179 168 147 165 173 202 195 155 240 217 216 292 253 312 310 377 301 340 318 420 441 430 409 439 512 593 456 624 583 633 617 629 646 644 641 666 679 753 753 705 793 773 791 874 842 797 773 841 885 879 900 922 864 909 745 828 806 678 767 725 673 518 651 582 473 379 440 289 265 190 276 157 163 80 116 130 47 70 72 51 41 78 33 39 30 38 31 35 31 31 25 28 27 32 34 29 33
142 128 167 167 164 179 155 188 194 256 223 211 254 224 270 312 302 361 315 351 330 275 364 309 427 401 412 463 478 571 585 645 612 594 780 655 683 703 691 799 721 797 736 803 770 769 811 854 910 864 844 886 906 908 888 929 814 879 845 812 751 726 725 609 569 616 445 506 401 471 160 260 162 277 156 220 174 110 140 86 40 54 86 44 57 35 34 34 29 27 29 25 25 23 33 28 29 31 28 33
160 171 187 187 175 221 144 160 171 214 261 232 267 316 367 272 321 290 322 349 389 421 487 470 441 373 461 480 555 558 561 580 619 628 687 717 677 766 730 713 678 769 794 846 841 832 813 880 855 861 927 917 850 896 886 902 854 843 835 914 877 805 722 581 600 675 564 432 468 494 316 274 224 268 128 118 170 172 58 116 125 78 56 50 58 35 51 35 30 35 34 33 30 31 32 29 30 33 28 30
162 135 172 186 212 193 196 246 200 260 243 239 278 315 296 378 356 451 348 376 410 425 444 454 463 394 468 421 503 601 617 586 624 646 625 632 774 732 615 774 716 738 818 844 817 790 886 817 865 889 926 895 896 850 914 908 881 910 890 839 726 748 788 611 574 572 520 514 487 546 368 303 218 210 136 125 135 123 94 120 93 60 37 66 36 50 51 26 36 34 51 31 25 28 30 35 28 32 29 28
188 148 177 188 187 182 194 206 257 157 255 261 298 303 282 317 346 311 327 386 463 363 411 480 467 525 525 549 629 548 608 609 625 643 649 635 704 747 713 680 810 738 784 837 853 834 876 852 874 862 865 920 887 920 899 852 828 913 869 830 761 729 754 598 657 580 512 544 557 372 357 260 275 211 204 114 185 148 106 57 61 89 107 51 53 54 32 36 57 30 26 31 29 29 28 31 26 31 27 27
162 158 171 222 190 193 181 189 182 264 210 273 299 308 319 332 409 461 408 363 453 395 437 432 431 487 582 515 609 583 586 524 690 613 656 748 731 714 743 745 772 764 768 801 833 823 841 888 857 899 906 887 915 900 919 884 897 869 837 854 786 796 743 546 636 597 562 570 343 508 341 203 160 284 184 178 144 113 144 62 73 67 36 76 47 50 46 36 39 33 34 35 31 27 34 35 29 29 28 31
140 157 237 187 218 260 217 168 182 284 267 300 243 270 290 336 352 340 416 405 358 467 427 446 418 540 487 574 505 646 577 608 613 681 680 600 666 728 625 680 787 763 798 854 794 836 855 834 907 900 880 920 912 928 894 889 885 883 844 832 845 750 791 685 646 565 583 544 529 492 316 341 197 190 251 168 128 150 152 76 66 91 51 53 38 55 54 47 40 30 34 32 31 27 31 31 30 27 33 29
180 179 177 141 237 177 186 225 241 216 251 294 272 356 386 413 333 403 341 375 441 454 382 449 413 474 562 550 649 576 601 695 620 680 584 729 793 804 778 763 826 796 865 789 856 830 880 891 883 915 865 906 881 900 862 880 890 891 858 895 767 727 740 677 662 546 642 598 472 391 300 306 186 252 279 177 109 92 107 111 88 71 48 72 31 32 30 34 49 33 48 34 31 29 28 28 34 28 33 34
177 213 263 205 239 234 237 191 288 244 291 320 318 306 326 315 357 430 397 402 398 335 427 470 483 538 631 604 503 517 567 694 609 759 679 735 749 808 824 730 830 791 867 804 824 800 860 874 917 864 903 871 905 920 909 924 897 846 867 871 869 754 748 744 659 580 604 387 488 469 387 161 211 192 174 251 99 126 114 90 111 68 39 73 31 30 32 30 32 31 30 33 27 31 31 29 28 32 25 30
190 209 191 194 242 210 233 261 320 278 330 282 328 344 381 288 386 381 318 393 415 515 517 435 481 570 597 570 635 602 523 757 715 690 607 594 836 765 697 810 788 798 797 870 888 890 888 820 918 885 918 892 909 915 920 887 908 896 934 842 771 774 825 706 767 556 521 400 613 543 321 282 242 153 141 241 203 131 90 78 61 112 70 52 31 34 33 34 32 33 31 35 29 29 32 30 31 30 29 28
221 165 189 179 222 214 192 224 291 298 324 275 310 292 332 363 422 417 349 395 401 598 428 463 574 485 584 665 616 681 597 654 687 732 773 742 712 741 850 743 810 749 871 895 860 853 920 829 893 902 904 906 944 910 942 903 894 867 819 889 805 806 829 713 755 672 631 544 557 425 284 269 287 364 262 235 181 131 171 71 65 107 103 36 65 35 86 35 51 47 31 31 45 30 27 28 27 29 29 26
190 237 221 286 255 238 235 269 284 217 354 352 348 273 296 286 339 414 499 448 487 478 442 553 518 526 524 658 557 553 690 641 694 765 672 762 786 735 822 810 817 840 822 790 863 893 898 879 916 903 858 913 917 907 935 935 906 935 934 810 906 740 766 643 765 672 543 638 577 543 432 310 348 289 173 175 154 165 203 95 72 87 72 48 39 29 51 33 29 55 30 26 29 29 30 35 28 31 31 30
180 215 247 245 193 284 239 237 327 333 312 241 381 291 370 337 452 451 484 431 492 436 487 484 511 638 639 552 689 686 614 645 673 707 767 765 775 698 878 827 723 857 883 868 864 879 908 878 888 916 913 920 915 927 949 929 905 878 823 843 800 796 757 660 589 646 439 572 593 492 385 295 289 371 277 219 209 206 82 127 53 69 76 34 54 25 32 31 49 34 32 34 33 29 30 31 27 29 25 27
203 188 244 242 248 298 266 232 247 356 331 299 381 279 386 403 389 378 499 428 493 543 548 518 552 550 629 564 692 609 700 658 739 765 691 681 820 732 743 850 774 831 856 838 875 918 852 873 881 914 893 890 912 929 925 941 914 887 884 886 825 798 838 693 607 586 612 680 611 404 479 334 289 344 313 219 186 262 229 180 150 72 67 90 31 67 29 35 47 45 27 26 29 31 33 31 29 27 35 33
196 217 227 273 211 259 282 220 302 346 246 335 317 431 416 365 426 418 448 449 438 632 488 592 609 631 568 585 662 790 636 763 674 772 724 725 687 798 765 839 833 846 840 847 844 878 900 864 920 930 944 908 919 926 914 924 922 937 898 878 890 777 755 761 739 551 599 654 481 500 396 322 258 262 230 246 219 182 185 86 98 88 57 36 33 39 28 48 26 30 29 30 33 32 28 27 27 30 30 30
179 162 235 185 226 249 326 356 304 273 283 353 327 377 421 441 404 417 463 540 581 526 516 572 646 565 590 709 567 669 739 666 747 721 733 799 789 811 827 840 860 884 873 827 892 894 875 917 893 913 939 942 934 935 924 923 936 878 947 870 874 828 798 737 681 645 780 653 596 544 455 309 408 267 99 222 187 158 204 182 105 35 54 109 58 35 33 33 33 37 30 31 27 29 35 27 26 33 26 28
189 266 227 207 255 256 368 347 345 390 321 300 416 386 421 337 478 457 401 439 498 520 607 593 651 500 724 610 714 711 713 624 678 714 820 702 775 822 886 777 846 829 883 883 881 916 886 849 918 902 924 938 941 931 936 905 918 880 909 896 853 803 843 750 706 648 721 601 603 535 373 336 318 309 226 307 90 106 74 77 93 53 93 149 50 68 30 54 31 51 31 31 32 33 31 30 25 28 28 27
191 183 243 236 313 288 304 288 369 309 355 342 393 418 459 361 436 466 453 577 451 599 641 528 568 601 585 656 667 643 713 714 640 661 752 809 835 788 831 849 821 878 875 899 860 897 865 934 904 912 925 921 927 920 955 911 933 919 876 921 836 839 854 766 839 727 641 589 732 696 496 481 340 281 235 244 260 152 60 104 90 111 69 38 64 51 48 33 36 31 30 28 28 37 30 30 31 31 31 26
208 208 288 232 219 279 319 320 341 440 375 357 378 481 375 463 505 447 557 517 613 512 529 601 626 614 617 706 725 705 721 749 730 757 834 836 797 822 900 883 865 922 881 876 909 940 868 910 917 940 913 929 937 954 942 951 907 941 899 964 819 851 802 686 716 723 587 598 607 484 379 326 249 290 234 250 200 201 237 179 151 87 75 70 106 85 50 29 26 29 24 28 28 31 27 31 31 30 29 26
212 189 317 265 282 303 371 380 416 342 357 370 434 362 465 448 394 418 466 531 516 592 520 682 595 723 668 659 692 705 791 717 731 730 750 797 802 757 908 853 813 853 906 852 857 886 887 929 913 941 956 922 934 935 935 961 917 933 886 959 892 862 793 724 764 654 728 584 659 706 415 378 257 215 229 213 204 201 145 98 111 53 89 129 52 55 29 43 50 32 26 25 31 32 29 28 32 26 29 31
277 242 283 276 323 244 307 318 417 416 473 370 394 462 496 364 501 493 527 611 561 608 560 614 645 622 618 727 704 792 695 776 734 806 775 851 807 918 802 857 896 885 936 900 924 927 883 941 926 933 936 950 960 930 950 935 959 915 901 912 897 884 833 755 648 697 743 578 561 621 447 448 278 254 253 198 101 162 160 169 124 105 60 69 88 32 68 57 27 27 34 31 30 30 35 29 30 31 28 28
315 186 248 302 357 337 392 323 397 392 398 351 454 474 417 445 568 530 580 556 528 630 586 553 653 670 742 669 658 744 864 707 778 763 774 792 810 819 876 811 854 926 906 935 930 927 917 914 958 944 933 949 913 947 934 927 917 952 934 930 885 892 850 791 772 785 696 688 581 554 456 451 374 254 227 164 244 205 92 169 93 128 127 56 34 68 32 25 32 29 52 33 34 31 26 32 31 24 32 30
256 263 286 316 288 259 419 310 377 347 433 399 531 405 465 556 496 547 477 555 530 631 622 619 671 619 765 733 709 689 735 840 814 833 801 762 889 865 871 887 849 873 904 928 941 911 910 902 905 925 947 930 945 922 944 946 942 927 863 911 920 847 868 820 674 690 629 567 606 621 545 426 308 448 200 227 166 200 264 181 148 110 60 50 50 46 36 51 32 30 34 30 30 30 27 33 24 25 33 29
305 339 282 327 364 359 411 352 467 375 344 494 469 527 493 575 513 509 577 559 614 663 507 603 694 684 694 725 750 799 778 785 811 870 895 789 874 840 848 839 916 913 953 892 946 890 938 926 946 909 923 949 950 949 965 944 895 918 950 919 912 826 844 828 714 677 695 783 563 562 467 399 239 236 268 144 218 225 179 121 149 92 58 109 48 107 32 26 37 34 52 35 27 34 33 30 25 28 32 30
309 286 283 312 399 352 326 335 432 435 431 487 458 456 535 489 559 497 590 599 662 666 713 587 741 696 699 776 809 752 753 828 797 777 790 870 856 850 876 880 891 882 921 866 909 921 913 932 909 948 939 947 935 952 954 953 931 930 963 858 923 890 899 777 777 862 616 704 742 736 473 402 317 289 262 249 194 101 290 149 140 58 84 109 48 53 68 66 36 27 29 32 30 31 30 29 32 25 27 27
313 286 385 309 415 396 395 411 343 448 484 418 498 530 549 474 614 603 612 627 653 676 652 668 712 584 688 740 745 814 837 847 779 797 821 832 871 861 893 933 921 870 928 936 926 908 881 955 953 936 924 929 922 939 938 963 959 929 935 899 909 882 898 778 734 725 674 746 724 624 554 432 432 246 338 329 273 276 196 124 164 89 79 93 48 87 51 71 29 31 66 33 29 34 29 27 28 28 32 27
314 309 333 393 302 460 381 446 448 331 546 452 565 569 595 486 536 559 661 676 619 709 678 738 867 688 763 763 716 815 772 781 760 898 888 843 778 910 909 899 885 940 928 898 947 930 955 924 959 947 937 950 925 940 940 954 935 934 902 924 882 899 846 804 721 820 716 743 614 592 531 346 370 290 206 297 317 177 239 130 91 82 106 44 83 48 49 47 49 52 32 29 32 29 46 28 30 29 33 25
384 311 294 340 397 341 424 430 489 472 457 452 479 553 510 475 542 612 625 624 687 699 612 809 657 748 718 804 807 749 812 818 844 825 899 845 902 905 864 860 907 899 925 931 908 959 945 946 948 932 925 946 944 952 941 962 963 937 927 913 948 901 836 748 833 741 790 736 508 623 547 589 299 277 247 307 349 145 165 164 118 102 86 109 106 70 50 50 48 27 32 34 27 27 31 28 32 25 33 25
336 307 290 359 398 415 427 448 426 399 483 487 582 642 542 616 668 598 630 687 723 595 703 662 743 743 842 817 811 854 833 761 829 895 903 882 853 895 927 941 925 927 922 939 915 929 945 956 937 941 953 954 949 950 951 947 940 934 961 886 922 951 859 885 851 761 681 806 727 555 592 586 461 312 287 199 218 216 130 109 122 137 219 107 44 53 71 88 29 29 30 33 28 31 29 28 29 31 29 30
286 327 281 382 464 438 397 483 504 507 502 515 519 549 501 678 622 579 669 649 640 743 728 708 598 719 812 835 808 806 790 817 885 869 851 867 847 863 862 896 913 948 898 956 945 962 963 926 941 932 953 944 962 951 918 967 959 942 944 931 950 895 838 896 858 811 804 788 736 746 593 469 370 145 368 278 180 314 217 140 108 142 96 90 86 62 48 51 27 28 48 51 29 28 26 27 26 27 32 26
379 420 361 395 469 491 392 418 475 455 562 455 627 586 530 685 650 574 654 609 682 724 759 765 664 749 774 836 753 782 827 816 887 762 912 918 893 881 889 897 891 952 951 951 961 933 965 945 947 957 947 947 957 925 953 963 953 958 933 936 884 922 902 873 887 721 685 775 761 580 626 575 378 443 311 290 229 157 253 166 104 62 85 136 107 31 65 99 35 49 46 33 36 28 24 23 27 28 31 27
282 426 478 395 494 510 470 456 538 503 511 537 488 562 635 623 697 697 674 691 663 801 800 770 756 828 807 727 838 847 796 760 842 919 898 900 906 860 907 909 936 917 961 937 922 948 939 949 959 952 957 966 965 947 943 960 936 961 949 954 895 915 914 917 845 827 650 717 771 774 693 565 496 296 397 329 360 191 234 126 216 88 85 129 56 101 44 47 35 45 26 25 33 52 30 27 26 24 31 28
333 420 446 467 451 441 597 474 493 503 489 621 698 638 623 609 646 719 709 721 713 754 810 746 739 841 816 842 800 890 884 891 880 927 877 901 938 924 922 925 938 928 955 926 928 932 945 954 952 960 949 958 953 961 940 949 957 947 940 944 937 940 891 824 854 805 772 744 775 713 616 495 417 341 333 387 334 236 159 160 180 230 89 107 106 64 33 49 66 33 36 26 25 33 33 26 30 29 28 27
429 373 477 430 430 427 544 524 506 614 471 505 522 640 637 584 676 689 694 740 810 761 747 808 773 735 784 812 825 869 920 864 903 894 931 867 863 914 926 915 946 932 922 928 945 962 942 927 954 955 953 950 973 956 965 966 963 957 953 951 946 960 916 902 930 770 781 782 723 720 702 483 506 340 243 308 208 289 253 123 162 87 120 67 105 66 31 27 50 88 28 28 27 28 32 29 32 29 27 27
364 355 406 388 474 374 437 562 553 547 607 552 609 598 711 733 629 685 684 668 733 772 773 772 778 832 857 802 825 805 819 902 880 910 873 887 926 945 941 929 891 949 930 934 955 957 947 959 952 968 949 961 947 963 961 967 961 957 963 954 962 921 942 912 832 767 800 724 723 617 643 536 417 364 275 328 382 221 277 236 142 142 70 49 87 85 71 50 67 69 31 30 30 33 29 27 30 26 31 26
467 426 471 432 497 534 468 534 516 577 596 632 586 643 752 660 757 721 748 716 811 776 778 844 806 862 825 897 842 842 907 857 912 949 889 886 904 935 894 910 944 923 934 949 925 942 941 941 954 946 960 964 966 961 952 964 961 945 968 948 945 920 858 925 840 651 817 745 727 616 633 516 464 415 424 307 345 286 252 308 159 141 167 104 106 87 34 65 37 27 45 29 29 25 29 25 31 22 25 26
416 416 417 387 506 570 498 461 546 540 634 668 618 708 671 701 747 681 777 825 818 775 691 717 839 827 815 884 864 912 916 840 899 874 912 956 920 933 921 963 943 955 935 948 967 938 943 951 955 955 963 948 966 957 969 967 966 974 963 954 913 945 939 933 872 891 792 824 721 771 655 587 465 377 403 253 325 215 175 234 275 194 179 124 88 184 46 48 49 46 51 30 28 32 28 29 32 28 27 29
439 511 531 477 461 635 552 533 574 628 700 677 621 686 748 748 745 700 798 816 813 780 714 804 728 860 906 840 883 838 903 913 870 931 930 917 930 930 875 946 944 933 939 943 935 935 957 965 956 955 961 941 955 961 962 956 967 965 965 953 941 908 878 914 929 830 749 709 749 694 691 713 445 404 233 307 386 221 277 195 219 158 62 89 105 62 66 45 47 28 29 47 27 45 28 25 32 28 28 27
499 439 444 416 552 558 604 449 666 635 701 584 636 670 691 710 687 760 802 767 822 798 777 855 864 790 866 825 905 852 891 914 887 911 942 940 914 911 955 929 942 947 942 962 955 970 947 960 954 964 958 964 957 967 952 972 965 950 963 930 966 951 969 900 874 845 766 809 799 694 818 567 705 422 348 363 312 327 346 287 125 157 112 127 105 122 24 131 46 29 25 29 26 29 19 30 23 26 30 29
505 477 529 493 603 528 568 604 658 621 718 666 623 719 742 747 813 756 712 790 780 797 837 806 843 861 863 896 822 903 889 889 925 925 906 957 931 928 956 932 948 946 953 957 962 957 959 957 960 962 965 954 965 960 960 963 961 970 960 968 940 941 950 947 892 848 898 835 761 739 676 648 490 464 421 329 251 346 178 145 252 138 187 86 87 68 44 67 64 51 42 47 52 26 30 28 28 29 31 32
551 583 484 530 525 625 611 584 664 647 598 631 713 701 690 759 717 794 848 779 776 837 820 793 852 827 816 882 871 933 905 940 940 916 938 936 935 960 939 953 960 957 960 949 956 955 958 963 957 968 956 954 967 958 961 966 961 969 957 946 966 929 914 934 909 894 867 886 766 762 694 609 483 399 425 418 327 342 290 198 121 175 65 68 98 66 51 44 50 25 35 30 30 26 46 28 26 27 27 22
499 532 500 463 575 497 539 539 650 628 706 667 713 758 779 809 813 838 799 813 823 897 843 849 817 889 842 855 857 917 914 927 902 945 922 944 961 936 932 946 955 943 956 961 963 968 960 968 966 962 976 970 967 968 965 973 967 972 972 974 953 961 948 939 922 890 827 910 816 670 690 711 488 494 363 488 273 288 258 163 174 214 107 87 138 66 63 43 64 32 59 42 28 27 28 24 25 27 24 29
540 552 483 573 616 627 627 626 587 625 697 641 714 732 757 797 800 848 754 852 854 848 869 869 876 870 870 893 877 897 916 919 931 938 937 921 944 922 957 957 959 949 960 966 970 962 962 964 955 967 966 968 960 962 966 968 964 967 964 952 967 956 962 916 924 784 867 775 826 802 662 570 608 385 366 343 325 385 252 237 176 142 103 66 47 86 64 65 68 60 30 25 30 47 32 30 26 26 27 30
492 502 546 580 583 661 677 687 729 721 672 662 716 747 804 706 750 834 829 791 831 833 845 892 896 892 875 917 931 935 890 935 943 944 950 924 960 932 955 968 961 954 960 968 965 960 969 947 969 969 967 970 964 965 962 972 967 965 970 968 975 958 950 933 919 913 814 878 742 827 724 778 405 450 437 421 378 270 329 328 193 259 101 63 82 143 44 51 28 47 44 27 42 26 29 32 26 25 26 24
604 556 512 546 617 558 682 647 657 676 652 760 823 830 767 809 800 822 806 895 795 816 818 894 937 906 879 912 939 925 940 907 923 949 957 930 944 938 937 960 955 964 958 959 965 960 970 963 963 967 968 970 964 959 970 965 961 967 973 957 943 968 944 943 904 882 864 852 828 782 768 662 612 457 456 402 398 268 270 294 159 179 142 121 84 79 45 62 54 48 24 27 27 32 27 28 28 29 29 27
571 582 573 581 598 678 666 703 745 680 740 746 770 781 798 763 782 815 815 770 844 837 861 924 904 904 864 922 905 926 928 938 947 948 941 931 948 942 945 947 967 970 949 962 953 962 956 962 970 972 970 962 961 966 963 972 969 968 971 965 965 920 971 950 857 883 853 884 776 795 717 648 567 501 415 574 372 245 253 251 232 141 82 160 65 71 83 118 65 26 61 31 47 25 28 27 24 28 27 23
547 563 570 630 614 617 671 672 638 688 720 779 795 845 801 835 764 818 829 856 814 818 887 846 912 889 933 899 922 908 939 951 949 944 958 952 930 961 947 949 956 955 965 962 974 958 952 961 970 969 956 970 968 964 969 973 963 975 962 969 946 936 922 918 938 837 871 877 868 724 802 744 526 571 400 426 381 332 276 193 176 140 185 66 87 125 88 83 62 29 29 43 28 27 27 29 28 26 32 27
515 543 585 614 620 693 667 666 722 684 728 732 749 834 803 853 842 844 840 847 829 879 906 892 906 909 925 886 931 920 920 926 932 939 947 958 948 952 962 958 951 960 967 978 967 970 967 970 967 965 970 965 958 967 970 969 970 966 970 969 946 946 968 973 957 895 881 811 818 783 805 722 659 610 238 365 385 397 330 329 215 251 158 122 141 87 68 66 49 29 32 85 21 29 64 26 30 24 29 34
598 544 614 628 652 632 654 699 688 754 775 778 797 775 802 727 852 875 861 811 862 860 886 876 901 923 927 918 938 916 927 958 946 944 948 957 962 954 970 957 949 965 966 969 962 969 962 968 961 967 968 967 970 960 973 968 959 968 973 969 964 926 958 968 931 917 912 835 799 824 785 698 791 452 390 307 355 323 297 314 275 217 177 143 118 99 45 85 45 103 28 52 26 30 26 26 29 23 26 26
597 566 608 629 691 603 685 728 798 724 675 716 784 774 779 739 875 867 896 819 880 844 897 842 920 884 926 922 896 947 943 937 953 949 949 951 939 946 962 955 976 969 969 971 966 968 976 966 973 968 974 969 966 971 967 972 969 973 968 959 974 971 968 949 954 933 928 802 894 719 795 784 533 504 437 464 517 329 310 251 294 293 177 136 96 34 23 82 26 86 71 45 47 25 42 42 23 29 26 23
607 620 530 635 608 630 669 728 765 765 807 814 728 810 805 805 844 802 856 903 886 871 904 904 910 907 925 906 916 934 957 930 935 959 957 939 953 949 960 960 970 968 970 965 959 968 976 968 970 962 966 968 974 979 976 976 970 966 972 973 957 950 942 931 935 906 867 912 868 814 893 772 716 669 540 479 406 314 312 368 237 156 138 100 106 65 64 65 70 43 50 47 23 28 25 29 29 24 29 25
596 564 534 639 560 699 716 689 729 723 663 785 817 845 791 822 787 849 853 877 909 891 893 890 915 934 900 918 951 926 954 932 958 945 954 939 957 961 967 965 969 965 960 968 970 969 970 969 966 962 968 968 969 965 973 968 970 972 964 973 976 968 977 954 909 955 897 831 839 932 792 742 633 548 351 493 439 366 238 288 239 216 122 156 203 105 99 63 69 86 49 40 29 34 51 23 29 29 48 27
572 582 665 603 627 695 686 694 753 797 750 774 785 863 848 807 883 832 857 890 883 923 898 881 881 905 911 935 953 942 932 949 944 959 956 961 968 964 970 974 972 966 964 969 970 974 973 969 966 960 975 975 965 974 966 967 974 973 972 972 975 963 929 936 886 894 850 824 828 836 755 810 700 679 418 415 384 419 370 310 268 175 120 199 126 179 120 59 25 106 28 46 24 29 29 28 29 26 29 27
564 602 699 658 618 656 698 727 736 692 742 802 806 800 866 863 858 832 835 869 862 933 904 870 921 933 954 958 950 950 911 953 939 947 965 969 959 954 965 973 962 958 964 969 967 975 967 981 968 972 978 969 972 968 972 971 972 971 952 971 971 968 971 965 961 904 933 915 852 896 786 741 588 583 599 460 516 383 438 326 308 239 180 109 43 102 85 65 27 80 24 44 26 45 28 28 29 26 28 30
575 597 626 625 651 672 720 763 723 756 767 749 867 832 808 891 872 896 878 907 900 906 900 925 921 925 936 927 900 949 944 938 956 967 957 938 961 967 962 967 969 942 969 968 978 965 974 974 965 969 971 977 966 970 966 967 979 971 960 976 974 972 969 928 951 918 914 896 881 805 826 796 742 629 555 422 345 490 341 351 216 307 216 211 103 121 107 98 28 28 82 48 26 33 27 25 25 25 26 29
508 616 632 627 689 627 683 709 767 821 778 813 767 769 872 867 851 849 872 889 917 901 924 913 907 920 933 934 926 944 962 939 956 960 958 951 948 970 965 961 973 968 970 965 970 963 978 957 973 973 977 967 962 976 972 969 976 973 973 983 969 959 957 981 916 883 955 878 958 865 824 723 707 586 574 433 440 384 350 317 293 250 158 104 124 197 200 47 45 69 30 27 29 48 35 28 29 29 28 28
568 619 609 654 659 695 738 717 757 820 776 862 827 837 873 889 893 847 899 895 914 903 886 892 937 926 945 940 933 934 943 958 950 950 964 963 970 972 970 949 964 975 970 974 968 961 965 979 973 969 975 970 972 971 978 968 973 976 969 977 966 975 955 956 926 927 866 949 862 889 775 705 686 688 585 544 517 380 422 386 228 314 275 107 100 103 105 154 84 67 50 69 48 26 47 22 48 26 31 26
581 592 580 640 719 712 637 714 699 787 753 853 789 822 818 857 835 857 877 885 878 913 885 872 910 917 908 922 932 950 950 953 946 962 970 954 970 953 956 969 965 966 968 975 966 974 973 973 978 975 975 975 965 969 973 972 973 967 973 964 952 955 953 956 925 938 882 818 838 891 774 756 679 726 594 407 447 537 440 333 237 224 174 68 164 140 66 62 44 62 42 33 28 31 29 25 31 30 28 28
561 605 541 629 615 685 641 758 772 764 738 717 865 832 844 805 867 886 902 879 920 910 937 939 910 883 895 946 960 932 928 960 963 936 970 935 967 961 965 973 969 965 966 959 965 974 972 972 973 972 977 972 970 972 981 970 969 975 974 972 967 968 953 925 920 976 941 877 883 901 741 846 839 650 557 481 555 369 346 350 218 238 212 288 197 201 136 125 124 47 86 65 143 26 30 29 28 47 30 24
581 648 617 656 732 716 697 761 675 778 786 790 764 889 822 784 844 885 847 872 869 889 890 888 889 893 944 942 908 946 956 926 952 931 963 969 957 961 974 968 962 968 972 973 974 966 977 972 977 977 981 975 977 972 971 971 977 973 976 972 945 980 973 977 948 907 883 964 926 860 857 680 666 640 748 598 567 384 410 365 329 295 258 123 175 84 126 84 124 88 64 84 28 42 25 24 29 27 34 33
554 610 597 664 677 739 711 671 746 800 735 788 827 816 856 883 841 851 876 899 909 883 902 942 945 941 952 954 941 933 957 968 967 974 972 971 966 956 967 975 974 974 965 972 966 979 972 970 966 967 975 973 962 974 965 979 975 944 972 962 978 973 954 963 960 921 921 920 897 901 838 836 815 700 592 579 569 505 463 352 386 348 255 309 256 143 144 101 49 29 64 47 47 44 48 25 31 30 25 28
563 647 610 629 655 619 689 726 773 719 790 796 733 831 800 793 854 876 888 890 856 915 912 903 915 909 942 949 957 956 947 968 956 956 964 962 971 961 976 973 971 970 972 968 971 981 970 976 979 978 969 980 978 976 968 980 978 964 975 982 977 977 953 935 947 979 935 916 879 807 804 685 725 659 573 566 535 459 349 345 426 166 235 179 195 85 86 86 42 88 67 68 45 29 30 44 27 28 26 26
624 601 629 649 604 651 694 775 785 814 777 695 788 844 796 833 837 882 883 912 909 923 889 940 918 948 937 930 944 959 953 974 963 954 968 967 969 967 975 966 968 977 967 974 970 976 980 971 968 970 971 976 975 973 974 975 967 980 978 980 973 980 979 957 943 956 924 901 939 837 842 900 727 737 640 573 635 550 429 372 304 259 241 237 288 164 138 149 106 52 62 51 50 30 40 29 50 31 50 26
558 708 626 642 594 703 740 670 795 784 809 747 766 817 857 806 889 845 849 889 854 848 913 877 941 912 951 949 923 941 944 954 955 956 960 969 968 966 976 973 967 975 967 973 979 971 972 976 974 975 975 974 979 976 978 972 972 977 974 981 961 978 952 969 928 907 919 915 945 904 869 884 793 608 528 611 509 423 486 354 445 199 248 292 239 197 86 105 126 26 42 65 51 32 48 47 30 33 23 25
587 653 579 664 596 677 666 791 751 687 812 815 769 819 793 826 861 888 896 881 932 889 893 949 924 934 920 925 897 951 954 967 973 966 969 962 978 974 970 971 976 979 975 978 976 974 978 980 978 978 964 970 979 975 977 971 978 972 979 981 973 950 978 957 960 942 916 944 859 876 856 866 612 649 615 533 577 519 367 440 328 257 257 238 202 214 195 88 89 104 53 85 29 65 45 26 30 41 46 25
542 528 690 607 629 676 702 731 774 685 789 800 765 831 830 900 836 876 887 912 906 877 897 903 883 925 918 930 927 952 952 961 952 952 961 960 968 965 956 970 975 957 976 971 977 971 979 981 976 977 979 976 979 971 977 970 978 981 980 975 976 977 980 949 915 970 956 899 907 898 806 764 782 756 580 719 596 441 476 519 291 378 256 214 275 217 146 143 62 107 49 49 30 48 25 49 25 31 26 29
556 548 618 559 638 684 674 741 726 715 739 753 857 826 873 808 818 908 890 878 891 899 871 902 941 887 916 932 929 900 937 941 962 969 959 966 971 957 959 967 965 972 976 979 969 978 975 979 975 966 972 977 968 971 975 979 976 976 978 979 976 981 980 901 952 933 958 883 880 907 882 804 833 764 582 759 512 606 618 497 410 360 328 253 197 125 111 64 161 125 125 87 68 48 29 47 47 26 26 27
535 531 620 642 662 684 693 641 675 748 753 692 798 773 787 864 830 847 843 912 896 857 905 942 945 927 918 947 917 953 968 948 963 953 970 956 969 979 972 952 974 974 984 969 971 977 975 978 974 977 966 965 971 972 972 981 979 976 963 981 976 962 970 972 914 920 977 956 902 841 845 769 705 662 658 657 543 589 558 375 432 295 323 207 257 121 199 216 68 121 109 67 34 68 127 27 67 32 32 32
496 481 551 555 693 665 658 672 625 704 765 759 760 793 780 833 841 864 853 839 913 906 894 870 932 896 885 917 941 961 931 967 958 957 964 966 964 963 965 977 975 977 977 977 974 981 981 976 974 975 974 970 976 971 972 964 977 978 970 943 977 956 955 948 969 957 909 906 853 895 847 794 706 695 733 676 507 480 446 422 313 314 369 213 330 182 141 244 84 111 47 91 67 49 27 49 31 42 31 26
513 575 583 594 620 718 615 657 720 741 790 791 767 804 767 820 844 864 823 870 898 887 879 928 907 892 935 942 965 936 950 955 948 959 958 956 976 942 964 973 968 971 972 977 962 975 984 977 977 978 978 973 968 976 970 968 972 981 971 974 974 980 980 977 953 937 868 919 881 938 844 700 727 760 602 716 494 444 429 384 362 367 310 240 279 238 181 144 83 55 122 159 65 46 68 43 47 47 26 21
406 562 543 651 588 603 675 585 707 793 769 767 771 744 747 817 875 856 788 839 917 898 897 895 953 850 927 936 933 944 964 945 947 935 947 965 972 980 966 968 972 970 977 977 980 965 971 976 977 970 972 979 973 980 975 978 981 972 975 978 984 978 952 920 976 955 937 941 878 877 758 798 766 759 709 649 566 660 501 501 354 237 389 370 247 179 150 120 161 124 45 65 62 62 27 26 42 28 72 32
551 526 578 644 630 647 636 649 659 727 783 751 795 752 800 834 842 838 830 840 807 884 850 886 900 900 925 946 914 961 940 961 946 970 964 975 960 974 963 966 979 980 977 978 982 972 983 974 972 974 975 971 969 978 972 974 965 983 967 971 976 971 958 961 960 936 938 921 922 798 784 683 829 791 646 666 623 500 551 433 525 446 389 273 278 296 293 199 159 122 104 85 49 52 52 68 23 55 28 30
537 468 622 530 577 598 640 629 723 668 715 686 737 741 800 702 860 842 842 901 874 928 902 895 937 924 894 936 960 943 919 928 977 956 973 970 968 977 968 964 974 967 965 977 970 975 967 973 973 972 968 977 966 974 967 971 980 974 964 970 973 972 979 941 964 964 911 850 946 891 782 746 690 740 670 524 638 460 475 443 426 464 217 270 218 199 259 145 163 83 118 125 92 68 66 49 34 50 31 29
469 390 599 571 603 669 673 584 727 704 741 766 732 782 713 847 865 828 829 862 892 875 921 923 876 890 927 913 939 927 942 925 940 972 962 970 974 945 978 962 976 970 976 979 976 966 971 979 980 978 970 980 979 974 972 973 977 941 973 979 962 974 974 973 964 946 933 878 912 904 823 861 802 764 780 599 766 561 528 407 515 378 375 299 293 232 177 236 195 126 147 162 32 151 74 86 88 32 27 29
498 520 541 580 623 676 665 670 629 670 705 771 724 777 825 772 776 837 801 865 842 873 863 920 934 892 930 931 926 929 927 959 943 959 940 953 953 969 968 968 953 975 974 977 980 967 961 978 963 981 974 979 967 977 981 980 974 980 981 936 981 957 970 876 947 960 939 887 922 805 844 769 862 776 731 681 592 523 550 436 376 408 519 341 399 295 221 167 148 151 139 66 66 88 55 31 29 30 28 33
495 540 491 512 492 527 539 616 740 676 696 679 751 835 759 774 802 821 841 851 816 866 924 865 868 898 915 898 946 966 919 959 959 966 951 947 963 964 976 971 964 973 959 972 980 966 979 975 977 970 955 980 986 971 974 974 965 973 975 984 977 968 971 972 950 887 842 907 917 838 882 830 691 731 710 694 654 568 465 512 514 461 289 280 344 251 166 160 180 143 144 145 112 125 70 32 50 26 37 27
532 492 567 553 587 583 599 621 642 666 720 662 712 699 748 795 827 800 827 823 825 847 857 867 909 934 857 935 930 902 908 940 957 965 948 962 971 976 966 978 965 981 958 971 959 948 972 968 978 973 970 980 970 970 983 975 971 977 976 973 978 980 967 959 908 913 913 926 903 872 855 851 728 694 668 581 559 529 489 577 464 534 330 219 348 213 318 190 122 140 85 71 123 66 102 26 64 48 47 26
413 524 518 553 497 583 544 565 598 642 655 658 754 812 796 755 791 796 831 788 822 847 807 876 880 869 901 924 921 850 957 907 922 964 924 948 944 976 967 967 968 951 962 965 974 976 970 975 976 980 972 982 971 971 970 970 972 980 966 956 952 973 966 971 888 949 936 937 902 865 808 772 659 655 611 579 483 560 577 431 390 526 254 273 264 255 318 174 155 205 191 96 110 67 44 68 63 33 33 31
461 513 454 564 570 533 554 603 605 619 666 656 715 739 726 763 757 810 859 836 856 858 867 770 847 882 926 916 880 893 924 925 940 945 909 968 953 966 953 975 965 963 955 973 960 958 972 975 978 967 975 973 965 973 973 967 977 975 972 970 974 974 969 905 939 953 926 962 895 854 856 865 754 711 728 667 715 509 525 411 494 423 369 322 400 149 252 168 167 103 68 86 89 51 52 62 29 26 26 28
447 423 519 461 555 519 650 582 641 614 700 662 724 693 686 725 754 753 828 845 825 832 890 865 851 857 928 896 916 890 915 922 925 970 966 942 947 969 957 958 960 971 974 981 966 977 971 971 970 962 977 976 972 975 969 977 980 965 970 971 967 980 963 970 949 946 904 903 849 846 802 766 713 673 668 715 548 637 389 439 353 452 268 281 200 220 145 141 160 132 106 97 106 74 94 50 54 50 90 28
435 444 417 503 487 450 539 573 662 658 662 689 692 677 720 761 798 753 787 767 796 795 840 878 911 912 864 887 925 897 926 917 953 907 930 958 957 968 974 936 958 952 973 950 974 975 973 966 967 976 976 959 977 968 971 964 975 971 978 957 983 961 974 954 927 902 909 918 900 873 726 651 692 653 655 555 546 627 506 427 533 346 393 320 225 276 157 169 149 156 166 49 160 96 78 60 73 53 52 28
403 446 459 479 518 502 529 576 592 643 515 700 687 651 730 718 720 708 815 747 812 749 858 899 885 882 925 890 912 872 927 917 966 913 929 944 927 956 953 929 964 944 963 975 955 969 969 976 969 959 965 972 973 980 973 971 965 974 965 963 960 931 956 956 948 905 930 913 912 889 814 715 734 709 721 633 619 511 526 469 411 444 444 334 214 261 196 216 131 218 125 69 65 51 68 32 54 31 30 47
457 417 410 461 533 562 590 547 564 612 519 635 615 595 722 696 684 747 823 716 756 766 842 854 819 888 833 895 881 919 847 930 937 941 961 920 963 945 961 945 955 964 964 970 973 970 970 977 973 967 984 972 965 973 964 976 954 976 966 960 959 951 929 902 971 875 935 931 891 865 806 708 685 532 565 471 562 503 530 413 375 493 371 296 310 201 125 148 152 185 127 165 29 68 86 35 50 31 106 30
386 436 424 418 526 494 449 511 524 624 515 576 583 671 753 708 700 721 745 711 816 801 780 875 867 789 843 871 860 938 880 914 925 905 927 931 941 946 960 954 943 977 972 956 973 969 974 974 962 970 962 967 969 973 969 975 977 976 973 976 962 965 897 969 936 879 843 837 837 904 927 815 732 728 637 481 485 596 599 432 401 447 337 277 197 167 148 281 202 72 135 108 49 72 47 49 35 34 29 28
400 396 424 493 409 473 521 457 519 525 507 600 631 612 621 616 645 685 635 753 699 812 781 801 790 769 859 764 888 861 906 918 917 914 951 910 916 954 955 933 959 957 976 958 954 949 964 970 967 959 964 972 958 965 975 971 964 962 971 963 968 952 950 916 925 912 902 858 828 795 861 751 673 739 530 658 526 545 454 472 314 414 349 197 316 145 107 244 69 129 69 187 26 128 116 88 35 56 27 30
366 401 425 400 479 444 507 505 560 524 520 545 611 625 548 636 697 755 680 687 778 745 769 763 759 827 863 856 871 894 922 892 886 917 930 897 938 909 958 918 939 959 955 967 972 978 949 974 972 968 969 975 971 960 966 978 953 979 957 973 925 954 937 939 884 933 865 910 826 794 767 681 687 687 632 539 489 543 492 371 442 400 277 178 226 131 145 149 166 142 88 44 35 45 32 32 72 31 30 34
455 394 433 429 447 400 452 444 515 466 512 561 521 629 587 669 666 692 668 749 631 753 772 764 851 842 834 864 865 831 921 908 893 897 920 856 939 941 945 958 939 953 956 957 976 972 973 963 970 969 962 972 974 968 969 966 959 939 966 963 976 955 892 893 919 910 905 890 803 815 822 731 732 697 688 499 538 510 541 483 474 372 212 252 186 193 141 123 127 78 74 153 70 82 53 51 31 36 39 26
320 398 416 378 430 387 461 413 524 506 478 531 523 530 535 659 584 658 624 731 611 793 734 736 788 819 799 864 850 863 885 884 922 880 904 922 936 957 925 948 957 956 945 963 966 954 970 966 955 967 965 952 964 940 961 947 962 966 953 923 946 964 941 911 896 908 942 922 745 803 744 633 671 667 469 559 470 451 466 394 292 418 223 346 221 322 171 164 165 143 125 79 82 53 61 54 31 30 52 51
306 409 323 364 420 400 401 398 440 516 559 631 611 613 579 628 579 695 621 652 602 714 798 692 746 788 821 784 813 828 881 885 831 898 870 888 880 927 937 942 922 951 908 967 964 955 947 959 952 964 971 952 953 951 959 958 966 954 974 955 949 960 925 915 936 783 845 846 895 832 809 619 620 584 603 551 478 412 377 420 313 347 254 297 209 174 206 117 48 129 76 53 71 32 55 50 75 53 30 31
305 359 357 366 390 365 377 477 376 465 486 485 454 582 598 533 591 622 695 711 681 729 757 717 742 857 818 830 792 829 840 846 848 869 866 873 905 965 914 911 904 945 957 960 940 944 930 964 944 946 951 956 953 937 955 937 957 951 960 954 945 893 923 894 890 839 807 831 739 701 595 676 731 633 665 502 364 416 353 379 509 242 255 282 204 247 69 68 92 73 74 67 41 90 55 52 50 31 32 28
