8.608482575006364641e+02
8.422069597672607415e+02
8.327347564348605147e+02
8.160137327198352750e+02
8.002882615976426450e+02
7.790555617032755436e+02
7.717163903120795112e+02
7.531310457113428356e+02
7.326899907728425205e+02
7.118715200215959840e+02
7.025066531524453239e+02
6.846789108445190095e+02
6.666029058503095257e+02
6.511852859001370462e+02
6.356416638523288611e+02
6.189821005448611686e+02
6.007875140999992709e+02
5.875033646228306452e+02
5.710588196466148929e+02
5.537931719259185002e+02
5.361949685136399921e+02
5.234686385511699882e+02
5.066725062005190239e+02
4.896189350482820259e+02
4.735237083343338895e+02
4.595327771623537956e+02
4.449959637357879387e+02
4.248361082666619382e+02
4.119768764072138651e+02
3.958468184797804383e+02
3.831360021864782652e+02
3.645681821699257625e+02
3.540317783245665169e+02
3.388033208490436436e+02
3.183675365191011792e+02
3.025601735775123871e+02
2.874892746980220295e+02
2.769027322540389946e+02
2.617400994160012146e+02
2.467047295632837631e+02
2.315684814669056948e+02
2.186393941840116781e+02
2.098474597187070572e+02
1.902341806422106174e+02
1.831670735124441478e+02
1.731024781897298226e+02
1.549092871004011727e+02
1.442584659785935912e+02
1.332514688803761658e+02
1.199899485185970889e+02
