4.569403902136706819e+01
4.605198198033589563e+01
4.586698041384873648e+01
4.673188667398794394e+01
4.671927794184107086e+01
4.593554558439913649e+01
4.555994007564090964e+01
4.488811038373460605e+01
4.687406862142236008e+01
4.714334956915713803e+01
4.595450402946627122e+01
4.606993716561404995e+01
4.694327710063558357e+01
4.737745672960497956e+01
4.569281564771970494e+01
4.725367013397421090e+01
4.736006258364999155e+01
4.713884611345303455e+01
4.749183009344251616e+01
4.749375145562513012e+01
4.813114820286845941e+01
4.655082444695430155e+01
4.713622702343527493e+01
4.767417336365264902e+01
4.783924630021842717e+01
4.693626709116452389e+01
4.655935093134186076e+01
4.705324168670526319e+01
4.750851445334989620e+01
4.719654606197287450e+01
4.773953726982009726e+01
4.686091656546651762e+01
4.712810395380405026e+01
4.699729121793932762e+01
4.715530832924381599e+01
4.637818605926755566e+01
4.668378927936735323e+01
4.723653218161049949e+01
4.678148871882665816e+01
4.554739693676684453e+01
4.513920000451820158e+01
4.595697211794966108e+01
4.443167348559619967e+01
4.545736061266248385e+01
4.409881966541480836e+01
4.513877665822533203e+01
4.250906992444269150e+01
4.253136971659740340e+01
4.257600146990726842e+01
4.177128056527827482e+01
