4.565011410070066233e+01
4.587175383946417639e+01
4.623564955630669004e+01
4.613569820513210828e+01
4.655253776271874955e+01
4.600716542090108163e+01
4.618914525294911755e+01
4.675919548313513729e+01
4.649249824012780152e+01
4.656454412931736186e+01
4.659445990303666463e+01
4.640146062670745408e+01
4.692428769102823338e+01
4.679118268661604674e+01
4.695868261225897555e+01
4.685038676890670928e+01
4.684491009697050856e+01
4.691043752785485310e+01
4.736901629744436093e+01
4.732235954506305831e+01
4.707871633953648427e+01
4.700420283670254662e+01
4.735754879323093292e+01
4.735535245512285485e+01
4.739403441358855673e+01
4.715408918017995177e+01
4.702869374718867590e+01
4.714465213170419133e+01
4.712174142606996696e+01
4.720290156818928295e+01
4.720187447809039583e+01
4.670103651596529204e+01
4.686810064419931621e+01
4.714370393525880587e+01
4.667017529495758765e+01
4.651259621710604364e+01
4.631021904568013525e+01
4.641221197590978420e+01
4.617015471333420606e+01
4.594368361036787007e+01
4.564841755105827303e+01
4.553369210052666460e+01
4.503406516079262900e+01
4.499941458565153596e+01
4.490655222691279391e+01
4.346001265946616599e+01
4.319213038305475294e+01
4.330046580371715237e+01
4.247444305497860029e+01
4.230198867254541284e+01
