8.649495592405990010e+02
8.476358832263456407e+02
8.297057574817350769e+02
8.123229479887497746e+02
7.979024797651702556e+02
7.804454558902505141e+02
7.643249388728031590e+02
7.460468252886981873e+02
7.319067180653316882e+02
7.152130112069011147e+02
6.997062790470806704e+02
6.834566365658625955e+02
6.680155031052046297e+02
6.499771650956547546e+02
6.340509011088274747e+02
6.189081570825643439e+02
6.029234889136862421e+02
5.857225998730621086e+02
5.692186103373270498e+02
5.532569559098076297e+02
5.377108608745265883e+02
5.213878533665678106e+02
5.067863954161272773e+02
4.903183869871442084e+02
4.741764997711696878e+02
4.593283882636222302e+02
4.433439308029436461e+02
4.278405947158117897e+02
4.131040304622053441e+02
3.958593589553370293e+02
3.823595068165271869e+02
3.672226018536659922e+02
3.513699100094695495e+02
3.358749864605558173e+02
3.214342881379154164e+02
3.069848482228054536e+02
2.888171709665647313e+02
2.774966553981013249e+02
2.638155871074232550e+02
2.474748046350901802e+02
2.335192262400558434e+02
2.196705370414403546e+02
2.067250501946906240e+02
1.935397863238655987e+02
1.827768285634225265e+02
1.655732704307323502e+02
1.544982670964059821e+02
1.454457519354759825e+02
1.320727780588518385e+02
1.208392776879257156e+02
