1.000000000000000000e+00
9.487038680289617831e-01
8.977585995670642749e-01
8.463144199560612702e-01
7.947747925113258782e-01
7.436586348341451824e-01
6.920273304017554583e-01
6.397351982942762749e-01
5.916567149557286909e-01
5.426848934587100715e-01
4.886043989156007572e-01
4.324891144489267925e-01
3.833740513349584988e-01
3.360893700712407894e-01
2.866851213721881564e-01
2.324401511413782817e-01
1.792325696137773428e-01
1.424131656284397807e-01
1.072093403577349807e-01
8.646108501521988787e-02
7.146799410098191030e-02
5.754241195918947255e-02
4.959766111924355375e-02
4.128166122198999310e-02
3.577408248585549344e-02
3.164623246014518221e-02
2.759975133600157601e-02
2.517760519935724126e-02
2.308478711968734234e-02
2.005947646671101328e-02
1.935711698450645266e-02
1.613914374185953376e-02
1.546785462541632600e-02
1.459178974632053226e-02
1.405865584251605321e-02
1.285141094574192809e-02
1.100740572025933617e-02
1.118898932693353394e-02
9.760349070530690424e-03
1.065882093735902141e-02
8.660311368109782637e-03
9.025991407091855587e-03
9.433652047901886287e-03
8.388366531857779571e-03
8.266721676213421507e-03
8.156708050465481114e-03
7.143333014998884054e-03
6.893080824274085833e-03
6.818511107133180121e-03
6.473189125630791213e-03
