8.137884730308170944e+00
3.077175339137978582e+00
2.117645936056024247e+00
1.685395524804441658e+00
1.482857514034619184e+00
1.315138137792636108e+00
1.221278485806379210e+00
1.129038557928808695e+00
1.124793622929075143e+00
1.097026671363632078e+00
1.077382033387835669e+00
1.024061906719583748e+00
1.017162921864859237e+00
1.038246176751920213e+00
1.014806223988982792e+00
1.003257772497671230e+00
1.005456518703041979e+00
1.010171374642953923e+00
1.008436435848825807e+00
1.006383562158117639e+00
1.002441108278152804e+00
1.002939016203346467e+00
1.005259027297022545e+00
1.000120198367977720e+00
1.000569122021450985e+00
1.000116503236872623e+00
1.000000000000000000e+00
1.000000000000000000e+00
1.000648037743016250e+00
1.000592662855811499e+00
1.000192612577584184e+00
1.000000000000000000e+00
1.000000000000000000e+00
1.000000000000000000e+00
1.000000000000000000e+00
1.000000000000000000e+00
1.000000000000000000e+00
1.000000000000000000e+00
1.000000000000000000e+00
1.000000000000000000e+00
1.000000000000000000e+00
1.000000000000000000e+00
1.001209545453877414e+00
1.000000000000000000e+00
1.000000000000000000e+00
1.000000000000000000e+00
1.000000000000000000e+00
1.000000000000000000e+00
1.000000000000000000e+00
1.000000000000000000e+00
