3.975635799045458896e+01
2.464783348060939261e+01
2.109563732784476997e+01
1.780468160174982373e+01
1.771136876573371666e+01
1.510795869673557057e+01
1.502061140967964370e+01
1.317187491869311700e+01
1.423575062087401655e+01
1.530103909061669043e+01
1.498440490541122472e+01
1.219594482849441341e+01
1.143127068376993272e+01
1.421262843727499714e+01
1.268111826307397827e+01
1.257780586992342542e+01
1.198345396924926298e+01
1.372784106607823418e+01
1.315175488554905137e+01
1.366251716558434914e+01
1.372043257626314094e+01
1.181347157427546257e+01
1.358296941850886164e+01
1.182921929670222738e+01
1.228222493885195910e+01
1.346184337775963336e+01
1.259155462834041650e+01
1.306389499656825315e+01
1.368342735673616062e+01
1.285882207618153394e+01
1.370590005456877947e+01
1.172582177743093013e+01
1.223466097658716834e+01
1.272846498143957383e+01
1.348866818426917291e+01
1.315444645088663300e+01
1.172073014552046466e+01
1.272660502252554338e+01
1.106191180153856379e+01
1.417891331315528802e+01
1.091456476096858275e+01
1.301584997212343708e+01
1.481584017213998372e+01
1.326611581423911090e+01
1.362167945009061221e+01
1.473093428896138590e+01
1.241165870721036235e+01
1.324309274359689681e+01
1.337516159435769403e+01
1.401325928422667921e+01
