8.835905256680604225e+02
8.363040688774875662e+02
7.934594177276184155e+02
7.445948332141196033e+02
7.006164051075206771e+02
6.521877432276949094e+02
6.077928937296929917e+02
5.536640083381338400e+02
5.150154201855725660e+02
4.738573210043614381e+02
4.189998432034540201e+02
3.667873201939637511e+02
3.186615964357251869e+02
2.796692861487694017e+02
2.346728496907722672e+02
1.843691650739826287e+02
1.389349660575141456e+02
1.144951200135360097e+02
8.607474272142424354e+01
7.104484730729791409e+01
5.950741051509294266e+01
4.847060977961362482e+01
4.239672567053639085e+01
3.559849196761088308e+01
3.112082309203193375e+01
2.765227792608984458e+01
2.433267311604549477e+01
2.235906940102271534e+01
2.051264505960546103e+01
1.788964757998270372e+01
1.742591254231862052e+01
1.446209682606711588e+01
1.383907626029144744e+01
1.317032667693069214e+01
1.257606897355844211e+01
1.149412112789908846e+01
9.718189581251928999e+00
9.982420792804960641e+00
8.753366159574017757e+00
9.417828505766427938e+00
7.714324605488266151e+00
7.837306463707709447e+00
8.321825781123026289e+00
7.332061600539954149e+00
7.163527423779889602e+00
7.028821992398086138e+00
6.106122347909609616e+00
5.956190079700644624e+00
5.824363809928534863e+00
5.477755118265890566e+00
