4.670524688896282584e+01
4.470823225481567675e+01
4.316096252023950086e+01
4.077380939248558178e+01
3.902671940180454158e+01
3.682087678500766259e+01
3.471658648644843481e+01
3.206731024904324556e+01
2.984530853460988808e+01
2.806763165375502922e+01
2.685849391777752615e+01
2.454366469631892045e+01
2.178011042144682108e+01
2.041884259991373085e+01
1.803295004924009248e+01
1.620678624079063468e+01
1.402036318920248270e+01
1.212923620021460991e+01
1.026679180933041557e+01
8.833268564083228469e+00
7.686869268211705020e+00
6.462813933540681788e+00
5.862144732992464746e+00
5.011588270576214477e+00
4.514110580208748225e+00
4.210469856622088614e+00
3.718658635776063370e+00
3.437238216040177097e+00
3.218906243341864037e+00
2.967618078715955399e+00
2.871485391475301796e+00
2.569361511461518255e+00
2.457771850789799206e+00
2.371398431955740183e+00
2.307384152934508936e+00
2.124542482935139365e+00
2.011728956099589460e+00
1.984662894082688700e+00
1.903571213869869050e+00
1.892457772054733089e+00
1.776585111092656710e+00
1.712937826022979282e+00
1.677951801716988989e+00
1.628002750303974455e+00
1.644947816254485051e+00
1.537939572675026012e+00
1.508708395529904545e+00
1.498057750033513047e+00
1.435706310308158873e+00
1.402799078281486533e+00
