1.000000000000000000e+00
9.717499999999986704e-01
9.486949786324804235e-01
9.319242132736157425e-01
9.186035505896612552e-01
9.080663251805742853e-01
8.997252025383711826e-01
8.926284199242625617e-01
8.858280051457160242e-01
8.799806600477922958e-01
8.747404997684540273e-01
8.699537629152264140e-01
8.655065098196934592e-01
8.613309474078573169e-01
8.574025480891175333e-01
8.536059981468413493e-01
8.500031563005159274e-01
8.466089498316681228e-01
8.434428676899300426e-01
8.404452598850697953e-01
8.375175737226335793e-01
8.346460067544514416e-01
8.319542876661948361e-01
8.294271336740780542e-01
8.269427707377728920e-01
8.244763061305959706e-01
8.220169730830682031e-01
8.195623897080156484e-01
8.172082267511748821e-01
8.149257873228847870e-01
8.126880346862310756e-01
8.105401373744807181e-01
8.084749891495540686e-01
8.064851948597580034e-01
8.045081900932018470e-01
8.025411187874201824e-01
8.005832850945370227e-01
7.987322999893141651e-01
7.968971208550326146e-01
7.951184024777291359e-01
7.933877409795014879e-01
7.916559265784676169e-01
7.899241024072325423e-01
7.882146061544226257e-01
7.865496964930999146e-01
7.848894286222670713e-01
7.832841056781530975e-01
7.816969061798547669e-01
7.801962012302705585e-01
7.786790337133950857e-01
7.771869950782830383e-01
7.757374065511888350e-01
7.743225400189162055e-01
7.729247275275422657e-01
7.715714519544900618e-01
7.702161704494010497e-01
7.688815931771713075e-01
7.675558619742447464e-01
7.662242192269245189e-01
7.649214628922732517e-01
7.636485458923388814e-01
7.623867622471840466e-01
7.611603426656273763e-01
7.599543973166136279e-01
7.587694605613519716e-01
7.576064216287986541e-01
7.552208690310970862e-01
7.528558222454158066e-01
7.508320387273443863e-01
7.490350470664128846e-01
7.473459050618304067e-01
7.455293361030057575e-01
7.440426676318966370e-01
7.426124786981839199e-01
7.412262070441018036e-01
7.400078247809753762e-01
7.388273522017924089e-01
7.376083943280526967e-01
7.366034877016393034e-01
7.356927957681118624e-01
7.347953434767123815e-01
7.340375367124305495e-01
7.332231561088186078e-01
7.324922394397636038e-01
7.316928120441683614e-01
7.309291241562888564e-01
7.302614170404523319e-01
7.295466691677190418e-01
7.289283455451068816e-01
7.282687315588886046e-01
7.276640461348106159e-01
7.271044139444059473e-01
7.266109428966820438e-01
7.260935938863063432e-01
7.256242909165965260e-01
7.252297241807156292e-01
7.247947064796949057e-01
7.243990683161679600e-01
7.240089526384978491e-01
7.236768249589897728e-01
7.233619960741818344e-01
7.230281740566596449e-01
7.227339950065843066e-01
7.224348049231269497e-01
7.222023002895887611e-01
7.219343979034482661e-01
7.217365633148946635e-01
7.215165983384749238e-01
7.213392583136013503e-01
7.211790470595744740e-01
7.209912920130884251e-01
7.208223153743383849e-01
7.206443963182299628e-01
7.205119338552675723e-01
7.204091077097232176e-01
7.203109345601999003e-01
7.202186490404299812e-01
7.201228380655496641e-01
7.200256700239919816e-01
7.199749735132964235e-01
7.199108563509676317e-01
7.198396937789365291e-01
7.197864805977204350e-01
7.197285906992234583e-01
7.196945049867724542e-01
7.196590240846285624e-01
7.196321930616406126e-01
7.196079144556706275e-01
7.196048987383016904e-01
7.196255885857307799e-01
7.196262339731679392e-01
7.196180291931730810e-01
7.196557147709610192e-01
7.196814533845176109e-01
7.197178647729225442e-01
7.197402910943160315e-01
7.197797444452734839e-01
7.198312511485029930e-01
7.198633861346328544e-01
7.199113844764158943e-01
7.199782179545508587e-01
7.200400914186743107e-01
7.200997594029885374e-01
7.201550969177312744e-01
7.202187216815384430e-01
7.202866804109805399e-01
7.203812862614094037e-01
7.204622368570248181e-01
7.205505769625198953e-01
7.206163225225197255e-01
7.206863123418010275e-01
7.207817605298701968e-01
7.208748968157558945e-01
7.209750613700097732e-01
7.210671252111221508e-01
7.211688173157817516e-01
7.212668601489380382e-01
7.213784894839539996e-01
7.214783570494871512e-01
7.215750191144014725e-01
7.216824940648349784e-01
7.217838734874976181e-01
7.218986671231096830e-01
7.219988981843367126e-01
7.221040036110215610e-01
7.222146251972659803e-01
7.223258098366913682e-01
7.224349487777894652e-01
7.225385043077422464e-01
7.226480565414642454e-01
7.227669951908631818e-01
7.228833244695549443e-01
7.229956308840954637e-01
7.231011553001012171e-01
7.232128583318413462e-01
7.233277521727048409e-01
7.234395688430662608e-01
7.235605089550491975e-01
7.236774433127273198e-01
7.237997011891070809e-01
7.239165921765717826e-01
7.240383667167341608e-01
7.241535671668672958e-01
7.242747957454719332e-01
7.243964793833010951e-01
7.245180289236146098e-01
7.246372522014421502e-01
7.247648250795249991e-01
7.248893245266636587e-01
7.250143468940205560e-01
7.251412866845521332e-01
7.252774073878528460e-01
7.254074758053125072e-01
7.255339559141379402e-01
7.256610531547335041e-01
7.257886046564686611e-01
7.259130554809286595e-01
7.260443368553101129e-01
7.261797656173143434e-01
7.263088015858586433e-01
7.264365479940404491e-01
7.265625936633565152e-01
7.266917577054878841e-01
7.268159901676740642e-01
7.269435625944654644e-01
7.270729580278398885e-01
7.272012787966553038e-01
7.273283080337071826e-01
7.274549769476621464e-01
7.275800021950005192e-01
7.277050036174622649e-01
7.278285356779748971e-01
7.279526720207526447e-01
7.280816181075706606e-01
7.282084161725390636e-01
7.283326595966406192e-01
7.284583726674084270e-01
7.285892336217494325e-01
7.287186615624389185e-01
7.288437840379248245e-01
7.289708678546789056e-01
7.290962575001529444e-01
7.292220181453007433e-01
7.293481236408571045e-01
7.294743669757280946e-01
7.296009301971584371e-01
7.297251388298502395e-01
7.298515414039934424e-01
7.299768887378377258e-01
7.301011612969651177e-01
7.302272823145712355e-01
7.303525957812800895e-01
7.304776871432743235e-01
7.306015670624007585e-01
7.307257003739813239e-01
7.308502364579548827e-01
7.309743872858827096e-01
7.310986661194053271e-01
7.312218683857620860e-01
7.313436988478394518e-01
7.314678784722268290e-01
7.315918988940485201e-01
7.317154340150163749e-01
7.318396449232348333e-01
7.319649632539441120e-01
7.320880921350776394e-01
7.322103977706854172e-01
7.323336231388630768e-01
7.324558641690421812e-01
7.325774734319533410e-01
7.326989735411091331e-01
7.328196074950552585e-01
7.329401454534831828e-01
7.330604513944222189e-01
7.331798205818051972e-01
7.332979660041277770e-01
7.334172541938087653e-01
7.335361333335720380e-01
7.336543555770995706e-01
7.337713740050968436e-01
7.338883682801291553e-01
7.340044224745887469e-01
7.341194861352476897e-01
7.342367672053090599e-01
7.343535656598418893e-01
7.344677882067582875e-01
7.345824473594843029e-01
7.346969011290049867e-01
7.348108835587876531e-01
7.349241307988390037e-01
7.350375135978706176e-01
7.351507972565960447e-01
7.352639518690474718e-01
7.353762253181996833e-01
7.354867110778152695e-01
7.355972529381287206e-01
7.357087886039498370e-01
7.358198955838678446e-01
7.359321091742886400e-01
7.360430968621649583e-01
7.361550378141061834e-01
7.362649748349145984e-01
7.363764913098763687e-01
7.364867322975088282e-01
7.365973800664339377e-01
7.367074497268053523e-01
7.368168282100185928e-01
7.369262161409864120e-01
7.370356321132731647e-01
7.371453563888605842e-01
7.372551955587208772e-01
7.373639243167494639e-01
7.374726409940295380e-01
7.375800523622063620e-01
7.376882590929558781e-01
7.377961740142289226e-01
7.379034306992184877e-01
7.380112946302971322e-01
7.381172750031721463e-01
7.382244749860492616e-01
7.383313743285817576e-01
7.384362269914791499e-01
7.385410819871240928e-01
7.386464298169843623e-01
7.387510652670296052e-01
7.388569313127972826e-01
7.389625031998385829e-01
7.390673571538504127e-01
7.391714317918531840e-01
7.392757481470536574e-01
7.393803714252730197e-01
7.394842758004839256e-01
7.395869760837875395e-01
7.396893769153549680e-01
7.397917143928504080e-01
7.398935816887548533e-01
7.399964338962923271e-01
7.400985844956885495e-01
7.401998697500441482e-01
7.403004039689736748e-01
7.404017931745922043e-01
7.405029764928299230e-01
7.406025676726792906e-01
7.407021697163489460e-01
7.408017809420119892e-01
7.409021914723767921e-01
7.410010456562674541e-01
7.410993320915035820e-01
7.411987348825015420e-01
7.412976942626983146e-01
7.413950198974977868e-01
7.414931885812460211e-01
7.415924953928878516e-01
7.416905281305047337e-01
7.417875921667834715e-01
7.418856063509642329e-01
7.419829228971939195e-01
7.420805701991466385e-01
7.421769791205704569e-01
7.422738777102482199e-01
7.423703523985888397e-01
7.424676948260078291e-01
7.425629886217511855e-01
7.426590240195329873e-01
7.427546338748700627e-01
7.428496965419227882e-01
7.429455562410176572e-01
7.430409047587147597e-01
7.431351650495914285e-01
7.432294910484700257e-01
7.433237265493128909e-01
7.434163287865672709e-01
7.435105125486500821e-01
7.436030737848284833e-01
7.436953361450953093e-01
7.437875665726927377e-01
7.438795674066400743e-01
7.439726655664153920e-01
7.440648994817613548e-01
7.441566146175837559e-01
7.442490003304270685e-01
7.443403832920002516e-01
7.444305597942957320e-01
7.445218066121257472e-01
7.446115508456125909e-01
7.447023397615387674e-01
7.447930119094540169e-01
7.448836692456491937e-01
7.449736536042641522e-01
7.450628811958621700e-01
7.451534770129741858e-01
7.452421979943946173e-01
7.453322181262871382e-01
7.454216584184049088e-01
7.455107131545815058e-01
7.455994380310748681e-01
7.456882360556340572e-01
7.457758510210493741e-01
7.458639196277084826e-01
7.459523267055996332e-01
7.460396087264100640e-01
7.461277202601683811e-01
7.462148727800651526e-01
7.463024703398821735e-01
7.463887814533289866e-01
7.464749722907368934e-01
7.465609878382933884e-01
7.466471914298147272e-01
7.467332315051603553e-01
7.468170147343549115e-01
7.469017586194918179e-01
7.469866441949359892e-01
7.470711051280757298e-01
7.471557488166156169e-01
7.472397506818576618e-01
7.473239184140283431e-01
7.474075089234333280e-01
7.474908153700284830e-01
7.475730899270801588e-01
7.476549139743964290e-01
7.477371746387231344e-01
7.478186572971555757e-01
7.479014342364890267e-01
7.479825561014571411e-01
7.480642819435162627e-01
7.481456007976855505e-01
7.482270065234962741e-01
7.483087379088578794e-01
7.483901143110501808e-01
7.484713827506661588e-01
7.485518608118145734e-01
7.486330298630581304e-01
7.487128359125547750e-01
7.487920168553201528e-01
7.488719947151554202e-01
7.489517401593543955e-01
7.490300996217393870e-01
7.491085281546487895e-01
7.491875461839266892e-01
7.492656078282955434e-01
7.493443981255178965e-01
7.494224504499615858e-01
7.495007274786908980e-01
7.495789094329496915e-01
7.496572940840764421e-01
7.497359245846937359e-01
7.498134386124941653e-01
7.498917419303053888e-01
7.499681349332135705e-01
7.500454827184453999e-01
7.501230676737179470e-01
7.502000556147411237e-01
7.502767713951480344e-01
7.503525167660929363e-01
7.504295701726034773e-01
7.505066159196829290e-01
7.505818624773473724e-01
7.506564137043973961e-01
7.507318268767559921e-01
7.508067945261212017e-01
7.508824845486218313e-01
7.509578918453096996e-01
7.510319994761353035e-01
7.511069281306663736e-01
7.511812625009255395e-01
7.512563760537332991e-01
7.513308710878570107e-01
7.514055872240713585e-01
7.514799184739711091e-01
7.515534896517936936e-01
7.516266641208092514e-01
7.517004499546459106e-01
7.517743764510417259e-01
7.518478989907998455e-01
7.519212718607017898e-01
7.519949325904048409e-01
7.520676583486894939e-01
7.521395662190336617e-01
7.522129919104935114e-01
7.522855380880687504e-01
7.523562884586705302e-01
7.524289873728108313e-01
7.525017601448421578e-01
7.525727316106416431e-01
7.526430585423571351e-01
7.527141849995883094e-01
7.527853351202858923e-01
7.528572209377254465e-01
7.529271019925332098e-01
7.529979874263059703e-01
7.530679125581970501e-01
7.531374771718760686e-01
7.532077962719260222e-01
7.532767280913879038e-01
7.533459721158053402e-01
7.534147147918685006e-01
7.534851829999671402e-01
7.535548759868743174e-01
7.536251368845425791e-01
7.536939173523664603e-01
7.537640648385409703e-01
7.538332171771725543e-01
7.539014679756939064e-01
7.539717353570820624e-01
7.540414356388098760e-01
7.541109931304736946e-01
7.541794598309528030e-01
7.542487630811058885e-01
7.543172676905172125e-01
7.543858468796438288e-01
7.544536716017479216e-01
7.545212096208708807e-01
7.545885452168920038e-01
7.546566618627759127e-01
7.547240151980603162e-01
7.547914300267870580e-01
7.548584303116959715e-01
7.549254414848227679e-01
7.549924183788094822e-01
7.550600287515650821e-01
7.551270067466275826e-01
7.551916979304376110e-01
7.552570541916844293e-01
7.553235646930961389e-01
7.553907853285878327e-01
7.554569098455098386e-01
7.555228722673652531e-01
7.555894202016935068e-01
7.556555405037093109e-01
7.557212494777677536e-01
7.557865345991094941e-01
7.558519733640113314e-01
7.559163104639423647e-01
7.559811192583657524e-01
7.560450312427718922e-01
7.561099368576741364e-01
7.561737295905744949e-01
7.562383225684823351e-01
7.563029336638700251e-01
7.563673449177156227e-01
7.564318188352231465e-01
7.564964864222504248e-01
7.565609737715679461e-01
7.566233245716817990e-01
7.566870769045408451e-01
7.567501429315168782e-01
7.568128995815079918e-01
7.568743092584733212e-01
7.569368529741690166e-01
7.570000728991902461e-01
7.570622556691118943e-01
7.571258009217818330e-01
7.571882182819800189e-01
7.572511574788437505e-01
7.573132275450237261e-01
7.573746362330975312e-01
7.574363759892057679e-01
7.574984074972915815e-01
7.575602363340964152e-01
7.576223662335616060e-01
7.576842786752843173e-01
7.577460918328867701e-01
7.578081396514061430e-01
7.578686477382035047e-01
7.579299689323311107e-01
7.579915013681562952e-01
7.580528556750664171e-01
7.581132435438927564e-01
7.581746115854494095e-01
7.582359975440102762e-01
7.582971859772545953e-01
7.583576724335634456e-01
7.584182718827995329e-01
7.584779023886557558e-01
7.585371659742858874e-01
7.585967699984546009e-01
7.586558555341050836e-01
7.587155366695574887e-01
7.587758738295155014e-01
7.588345583547045914e-01
7.588942059343770641e-01
7.589535449056279415e-01
7.590136420893025537e-01
7.590729552285840898e-01
7.591315907326738888e-01
7.591899360375465866e-01
7.592494592108778306e-01
7.593085315761506360e-01
7.593678925085519671e-01
7.594267977625590582e-01
7.594849850268020619e-01
7.595430196322640048e-01
7.595999606181276231e-01
7.596581651468689023e-01
7.597162310882594749e-01
7.597740700903214961e-01
7.598312099933265396e-01
7.598889174134672020e-01
7.599470601897607702e-01
7.600042689378726513e-01
7.600616681098070204e-01
7.601187245474939624e-01
7.601747719006989312e-01
7.602321395593670816e-01
7.602894855665150997e-01
7.603469709482691963e-01
7.604044306065259606e-01
7.604612732261997188e-01
7.605184494745779178e-01
7.605749377075656792e-01
7.606315678107786749e-01
7.606890782557828024e-01
7.607466672515248440e-01
7.608022189851405548e-01
7.608590950229476846e-01
7.609152727803969452e-01
7.609717218160831909e-01
7.610275205825398626e-01
7.610827053527406960e-01
7.611384021965047486e-01
7.611946535004807668e-01
7.612497634580516204e-01
7.613056212223314745e-01
7.613587755011770319e-01
7.614130388338020694e-01
7.614693302248851658e-01
7.615242269956219445e-01
7.615803731844732472e-01
7.616342305147449920e-01
7.616890078411917564e-01
7.617439867471706982e-01
7.617991845209794999e-01
7.618533844716730563e-01
7.619086042593292696e-01
7.619636262952451666e-01
7.620182125693821806e-01
7.620729065909205291e-01
7.621286506776810965e-01
7.621830875127113547e-01
7.622368086410805654e-01
7.622920521890356182e-01
7.623461667951907383e-01
7.624007196376542117e-01
7.624554512268036932e-01
7.625092594941371704e-01
7.625638430989919447e-01
7.626163250078454858e-01
7.626694317565710923e-01
7.627223976086839885e-01
7.627760519732125211e-01
7.628295577268490169e-01
7.628833828971695041e-01
7.629362557359108399e-01
7.629905807918013760e-01
7.630441508596227385e-01
7.630957789897608867e-01
7.631482498399657644e-01
7.632014924451135940e-01
7.632546962709098048e-01
7.633077765527254144e-01
7.633613204360486515e-01
7.634144283495891692e-01
7.634666163746391954e-01
7.635193604942657197e-01
7.635724875106185694e-01
7.636239669600003444e-01
7.636760417517263200e-01
7.637264294959965616e-01
7.637785253257231011e-01
7.638306383449335879e-01
7.638827608982821094e-01
7.639350616981360753e-01
7.639874540858464513e-01
7.640402812457393056e-01
7.640917552932208201e-01
7.641440164946246005e-01
7.641950577558850322e-01
7.642469410219121517e-01
7.642982859362861259e-01
7.643501637015488459e-01
7.644013363576418474e-01
7.644535182918474892e-01
7.645050496910318349e-01
7.645564807893765469e-01
7.646084317525240204e-01
7.646596007797673566e-01
7.647106480692970054e-01
7.647606021806511167e-01
7.648117301970485116e-01
7.648629993886488787e-01
7.649133411627684342e-01
7.649636207108886365e-01
7.650145564207412319e-01
7.650647222838291572e-01
7.651148202658327735e-01
7.651649302553077403e-01
7.652160287703937414e-01
7.652651311787991295e-01
7.653152134390127648e-01
7.653651172744401210e-01
7.654160427096471375e-01
7.654660775394812600e-01
7.655157989294488763e-01
7.655661564880180681e-01
7.656164979608179877e-01
7.656663550405441443e-01
7.657160783623488953e-01
7.657651542275961676e-01
7.658155699306854469e-01
7.658656233412567405e-01
7.659154955094925610e-01
7.659646514728440936e-01
7.660137601652965422e-01
7.660608655696550251e-01
7.661097269049191860e-01
7.661591401640736043e-01
7.662074123100572898e-01
7.662563535010140647e-01
7.663049969657135252e-01
7.663536713472228756e-01
7.664019334769824887e-01
7.664497740604668818e-01
7.664977707396141149e-01
7.665462427895254338e-01
7.665950395966875108e-01
7.666434123309406878e-01
7.666921180278845060e-01
7.667402796188338421e-01
7.667882453744050419e-01
7.668364133621046186e-01
7.668848380356516614e-01
7.669331004860693302e-01
7.669817635919856658e-01
7.670298866477698319e-01
7.670771699494998153e-01
7.671244302522400860e-01
7.671708002329981069e-01
7.672174978542301016e-01
7.672652643777844172e-01
7.673125283328513513e-01
7.673581991379520018e-01
7.674046501264101261e-01
7.674524103685271825e-01
7.674993654517233699e-01
7.675475319655619133e-01
7.675947000686050847e-01
7.676414400648396974e-01
7.676890627888244278e-01
7.677365943929982395e-01
7.677838068791748016e-01
7.678312100118782624e-01
7.678785412319696357e-01
7.679250363713339134e-01
7.679723435996922420e-01
7.680187671141541772e-01
7.680652498828445252e-01
7.681128672816731617e-01
7.681581108691585280e-01
7.682053035472149460e-01
7.682497854229211054e-01
7.682949828378825563e-01
7.683408537319361686e-01
7.683863111253905753e-01
7.684315199480021841e-01
7.684773054026110550e-01
7.685234802290373812e-01
7.685695292491249164e-01
7.686166279368490395e-01
7.686625143735219545e-01
7.687076468059445000e-01
7.687530490414751227e-01
7.687983735271509689e-01
7.688445680283979566e-01
7.688902963192657536e-01
7.689354629069032887e-01
7.689809323106514549e-01
7.690263015252720713e-01
7.690720650441026374e-01
7.691175903748268539e-01
7.691632453088256272e-01
7.692087576461280607e-01
7.692536914270567960e-01
7.692982433432606904e-01
7.693422241015605012e-01
7.693870247603612489e-01
7.694317152338757682e-01
7.694756362532905181e-01
7.695194379868950385e-01
7.695637183418709837e-01
7.696067973818340180e-01
7.696502436814698367e-01
7.696942667158735985e-01
7.697385556027360742e-01
7.697812467649763901e-01
7.698257784865861764e-01
7.698706326438266023e-01
7.699144993012191351e-01
7.699581563956976460e-01
7.700026989668050659e-01
7.700468173291432628e-01
7.700909938612062744e-01
7.701347843381092240e-01
7.701779604663728795e-01
7.702214766021365788e-01
7.702650636590582245e-01
7.703094865405426539e-01
7.703527763021598140e-01
7.703951853512452930e-01
7.704390054933631937e-01
7.704831291592542097e-01
7.705270290760417584e-01
7.705701300782450414e-01
7.706142658959170832e-01
7.706582946137150447e-01
7.707018435012981117e-01
7.707448097602785930e-01
7.707876358455796328e-01
7.708308501118723566e-01
7.708740955089052882e-01
7.709170391171652481e-01
7.709594498273145691e-01
7.710017912776101490e-01
7.710445209337699612e-01
7.710871286548001136e-01
7.711298568280590127e-01
7.711727635665781566e-01
7.712140569574629234e-01
7.712569186656655917e-01
7.712982760051351194e-01
7.713392774045781941e-01
7.713822317212387647e-01
7.714243620849225991e-01
7.714657704002158001e-01
7.715086938084684265e-01
7.715510090255205400e-01
7.715923438763369058e-01
7.716335456946268323e-01
7.716755709865361634e-01
7.717168469095974093e-01
7.717588251846680958e-01
7.718007384709608676e-01
7.718425799781306607e-01
7.718840028820391774e-01
7.719253457136221463e-01
7.719663449817304457e-01
7.720065437098567740e-01
7.720478679988564963e-01
7.720895556129393489e-01
7.721315928625833713e-01
7.721722543127347294e-01
7.722120998431818428e-01
7.722529268495682553e-01
7.722940433079378275e-01
7.723356411188625481e-01
7.723759650237141949e-01
7.724168018397564728e-01
7.724577906923826287e-01
7.724994233362052487e-01
7.725395669137867793e-01
7.725803964585447048e-01
7.726216564654424523e-01
7.726626766817143999e-01
7.727035197437599479e-01
7.727437644888549562e-01
7.727843855762166481e-01
7.728248211564208159e-01
7.728655036232042752e-01
7.729064894565579324e-01
7.729474908729894178e-01
7.729875090767062140e-01
7.730280579583134193e-01
7.730670150948709685e-01
7.731076823397153852e-01
7.731473101145094340e-01
7.731872477595138626e-01
7.732267222455522226e-01
7.732660682962563259e-01
7.733056779045019979e-01
7.733456521903576686e-01
7.733849159526614558e-01
7.734243295066641766e-01
7.734642815736303412e-01
7.735036431924225964e-01
7.735427278624910086e-01
7.735819415040862124e-01
7.736219834257347383e-01
7.736607192670562627e-01
7.737005328367044799e-01
7.737404542644054084e-01
7.737801919558254804e-01
7.738192702710230408e-01
7.738579427672069855e-01
7.738967856400897904e-01
7.739358930856452545e-01
7.739754288463042142e-01
7.740132132156531952e-01
7.740532514569663514e-01
7.740921625070693590e-01
7.741309750365920062e-01
7.741693019513595786e-01
7.742087444831242671e-01
7.742473963125785508e-01
7.742863829451021029e-01
7.743257336217678199e-01
7.743643872746960310e-01
7.744026420805785182e-01
7.744411586099190226e-01
7.744798447316298962e-01
7.745186150840283057e-01
7.745567885367052874e-01
7.745951380307256606e-01
7.746342175321584422e-01
7.746726600787506856e-01
7.747096649063179852e-01
7.747482941951971958e-01
7.747868259575845240e-01
7.748253878461001110e-01
7.748630759199356399e-01
7.749013594966370766e-01
7.749386696463801405e-01
7.749769651279485583e-01
7.750148831382966952e-01
7.750534486504827569e-01
7.750913751567644061e-01
7.751298483867807843e-01
7.751672997415920419e-01
7.752050659103499886e-01
7.752421942526749321e-01
7.752804864889466518e-01
7.753178805854468170e-01
7.753553821933817369e-01
7.753928260744565870e-01
7.754304669166977027e-01
7.754675870280034466e-01
7.755047156147427678e-01
7.755414545645265001e-01
7.755774700763851115e-01
7.756137223540678916e-01
7.756512437070565147e-01
7.756882136685655516e-01
7.757246422888819382e-01
7.757621935735798946e-01
7.757992570352989503e-01
7.758357084292286654e-01
7.758723108761365062e-01
7.759089769589719854e-01
7.759459939135582296e-01
7.759833535426372553e-01
7.760202779964130437e-01
7.760569472730061147e-01
7.760928018525329319e-01
7.761292802226122944e-01
7.761652072866330743e-01
7.762025367393831088e-01
7.762385746855844371e-01
7.762752689921558202e-01
7.763124855545917580e-01
7.763489349458800870e-01
7.763858527580689284e-01
7.764220531541506931e-01
7.764570921893776401e-01
7.764937496297047437e-01
7.765302511975762378e-01
7.765668829259660955e-01
7.766037469374826863e-01
7.766396066369548601e-01
7.766763135175607236e-01
7.767127311076280627e-01
7.767495041451497606e-01
7.767861458022244925e-01
7.768228417604273739e-01
7.768586025053092481e-01
7.768948023656767621e-01
7.769305679200890768e-01
7.769673823934682977e-01
7.770033039420244370e-01
7.770392655735086640e-01
7.770751425411248636e-01
7.771111526463876373e-01
7.771466456046748350e-01
7.771822177903608964e-01
7.772176785469774307e-01
7.772532463605514863e-01
7.772881213886542184e-01
7.773231477550102131e-01
7.773586075359094627e-01
7.773939986252197398e-01
7.774297606382463144e-01
7.774647981004224606e-01
7.775005454376718861e-01
7.775366137288943769e-01
7.775720051439500846e-01
7.776077729190048471e-01
7.776435372949285219e-01
7.776788909167862140e-01
7.777140898268668501e-01
7.777496297708751394e-01
7.777845806535357287e-01
7.778193026470865412e-01
7.778541785318958679e-01
7.778898438279678862e-01
7.779250402853905566e-01
7.779598007669578097e-01
7.779946249556907167e-01
7.780289652890544083e-01
7.780625874805757736e-01
7.780969966323201259e-01
7.781308936714385061e-01
7.781658857135836938e-01
7.782002125277678317e-01
7.782340731340030571e-01
7.782685720543084384e-01
7.783032390714726967e-01
7.783377440896681598e-01
7.783718899771960853e-01
7.784062894826511148e-01
7.784402055362049655e-01
7.784745546660574167e-01
7.785094000378772749e-01
7.785430445076990669e-01
7.785766992283272847e-01
