3.973736450230857392e-02
4.350781283009133582e-02
4.715886030305176113e-02
5.045374522336353723e-02
5.351953077548061294e-02
5.639452484947696242e-02
5.930984008037772787e-02
6.192437398920733194e-02
6.443562540112124370e-02
6.686089785666628205e-02
6.911689923054054052e-02
7.129768871546059150e-02
7.345169711887514219e-02
7.541601721770091471e-02
7.727651405978167021e-02
7.908262009366925915e-02
8.075583768055359657e-02
8.241990476037468205e-02
8.400119381650378303e-02
8.558637857888946876e-02
8.711270024031757264e-02
8.854507317034381042e-02
8.997725309127956039e-02
9.132311058100490986e-02
9.266445329740623238e-02
9.394681367502755176e-02
9.517457220805032592e-02
9.633767280190989879e-02
9.748891315096862298e-02
9.858916825975069798e-02
9.962462660851324758e-02
1.006644283616388025e-01
1.016567507486816346e-01
1.026286028602682310e-01
1.035445710931485880e-01
1.044343726652245813e-01
1.053178424199026492e-01
1.061618414159867657e-01
1.069916967436668476e-01
1.077641847346466064e-01
1.085459016538744825e-01
1.092716253166999135e-01
1.099962198214922693e-01
1.106794820359215392e-01
1.113442303281677176e-01
1.120108911394935847e-01
1.126526060402199131e-01
1.132878047492858475e-01
1.138869308010949932e-01
1.144569892702028135e-01
1.150138578471444906e-01
1.155559438227947849e-01
1.160924354210960824e-01
1.166190822493705648e-01
1.171098842208011387e-01
1.175997181860853197e-01
1.180843355981240489e-01
1.185519011119369609e-01
1.190129676944660791e-01
1.194535419472923521e-01
1.198851173157704092e-01
1.203042225409518967e-01
1.207143453119384618e-01
1.211060060319330972e-01
1.214769681740283519e-01
1.218529270997362191e-01
1.222264268359262440e-01
1.225683427054072155e-01
1.229105518911393635e-01
1.232400795369609642e-01
1.235725197000131087e-01
1.238893899849113356e-01
1.241942585019837203e-01
1.245045053223813036e-01
1.248007356917317373e-01
1.250812608776405710e-01
1.253614421785952115e-01
1.256366235300369061e-01
1.259096646530569741e-01
1.261735968321704704e-01
1.264303616225858629e-01
1.266689695669131754e-01
1.269099445507686774e-01
1.271427122568615786e-01
1.273840685053225508e-01
1.276193595953770688e-01
1.278369345578531935e-01
1.280516534520533267e-01
1.282593802085515711e-01
1.284681908016805651e-01
1.286680645590101146e-01
1.288661219715815931e-01
1.290542605023999867e-01
1.292449037819434488e-01
1.294339465228589447e-01
1.296140216431707071e-01
1.297939490464448675e-01
1.299639972042333502e-01
1.301389466575572362e-01
1.303085202853797586e-01
1.304719859343126676e-01
1.306329383533495758e-01
1.307923067343000345e-01
1.309515728449403282e-01
1.311051119493241435e-01
1.312505786373065197e-01
1.313951924748074929e-01
1.315394736500147543e-01
1.316849867695523146e-01
1.318249319109337236e-01
1.319609173151120030e-01
1.320959622397751554e-01
1.322242052352044228e-01
1.323522094513757963e-01
1.324754835335340275e-01
1.325994234373275293e-01
1.327186660100376225e-01
1.328395617039321852e-01
1.329555256073922109e-01
1.330690008121560575e-01
1.331807188126364894e-01
1.332919754415804181e-01
1.333971076413565104e-01
1.335020021793897338e-01
1.336047287670818207e-01
1.337045246023303990e-01
1.337975240073763783e-01
1.338926516322103688e-01
1.339877654716408739e-01
1.340811444622923565e-01
1.341726867788592403e-01
1.342641960024560932e-01
1.343507795903796098e-01
1.344334717468353424e-01
1.345182752111291069e-01
1.346020634858037246e-01
1.346853640349682246e-01
1.347654111419460399e-01
1.348469736419644627e-01
1.349251870419793942e-01
1.350009908957803539e-01
1.350764500924853673e-01
1.351507935953415174e-01
1.352243056180759684e-01
1.352972371403893259e-01
1.353691391089401341e-01
1.354402558823748215e-01
1.355100126692968532e-01
1.355759207221122198e-01
1.356417127239296361e-01
1.357078061084239229e-01
1.357718650675285854e-01
1.358325846341142673e-01
1.358926975281705418e-01
1.359539551190596940e-01
1.360128888138618375e-01
1.360718640814238822e-01
1.361295387649703037e-01
1.361860052648866393e-01
1.362412259650645774e-01
1.362953583319473638e-01
1.363498955049493033e-01
1.364022486395291278e-01
1.364544702023240685e-01
1.365061647024850555e-01
1.365559118059574695e-01
1.366052494353710844e-01
1.366537928351281017e-01
1.367019097563033636e-01
1.367489093950402523e-01
1.367949978148533807e-01
1.368404308031292149e-01
1.368851919162997754e-01
1.369295284865016116e-01
1.369738525726496015e-01
1.370159642786703269e-01
1.370577116839095666e-01
1.370986060068001278e-01
1.371384118055420931e-01
1.371766761104170063e-01
1.372153375218995164e-01
1.372538126173003525e-01
1.372909969877563752e-01
1.373277566462811350e-01
1.373642570749136760e-01
1.373999267526109513e-01
1.374355108649912005e-01
1.374704010287898515e-01
1.375046264443436361e-01
1.375386084555047794e-01
1.375727855950144851e-01
1.376053537678342265e-01
1.376374613641820344e-01
1.376692442342412059e-01
1.377010507597136446e-01
1.377320338596390026e-01
1.377629981565675066e-01
1.377942498124436477e-01
1.378233694624716732e-01
1.378520475018138458e-01
1.378817460207830414e-01
1.379105272940272242e-01
1.379387510480737378e-01
1.379665727288615640e-01
1.379942804794710431e-01
1.380212826348992394e-01
1.380477220927106841e-01
1.380736069415476608e-01
1.380994088980441736e-01
1.381256555657414675e-01
1.381514304830144813e-01
1.381760146494090402e-01
1.382005064345586676e-01
1.382237570121722936e-01
1.382471413768315838e-01
1.382694434378283488e-01
1.382925204333012859e-01
1.383143300884777382e-01
1.383361574885724199e-01
1.383573076912231470e-01
1.383783672433750167e-01
1.383994833578662542e-01
1.384200789148941346e-01
1.384402460182879435e-01
1.384597922737006159e-01
1.384786815106902880e-01
1.384976450622486810e-01
1.385161627173625287e-01
1.385349889234914478e-01
1.385527606774352716e-01
1.385703256557889174e-01
1.385878377551075236e-01
1.386045403245189100e-01
1.386220582147797142e-01
1.386382397476783046e-01
1.386541369299484627e-01
1.386709088393993650e-01
1.386872576436846138e-01
1.387029802370638165e-01
1.387187311696938541e-01
1.387332875445145552e-01
1.387475670570371966e-01
1.387618460149424027e-01
1.387761538786545790e-01
1.387898633938288440e-01
1.388030140589974759e-01
1.388161485315776711e-01
1.388297285352511345e-01
1.388430852927795833e-01
1.388560635711261759e-01
1.388690757724300728e-01
1.388810594624401151e-01
1.388931101351155994e-01
1.389052728492281008e-01
1.389173886338075647e-01
1.389286307255059583e-01
1.389397374870937341e-01
1.389513909564636107e-01
1.389627037893006456e-01
1.389736604831094680e-01
1.389838018359762783e-01
1.389945932035554221e-01
1.390053129394701048e-01
1.390151147058094339e-01
1.390249416937076599e-01
1.390354527058264011e-01
1.390451419972534575e-01
1.390537651636307437e-01
1.390628734895534568e-01
1.390722382273877344e-01
1.390806159220364380e-01
1.390892162609795590e-01
1.390972805980276727e-01
1.391056971985125124e-01
1.391135714337260465e-01
1.391214485876569040e-01
1.391284775629008097e-01
1.391363949520263155e-01
1.391435212583995995e-01
1.391505864436900497e-01
1.391578033271691217e-01
1.391642775559037426e-01
1.391706892188871447e-01
1.391773925981232840e-01
1.391836914011134185e-01
1.391899223273954378e-01
1.391967031787792186e-01
1.392024927404222345e-01
1.392088638147612745e-01
1.392150819144903073e-01
1.392210407115320181e-01
1.392268618089823606e-01
1.392318535313894767e-01
1.392371000529093461e-01
1.392425028026966771e-01
1.392470948399734121e-01
1.392520854548136566e-01
1.392576307245524669e-01
1.392622520119878859e-01
1.392674048492146266e-01
1.392719008422400873e-01
1.392761860521415929e-01
1.392801611760307035e-01
1.392843609528190696e-01
1.392887781328590591e-01
1.392920730399751228e-01
1.392962258931901287e-01
1.392994481351481073e-01
1.393027251860782523e-01
1.393061884305631659e-01
1.393095529033524516e-01
1.393126144947988143e-01
1.393161128727672948e-01
1.393191098144874185e-01
1.393217028954489844e-01
1.393247580460828527e-01
1.393270639369798003e-01
1.393296780540341784e-01
1.393317481086468190e-01
1.393344003916381912e-01
1.393369328822781916e-01
1.393392442439209677e-01
1.393413036040420938e-01
1.393432833771124091e-01
1.393461340696846296e-01
1.393484355051738954e-01
1.393504377848381326e-01
1.393523901331722714e-01
1.393540816660414905e-01
1.393559330123596007e-01
1.393574363517305348e-01
1.393590870705948004e-01
1.393606149679588180e-01
1.393626400790894948e-01
1.393645510798227072e-01
1.393661343461053137e-01
1.393679357023302479e-01
1.393688205940575298e-01
1.393705034008811405e-01
1.393715417913941323e-01
1.393727174022048598e-01
1.393737431648207348e-01
1.393744183087227417e-01
1.393750104226138542e-01
1.393755437758908977e-01
1.393763095290325993e-01
1.393765500672755897e-01
1.393772727912442611e-01
1.393782178182171871e-01
1.393784601122073086e-01
1.393788557567347541e-01
1.393796681152150441e-01
1.393805336436400866e-01
1.393807564966504098e-01
1.393814386146770834e-01
1.393814132454497257e-01
1.393818594576745618e-01
1.393818942388486692e-01
1.393819290201005756e-01
1.393816576218832037e-01
1.393809872519063964e-01
1.393808596295830482e-01
1.393801969625171056e-01
1.393804262590546128e-01
1.393799492257609962e-01
1.393791233101402682e-01
1.393784618398581643e-01
1.393779045893205337e-01
1.393776410763368778e-01
1.393765855653614216e-01
1.393754526417351480e-01
1.393751350383692078e-01
1.393748266977061778e-01
1.393741589604170494e-01
1.393735059147793165e-01
1.393722740107908031e-01
1.393712135015556519e-01
1.393706629331824265e-01
1.393695377748208619e-01
1.393685845238559207e-01
1.393670862525352439e-01
1.393657720031026004e-01
1.393640706765257309e-01
1.393625624289828169e-01
1.393613505726852830e-01
1.393602453341157843e-01
1.393586510193833838e-01
1.393567882031942762e-01
1.393549485055793624e-01
1.393532825835719635e-01
1.393512575273111731e-01
1.393496748391206130e-01
1.393483148704376950e-01
1.393461032514256848e-01
1.393441488992872290e-01
1.393430639207192401e-01
1.393407915179986634e-01
1.393383855089326273e-01
1.393367827428256822e-01
1.393353069901816788e-01
1.393334018897610105e-01
1.393314653094725464e-01
1.393288685936477922e-01
1.393271929235243289e-01
1.393249150535297853e-01
1.393230283006781367e-01
1.393212618122283974e-01
1.393189333714843769e-01
1.393173125843967797e-01
1.393153328849471018e-01
1.393135652137935387e-01
1.393108814347327196e-01
1.393084018097185406e-01
1.393055500985151962e-01
1.393034098542045296e-01
1.393004193647764122e-01
1.392977729680564825e-01
1.392955026997069468e-01
1.392921739238440204e-01
1.392889597726552353e-01
1.392857352579217056e-01
1.392828774510738166e-01
1.392795228538499797e-01
1.392765544578002390e-01
1.392734150001279092e-01
1.392704487281253845e-01
1.392675918043612404e-01
1.392647190476659080e-01
1.392613327637686194e-01
1.392583595312973932e-01
1.392551880006725196e-01
1.392521049011894996e-01
1.392489256362462180e-01
1.392457225438168411e-01
1.392421120940089685e-01
1.392386724369231998e-01
1.392362197240902266e-01
1.392333814690436822e-01
1.392299015372785165e-01
1.392260528338142289e-01
1.392225412417490982e-01
1.392191354057923658e-01
1.392153116665522106e-01
1.392115231964489996e-01
1.392079336585451688e-01
1.392044988073136702e-01
1.392008286920386473e-01
1.391977276111530659e-01
1.391941818954078591e-01
1.391910155445147679e-01
1.391873784842597439e-01
1.391841515336993684e-01
1.391805414963191989e-01
1.391767128600145120e-01
1.391728963638144967e-01
1.391690562737766534e-01
1.391650513301608827e-01
1.391610063983432233e-01
1.391578705555183704e-01
1.391540029107515286e-01
1.391503678404254485e-01
1.391468710518920793e-01
1.391439911379856453e-01
1.391404191575747185e-01
1.391365331512308956e-01
1.391329577819032104e-01
1.391287203562435182e-01
1.391249191019302001e-01
1.391207539489672795e-01
1.391169397257444873e-01
1.391133949448600526e-01
1.391096647511370632e-01
1.391056470202773343e-01
1.391017312608636702e-01
1.390975076398001942e-01
1.390934193483858161e-01
1.390892294115115280e-01
1.390848546494553029e-01
1.390811325912398866e-01
1.390769715119933581e-01
1.390726548673194840e-01
1.390683826004862622e-01
1.390644708806358376e-01
1.390599847342895434e-01
1.390553609532650947e-01
1.390508354847596051e-01
1.390465912428657802e-01
1.390422116553335363e-01
1.390382796395217002e-01
1.390344015057787264e-01
1.390304273206492414e-01
1.390264648388658542e-01
1.390221719878478868e-01
1.390174204821025550e-01
1.390136148202252564e-01
1.390091820934388489e-01
1.390047725826804026e-01
1.390000256438843895e-01
1.389955716645794315e-01
1.389913390467743537e-01
1.389871673243733841e-01
1.389824042130426152e-01
1.389778206368855185e-01
1.389730372286049898e-01
1.389683820917090584e-01
1.389639932756588092e-01
1.389595810541340570e-01
1.389556984882555912e-01
1.389511585712507324e-01
1.389465811892455216e-01
1.389420667372992524e-01
1.389379104813612542e-01
1.389333712935473530e-01
1.389285627910941401e-01
1.389241126455026953e-01
1.389195098315027244e-01
1.389149638196011116e-01
1.389109761387424535e-01
1.389062627948940420e-01
1.389014660319699557e-01
1.388965075254265102e-01
1.388916053400696127e-01
1.388867962246725374e-01
1.388818886172421829e-01
1.388772677576911307e-01
1.388725569002029203e-01
1.388672268873326621e-01
1.388619020705191553e-01
1.388575206036185561e-01
1.388524062856944796e-01
1.388475353655123368e-01
1.388424734963751850e-01
1.388377570210240775e-01
1.388332622556089080e-01
1.388284648142817379e-01
1.388233342238973100e-01
1.388187871500201620e-01
1.388138007584611977e-01
1.388101419655833890e-01
1.388058082019507367e-01
1.388003428631057190e-01
1.387955272354781944e-01
1.387900294576954185e-01
1.387856172220754969e-01
1.387806944733029069e-01
1.387756038218907473e-01
1.387704380383675273e-01
1.387654807310985394e-01
1.387602455045421068e-01
1.387549924198263340e-01
1.387500227985831169e-01
1.387447926926087538e-01
1.387391499908620929e-01
1.387339691355279347e-01
1.387292085541735887e-01
1.387235817641930546e-01
1.387184496026659108e-01
1.387131530969580862e-01
1.387076262762667600e-01
1.387025167844040119e-01
1.386969666445600768e-01
1.386923069375285700e-01
1.386873771999050098e-01
1.386825019891003152e-01
1.386772641920975824e-01
1.386720490885850199e-01
1.386665471678526218e-01
1.386614732450275889e-01
1.386556945422708353e-01
1.386501763416999322e-01
1.386456092257249140e-01
1.386406433513083791e-01
1.386351020828848757e-01
1.386296795179433883e-01
1.386242528214547409e-01
1.386186102457005742e-01
1.386130855806345652e-01
1.386077521465026441e-01
1.386023155700619180e-01
1.385966699420133619e-01
1.385917776483630570e-01
1.385865796294731278e-01
1.385821342241418119e-01
1.385768672267144452e-01
1.385715281527728215e-01
1.385661420652684050e-01
1.385606066705476758e-01
1.385550021726360548e-01
1.385490839560144516e-01
1.385438311748145579e-01
1.385381373692410878e-01
1.385329866675337196e-01
1.385274064165077645e-01
1.385220886475246049e-01
1.385165265371353371e-01
1.385111904945108829e-01
1.385052715701512727e-01
1.384996272794984662e-01
1.384939176365196922e-01
1.384880777394842943e-01
1.384824246268155923e-01
1.384769271460503381e-01
1.384718634467988485e-01
1.384661545543811323e-01
1.384602478213663723e-01
1.384548261785594203e-01
1.384494760949367687e-01
1.384437570156897002e-01
1.384382106279866131e-01
1.384328557633655032e-01
1.384273843587203734e-01
1.384214085689011720e-01
1.384164334500273819e-01
1.384108768937437339e-01
1.384053731469656323e-01
1.383993869835850321e-01
1.383938572050749938e-01
1.383883606189428295e-01
1.383825535644597760e-01
1.383767006582498904e-01
1.383708633554159850e-01
1.383652341679929565e-01
1.383599182186426024e-01
1.383538998824880017e-01
1.383479476222612137e-01
1.383420517413002093e-01
1.383364586740735147e-01
1.383308762376251333e-01
1.383262734132978955e-01
1.383208066114742507e-01
1.383149097606750921e-01
1.383097267629782301e-01
1.383041043887678068e-01
1.382984878253396277e-01
1.382929278142771834e-01
1.382874795897633957e-01
1.382821132286425891e-01
1.382766203393655247e-01
1.382709769740171346e-01
1.382651267400130390e-01
1.382594498744550704e-01
1.382535617091783242e-01
1.382478035956213325e-01
1.382421902459458896e-01
1.382365039066155710e-01
1.382306165561753009e-01
1.382247762852001904e-01
1.382187327427641943e-01
1.382128498640705361e-01
1.382073800288055043e-01
1.382019385635261943e-01
1.381968918897839294e-01
1.381915858223060900e-01
1.381857343848206243e-01
1.381801595065773602e-01
1.381753595186099859e-01
1.381701178669715868e-01
1.381642397438558878e-01
1.381587549391245784e-01
1.381526221036031010e-01
1.381469178145580401e-01
1.381413488831000902e-01
1.381354331832434779e-01
1.381293785068606617e-01
1.381235152512666764e-01
1.381175338062964053e-01
1.381115275638736262e-01
1.381057984007105222e-01
1.380998889630550563e-01
1.380941904873598525e-01
1.380884884892233933e-01
1.380822176051726413e-01
1.380770850406606021e-01
1.380709540020230441e-01
1.380661201179762820e-01
1.380608157588922580e-01
1.380552326172326538e-01
1.380497947445206708e-01
1.380444582426836597e-01
1.380388293799889032e-01
1.380330811995914564e-01
1.380272415140823550e-01
1.380208849767936286e-01
1.380150251745170253e-01
1.380095007440076127e-01
1.380038414213344555e-01
1.379981987882106798e-01
1.379920281641613400e-01
1.379860844682812004e-01
1.379804405902128883e-01
1.379745096335070476e-01
1.379686025871933175e-01
1.379625097345069940e-01
1.379565409091203232e-01
1.379504903415773587e-01
1.379444375516278576e-01
1.379385886724178722e-01
1.379329719833715662e-01
1.379275160428351799e-01
1.379217070896157360e-01
1.379158566633160998e-01
1.379104355708677676e-01
1.379050036494588183e-01
1.378993732756814417e-01
1.378942199519063438e-01
1.378888431446490814e-01
1.378831793819841334e-01
1.378773944421243236e-01
1.378724296959835116e-01
1.378665467138334710e-01
1.378605318534980861e-01
1.378549402078028119e-01
1.378493806540908584e-01
1.378433748165379114e-01
1.378374593784979230e-01
1.378314317208285678e-01
1.378256623594083241e-01
1.378201191286071159e-01
1.378143304556823934e-01
1.378085495168033525e-01
1.378023968335821969e-01
1.377967188483956162e-01
1.377914039593873263e-01
1.377853795004745918e-01
1.377792842533028528e-01
1.377731761460584126e-01
1.377674927624036316e-01
1.377613245303425660e-01
1.377551195883512103e-01
1.377490985012734259e-01
1.377433451164746248e-01
1.377376292402640034e-01
1.377317048860601245e-01
1.377257571638897393e-01
1.377198466881079386e-01
1.377143684303225035e-01
1.377087631044045801e-01
1.377029174657652399e-01
1.376971026092617678e-01
1.376911467196013650e-01
1.376851932210524099e-01
1.376800192049168758e-01
1.376740794884133701e-01
1.376687459523188162e-01
1.376636986352567926e-01
1.376576031516424936e-01
1.376518690721520721e-01
1.376463875769227962e-01
1.376401909136210355e-01
1.376343493287527087e-01
1.376288014380497304e-01
1.376234094057233182e-01
1.376175447798252405e-01
1.376120308979351392e-01
1.376061104733432849e-01
1.376002122939262162e-01
1.375943105221874296e-01
1.375885683506640200e-01
1.375828758128154472e-01
1.375773631838362043e-01
1.375721928203891276e-01
1.375664733821664321e-01
1.375606275364016362e-01
1.375545331019686901e-01
1.375490332627143375e-01
1.375438197069928925e-01
1.375381764057694856e-01
1.375324696489143017e-01
1.375264670724298532e-01
1.375210665875871707e-01
1.375154499928826490e-01
1.375096891647858144e-01
1.375036179301016570e-01
1.374982127604391646e-01
1.374924808879901816e-01
1.374864891049117355e-01
1.374807085824896469e-01
1.374748616350731367e-01
1.374692549590052770e-01
1.374634743212377885e-01
1.374577341438243672e-01
1.374518791691765052e-01
1.374458712454485754e-01
1.374397421196724978e-01
1.374341486203699558e-01
1.374281817664182170e-01
1.374230511631584495e-01
1.374170408686635203e-01
1.374115856420259629e-01
1.374059454711226147e-01
1.374004770725504032e-01
1.373949788422399176e-01
1.373893331073046398e-01
1.373835722812640492e-01
1.373780381543906470e-01
1.373725002890503755e-01
1.373668147516675653e-01
1.373612763219655142e-01
1.373558310540797800e-01
1.373503029974914857e-01
1.373444134278651307e-01
1.373389717437641655e-01
1.373331027196170451e-01
1.373271090494318503e-01
1.373212320142354059e-01
1.373155660178471682e-01
1.373100792327323627e-01
1.373044903714526199e-01
1.372989514739293981e-01
1.372930804180998443e-01
1.372880388793669137e-01
1.372818330613181093e-01
1.372761388093710622e-01
1.372703517660812667e-01
1.372648723758423117e-01
1.372589095593640951e-01
1.372532775388584925e-01
1.372473844106681107e-01
1.372413443212141815e-01
1.372355775265340916e-01
1.372300649471839273e-01
1.372244465061122354e-01
1.372187087923313065e-01
1.372128402915807344e-01
1.372073441626055768e-01
1.372016986821222861e-01
1.371956353987763000e-01
1.371897644488534462e-01
1.371846669193075574e-01
1.371787831495548671e-01
1.371729083592493348e-01
1.371670073654299715e-01
1.371615467244731990e-01
1.371557439918253130e-01
1.371504821861587731e-01
1.371446066882699155e-01
1.371389111718931686e-01
1.371329176204695299e-01
1.371271612340962121e-01
1.371211429341307186e-01
1.371156072803486614e-01
1.371099951584736076e-01
1.371045282660781905e-01
1.370986289785751655e-01
1.370930318054215669e-01
1.370873859132026307e-01
1.370817567658979552e-01
1.370759584927264962e-01
1.370704398584053907e-01
1.370648535356956965e-01
1.370594683545889314e-01
1.370544609914481349e-01
1.370492315356665325e-01
1.370434167423830174e-01
1.370378259269224297e-01
1.370325167608540673e-01
1.370266438056385039e-01
1.370209384546428599e-01
1.370155443311500687e-01
1.370100493921231344e-01
1.370045293437385237e-01
1.369988556839242533e-01
1.369930246455045852e-01
1.369873007557225186e-01
1.369816717067200706e-01
1.369764543994959061e-01
1.369709690235708099e-01
1.369656135413539200e-01
1.369597481458751931e-01
1.369543183724716839e-01
1.369486166042591935e-01
1.369426929776742241e-01
1.369371129830545264e-01
1.369313821497830097e-01
1.369258465564536509e-01
1.369208913261256710e-01
1.369151432025919046e-01
1.369094835583008207e-01
1.369036754297708325e-01
1.368977766545440844e-01
1.368923502727400487e-01
1.368866240949532243e-01
1.368808835354118902e-01
1.368749780740691202e-01
1.368691436472147804e-01
1.368633231336971179e-01
1.368577941510462637e-01
1.368520189279548438e-01
1.368464937338234877e-01
1.368404523970594699e-01
1.368347975594178256e-01
1.368290811014817310e-01
1.368233778242485821e-01
1.368176456088769644e-01
1.368121364666005924e-01
1.368065843705928986e-01
1.368009852403689330e-01
1.367954138017883625e-01
1.367902017030873385e-01
1.367847688791257454e-01
1.367791889309837861e-01
1.367736139467136403e-01
1.367679008567208032e-01
1.367624465901878250e-01
1.367566121336925844e-01
1.367506712431736937e-01
1.367450378736884409e-01
1.367391662834026578e-01
1.367332763433191378e-01
1.367276295755233129e-01
1.367220037910829022e-01
1.367162547115211846e-01
1.367106475914122155e-01
1.367052112394132601e-01
1.366996603821628853e-01
1.366937656991746852e-01
1.366880028167612726e-01
1.366824901495124200e-01
1.366769363214375421e-01
1.366715324640645490e-01
1.366664979198154162e-01
1.366610624855592038e-01
1.366558095809572992e-01
1.366500532710040461e-01
1.366446880285030752e-01
1.366395139577497309e-01
1.366339659145160701e-01
1.366283797111400022e-01
1.366228642062010668e-01
1.366174515811584278e-01
1.366118047649615141e-01
1.366064656935662147e-01
1.366009609462205121e-01
1.365952385092224219e-01
1.365899775237778002e-01
1.365846916127893829e-01
