3.820546847579683880e-02
4.067620487239492072e-02
4.307647178351126788e-02
4.522999988988432585e-02
4.724793165684017943e-02
4.914009846177604807e-02
5.108083051527243651e-02
5.279986740678433571e-02
5.444594023235053287e-02
5.604502060651641443e-02
5.750699674271574774e-02
5.892629204137707355e-02
6.034422206243116038e-02
6.162337983948807524e-02
6.281689977136219183e-02
6.398120313759311784e-02
6.504633238773047110e-02
6.613228672212245751e-02
6.714914407606938085e-02
6.818631813987700852e-02
6.918552142030588714e-02
7.011449097917014928e-02
7.105732197838088293e-02
7.192817233139342514e-02
7.280797485418455395e-02
7.363947790824100503e-02
7.443492528333423008e-02
7.517295098283970078e-02
7.592041768185436856e-02
7.662686856699849058e-02
7.727687568017117814e-02
7.793631461550996897e-02
7.856676124504616276e-02
7.918085887858569705e-02
7.975493082236491393e-02
8.031210068255772994e-02
8.086941668763700242e-02
8.139404862681966224e-02
8.191581848538616317e-02
8.239228017985164576e-02
8.288038667024498485e-02
8.331834979858653012e-02
8.376546934001968814e-02
8.418373020937794382e-02
8.458180733679443453e-02
8.499042456680974689e-02
8.538315230552705193e-02
8.577616195176281100e-02
8.613444511447757024e-02
8.647392368938827678e-02
8.680259509595704415e-02
8.712616346706555936e-02
8.744344540621053208e-02
8.775629573511167791e-02
8.804003092732896885e-02
8.832713511561982034e-02
8.861145829574866573e-02
8.888016803094467289e-02
8.914860481351156996e-02
8.939919369186748177e-02
8.964856326330995773e-02
8.988873922009368855e-02
9.012419601647696232e-02
9.034390161161588717e-02
9.054717349127151815e-02
9.075784339692020974e-02
9.096960989748699433e-02
9.115249757060711611e-02
9.133920880252974217e-02
9.151641761527967711e-02
9.169822752153455880e-02
9.186795512515112672e-02
9.202782504067258396e-02
9.219530043601591174e-02
9.235075142913574953e-02
9.249273345710423699e-02
9.263318463691878890e-02
9.277343582195683724e-02
9.291350747024482160e-02
9.304603807853151221e-02
9.317424750913351483e-02
9.328474447712546691e-02
9.340062818059269301e-02
9.351025621302211377e-02
9.362982230718003285e-02
9.374458178086500504e-02
9.384251512918841132e-02
9.394048033357668692e-02
9.403165741951818868e-02
9.412496872298087291e-02
9.421106890777675158e-02
9.429762716989160964e-02
9.437411664438383196e-02
9.445567687839202808e-02
9.453713948144992774e-02
9.461050365548163976e-02
9.468616466262450015e-02
9.475214811768015166e-02
9.482433813599400185e-02
9.489186762716012025e-02
9.495500536446660478e-02
9.501567927817117232e-02
9.507572421299766152e-02
9.513772749636678627e-02
9.519460715408857576e-02
9.524542148712847323e-02
9.529574245427729906e-02
9.534685956761598802e-02
9.540034006284017765e-02
9.544882842194449268e-02
9.549417760863114502e-02
9.554012121178166728e-02
9.557921925219117765e-02
9.561952047190831749e-02
9.565495661384317005e-02
9.569249698159114359e-02
9.572624682746373737e-02
9.576209604368809969e-02
9.579312505248684106e-02
9.582297773239357996e-02
9.585162373037139916e-02
9.588021503969583470e-02
9.590290897139394644e-02
9.592640871289916105e-02
9.594840524587461283e-02
9.596845863036289337e-02
9.598272663294395157e-02
9.599871281413188684e-02
9.601585501408066436e-02
9.603128331547168550e-02
9.604556967938548961e-02
9.606057077892891927e-02
9.607062004048386172e-02
9.607758125927313986e-02
9.608692236183832835e-02
9.609627440625734263e-02
9.610560681509230929e-02
9.611247135762007732e-02
9.612090168653289468e-02
9.612678383644848723e-02
9.613099859927608237e-02
9.613449361630259371e-02
9.613826066042140128e-02
9.614119776936640160e-02
9.614440657281045355e-02
9.614661377615472959e-02
9.614916811040591371e-02
9.615045173823863478e-02
9.614848373445536445e-02
9.614690409675363814e-02
9.614595928620356391e-02
9.614360163518925750e-02
9.613738161668124171e-02
9.613141162756587421e-02
9.612705879222155358e-02
9.612117445599933918e-02
9.611531262191538860e-02
9.610867062159858532e-02
9.610115090771129132e-02
9.609305850835157814e-02
9.608412501514124182e-02
9.607567369562990123e-02
9.606546932440433728e-02
9.605497274032590016e-02
9.604457559949131085e-02
9.603265524688781030e-02
9.602050960635556687e-02
9.600786571981016759e-02
9.599545968374093019e-02
9.598248082607455101e-02
9.596854148687666841e-02
9.595425785472380675e-02
9.593913992678981817e-02
9.592419954931226400e-02
9.590937987699738043e-02
9.589293677909335734e-02
9.587575253743306491e-02
9.585859668352837704e-02
9.584051830072437550e-02
9.582153631177972586e-02
9.580324188621952564e-02
9.578477960897573140e-02
9.576540260433652474e-02
9.574628611438845693e-02
9.572693793447102639e-02
9.570733598328448610e-02
9.568760516004599925e-02
9.566751230944305073e-02
9.564722031199650309e-02
9.562703689873625068e-02
9.560686113425108379e-02
9.558596961969571815e-02
9.556492962740988084e-02
9.554384424852271906e-02
9.552295258441333148e-02
9.550187798615034085e-02
9.548080304900441462e-02
9.545947839953577985e-02
9.543695140209372541e-02
9.541438294720111513e-02
9.539252424426881982e-02
9.537014368346800886e-02
9.534757363021537091e-02
9.532496088456481054e-02
9.530231907968808591e-02
9.527930551516396174e-02
9.525604618426913861e-02
9.523257107312518843e-02
9.520922024525683980e-02
9.518644044253499192e-02
9.516321100721791826e-02
9.513927197180221951e-02
9.511500252731903970e-02
9.508999214315652648e-02
9.506531908734869307e-02
9.503992538051014849e-02
9.501502126917157898e-02
9.498889992812083183e-02
9.496334205807711870e-02
9.493721607904070936e-02
9.491100752317739586e-02
9.488472337537780243e-02
9.485816103012670308e-02
9.483124186547980949e-02
9.480387207456818233e-02
9.477630717267498950e-02
9.474910553628712595e-02
9.472165418118333458e-02
9.469455495662794375e-02
9.466695148106224478e-02
9.463915470716127709e-02
9.461142350146235780e-02
9.458317851171649249e-02
9.455543226636654863e-02
9.452704705036026056e-02
9.449861373589374391e-02
9.447081204132881660e-02
9.444276505428718382e-02
9.441418443242950709e-02
9.438572909782429188e-02
9.435650568302088315e-02
9.432723628163308671e-02
9.429811090029335818e-02
9.426916963100528957e-02
9.423995997466043384e-02
9.421039841593768782e-02
9.418100164473532099e-02
9.415184158503256406e-02
9.412263570562651172e-02
9.409330158555370693e-02
9.406385441091140442e-02
9.403384112129387074e-02
9.400393242464036292e-02
9.397426537521547107e-02
9.394489202408236317e-02
9.391495169869008841e-02
9.388482584578193568e-02
9.385529617517276990e-02
9.382555892495272887e-02
9.379564812162795306e-02
9.376520305948422840e-02
9.373523287270443816e-02
9.370541567807234851e-02
9.367485049760421179e-02
9.364420790297778296e-02
9.361413448934738368e-02
9.358348348107593806e-02
9.355222354129998086e-02
9.352131516186190652e-02
9.349070790894903338e-02
9.345960352774694557e-02
9.342855843809844130e-02
9.339723773692538977e-02
9.336639107011146521e-02
9.333513739286454503e-02
9.330386869491345825e-02
9.327208839334964752e-02
9.324112668782272295e-02
9.320973394058576500e-02
9.317842699659119321e-02
9.314710675917528548e-02
9.311526554557883473e-02
9.308359628057150115e-02
9.305234880160181965e-02
9.302102734963027530e-02
9.298946296737194139e-02
9.295863628773429199e-02
9.292675071316340574e-02
9.289558486002429116e-02
9.286448009836212325e-02
9.283326611756990976e-02
9.280203787853454067e-02
9.277010515713943195e-02
9.273843033955005144e-02
9.270678335854812269e-02
9.267486650961602457e-02
9.264321507309630777e-02
9.261190751090253581e-02
9.258001896508236128e-02
9.254880355145775339e-02
9.251678989452941093e-02
9.248475733011840560e-02
9.245269692104568504e-02
9.242076423949216468e-02
9.238907319756327341e-02
9.235669229467070862e-02
9.232506838304337105e-02
9.229267835588376989e-02
9.226050033515983961e-02
9.222819774741454479e-02
9.219601094871011926e-02
9.216372699561403703e-02
9.213192895934332882e-02
9.209981317450199878e-02
9.206741604453438921e-02
9.203542680220511141e-02
9.200298907256772296e-02
9.197093400132622110e-02
9.193864119995673323e-02
9.190679183551025977e-02
9.187489674207827139e-02
9.184308454160594604e-02
9.181102253696861448e-02
9.177891808366150928e-02
9.174799532462336871e-02
9.171632222644424126e-02
9.168451329991071652e-02
9.165290363246433869e-02
9.162106946334962199e-02
9.158943961352722374e-02
9.155770814903632648e-02
9.152615073759458320e-02
9.149473147849336574e-02
9.146361938453552443e-02
9.143280163780376224e-02
9.140158693001358692e-02
9.137068704230091876e-02
9.133908690998306101e-02
9.130814744684938311e-02
9.127695640879154859e-02
9.124578604928380854e-02
9.121442165673068758e-02
9.118280382342447421e-02
9.115137967027864274e-02
9.111987073837532480e-02
9.108869309159556282e-02
9.105706814724459641e-02
9.102613681723313588e-02
9.099536808960390077e-02
9.096423160958899690e-02
9.093294185868111557e-02
9.090241617091111836e-02
9.087153560490981996e-02
9.084046750989624441e-02
9.080968379547503522e-02
9.077861059924802190e-02
9.074759927168410401e-02
9.071651790758857026e-02
9.068531849452116100e-02
9.065398068418438482e-02
9.062255987179970718e-02
9.059154620947194869e-02
9.056000576317108086e-02
9.052934976085900975e-02
9.049817971514866055e-02
9.046688324122736935e-02
9.043582814289946592e-02
9.040474703931676570e-02
9.037414442155791705e-02
9.034276983711388154e-02
9.031126918323685582e-02
9.028060013009880924e-02
9.025043871552945740e-02
9.021953261582170425e-02
9.018886526907342327e-02
9.015783549751779646e-02
9.012670558273519483e-02
9.009621835938778911e-02
9.006524797116542691e-02
9.003452608463692608e-02
9.000335316813021236e-02
8.997243236268964717e-02
8.994147775802677214e-02
8.991053435428611462e-02
8.987988666341971411e-02
8.984934780834027968e-02
8.981848251470117561e-02
8.978756468329310292e-02
8.975683921813645827e-02
8.972590640199946954e-02
8.969485429710635782e-02
8.966414753397393411e-02
8.963388766839650024e-02
8.960272038950536921e-02
8.957202522824454782e-02
8.954212748632668639e-02
8.951124121890392804e-02
8.948023076526366582e-02
8.945010864338751033e-02
8.942033892245028481e-02
8.939001292697412726e-02
8.935951123217368564e-02
8.932874470719903703e-02
8.929895843009276468e-02
8.926857251538608540e-02
8.923860482384089743e-02
8.920873875034192324e-02
8.917848091728779181e-02
8.914879716311269187e-02
8.911898368493362255e-02
8.908930669731579544e-02
8.905859573681340624e-02
8.902833334873093418e-02
8.899770199597742404e-02
8.896772129984327482e-02
8.893702207331272147e-02
8.890685269071531283e-02
8.887706937785855299e-02
8.884611778846820962e-02
8.881548401207529919e-02
8.878485882363303106e-02
8.875485015628745145e-02
8.872431358149750202e-02
8.869406476993610400e-02
8.866375946658798524e-02
8.863390997289213868e-02
8.860412150163970990e-02
8.857439297775071552e-02
8.854422775648947141e-02
8.851430129471289654e-02
8.848436318725787231e-02
8.845460774118577008e-02
8.842481256148111701e-02
8.839492893516377736e-02
8.836465868509074673e-02
8.833472776453177300e-02
8.830602610050246326e-02
8.827690035359328502e-02
8.824707928216479758e-02
8.821676157724335499e-02
8.818709944357611130e-02
8.815737024291349366e-02
8.812732258913530403e-02
8.809754548373946448e-02
8.806786211486239413e-02
8.803832889037956078e-02
8.800874243079752357e-02
8.797958938125537143e-02
8.795027486755931101e-02
8.792137087570200960e-02
8.789179531145677182e-02
8.786282260405187117e-02
8.783329707871956327e-02
8.780384088926980468e-02
8.777444684049851009e-02
8.774488817315327649e-02
8.771517746102124036e-02
8.768556545415454040e-02
8.765712529833984135e-02
8.762785709788063759e-02
8.759894345384072745e-02
8.757008743150500318e-02
8.754189599692048518e-02
8.751310751508442620e-02
8.748380779757475301e-02
8.745515030207866303e-02
8.742563852767799848e-02
8.739673129034498944e-02
8.736753158173589384e-02
8.733877131484175937e-02
8.731030691410789080e-02
8.728157546569978442e-02
8.725271835642493812e-02
8.722385521938326447e-02
8.719488393718968777e-02
8.716588714317100028e-02
8.713698147984864917e-02
8.710791370174073012e-02
8.707967073848976725e-02
8.705092045700794923e-02
8.702200228159258366e-02
8.699311504516496485e-02
8.696476033698460895e-02
8.693586445953664643e-02
8.690697674391031913e-02
8.687809322693768044e-02
8.684953988101908051e-02
8.682091389992888097e-02
8.679273000275272709e-02
8.676476097127722165e-02
8.673644631256259563e-02
8.670855647922585951e-02
8.668028377951467189e-02
8.665169618362797421e-02
8.662375589573337309e-02
8.659535513254164318e-02
8.656715477172644002e-02
8.653841130132869375e-02
8.651008384787806094e-02
8.648214099308670910e-02
8.645433125142303055e-02
8.642580228748060478e-02
8.639746614883891951e-02
8.636893837444564737e-02
8.634065855282757607e-02
8.631275268483738772e-02
8.628494225599139811e-02
8.625764390305885876e-02
8.622959195072286975e-02
8.620163604174629901e-02
8.617375568014958021e-02
8.614614982562204815e-02
8.611824848037354097e-02
8.609007750281072457e-02
8.606241385228560747e-02
8.603462953484976306e-02
8.600704470174883043e-02
8.597986949720332062e-02
8.595195817016293427e-02
8.592406447307433803e-02
8.589611777875436061e-02
8.586804227099462117e-02
8.584042277269583743e-02
8.581247556652826791e-02
8.578486032052597132e-02
8.575710759135736494e-02
8.572898654832120102e-02
8.570069660098976472e-02
8.567347314141095238e-02
8.564554293228032744e-02
8.561799464211490573e-02
8.559028349089775611e-02
8.556281906164787954e-02
8.553568242211653794e-02
8.550823893428290134e-02
8.548047500450196845e-02
8.545321909730463350e-02
8.542555816141106373e-02
8.539926122474562897e-02
8.537242724874799515e-02
8.534456259986060445e-02
8.531740942026921903e-02
8.528957290340795361e-02
8.526291397061769306e-02
8.523575916208793457e-02
8.520849134139714398e-02
8.518099275405724424e-02
8.515423205195787881e-02
8.512662948341925828e-02
8.509918511355062110e-02
8.507182230370560760e-02
8.504453577106958762e-02
8.501650967325818931e-02
8.498928954388733359e-02
8.496230451858222121e-02
8.493455606754742038e-02
8.490739332659830163e-02
8.487987969728899573e-02
8.485234284990307574e-02
8.482525960359083017e-02
8.479775464516657590e-02
8.477143364267851477e-02
8.474469444228277526e-02
8.471796097098086009e-02
8.469082514713592580e-02
8.466374029810015689e-02
8.463654197873440865e-02
8.460982865321504953e-02
8.458226241258846867e-02
8.455514538097069765e-02
8.452900169344905457e-02
8.450231539843454376e-02
8.447534925764811631e-02
8.444824316455074031e-02
8.442120083092245764e-02
8.439383385284469907e-02
8.436673020353538388e-02
8.434031387855910056e-02
8.431335866479085228e-02
8.428616837247859817e-02
8.425984477968544162e-02
8.423316327137195247e-02
8.420738285518789001e-02
8.418061093266057671e-02
8.415382378943578323e-02
8.412700938837719411e-02
8.410010802795873930e-02
8.407311281986411255e-02
8.404592688326527339e-02
8.401939270677939720e-02
8.399243809479368938e-02
8.396612462151038792e-02
8.393932557815896034e-02
8.391275761827098056e-02
8.388581619967892811e-02
8.385930499522935289e-02
8.383229468237030080e-02
8.380561381732930248e-02
8.377904797684442018e-02
8.375201752205238548e-02
8.372554099782519854e-02
8.369897393473772762e-02
8.367303127059542989e-02
8.364647884409827372e-02
8.361991931012836832e-02
8.359377009245104462e-02
8.356755801227633285e-02
8.354098646867498534e-02
8.351496625273133190e-02
8.348877244317387536e-02
8.346262837879947494e-02
8.343591643352736564e-02
8.341019764346241372e-02
8.338399698763819534e-02
8.335786867866135097e-02
8.333112456543054214e-02
8.330478714563767373e-02
8.327867638665457928e-02
8.325217277631140333e-02
8.322567716328993503e-02
8.319961002891261559e-02
8.317342205985353565e-02
8.314751657052710243e-02
8.312089548610186729e-02
8.309452229361821707e-02
8.306822879111135094e-02
8.304230446880779548e-02
8.301637192557809186e-02
8.299146469444601548e-02
8.296556882491062934e-02
8.293948204382388389e-02
8.291379482139714374e-02
8.288782061380919886e-02
8.286209783675896334e-02
8.283622728978816407e-02
8.281062217253611080e-02
8.278531147022301362e-02
8.275991494675651039e-02
8.273414590268118873e-02
8.270819617521871225e-02
8.268245634461708626e-02
8.265654022107213339e-02
8.263099665567398555e-02
8.260545945382780086e-02
8.257974655199280811e-02
8.255392155257990083e-02
8.252816634266946227e-02
8.250215680360215020e-02
8.247649713753926748e-02
8.245123242177282430e-02
8.242591643675027668e-02
8.240106722085133173e-02
8.237609646352396509e-02
8.235052840024759124e-02
8.232515092152750680e-02
8.230058392843594972e-02
8.227561322843332525e-02
8.224989087568676527e-02
8.222455980348020166e-02
8.219858934576977638e-02
8.217316661559197211e-02
8.214799511541821808e-02
8.212223169170616843e-02
8.209665253893685954e-02
8.207116631047803312e-02
8.204555788113968018e-02
8.202000185103677787e-02
8.199497861022234102e-02
8.196926252951562686e-02
8.194419464475916071e-02
8.191903071006613468e-02
8.189323031495863991e-02
8.186867649655983625e-02
8.184308221476925549e-02
8.181891102919115755e-02
8.179444538465631409e-02
8.176953122342359159e-02
8.174484513543435471e-02
8.172027623272558328e-02
8.169536791118123253e-02
8.167013037919082508e-02
8.164507284159486233e-02
8.161942322254037152e-02
8.159446992191990433e-02
8.156992082910408115e-02
8.154517656353452160e-02
8.152045837559730723e-02
8.149534065868836719e-02
8.147043719788016336e-02
8.144576036918226014e-02
8.142102068844658813e-02
8.139632157319724726e-02
8.137136583299628412e-02
8.134648898042717846e-02
8.132152244094630056e-02
8.129666430302114055e-02
8.127215278575584956e-02
8.124776140649660194e-02
8.122375175308910178e-02
8.119922171972047964e-02
8.117480483124650537e-02
8.115069706294858465e-02
8.112668919680986190e-02
8.110235789273417817e-02
8.107873604984983107e-02
8.105492859100561776e-02
8.103077557121535213e-02
8.100644083778166249e-02
8.098287705371497169e-02
8.095831774443673634e-02
8.093352116422733444e-02
8.090927885607075709e-02
8.088518154827832596e-02
8.086059156638490675e-02
8.083629708317144336e-02
8.081202269682609407e-02
8.078784305891044404e-02
8.076403046904205574e-02
8.074008845467185724e-02
8.071602077337830528e-02
8.069144374031024525e-02
8.066750411024388445e-02
8.064407103429281631e-02
8.061987173312877564e-02
8.059539991970815498e-02
8.057113755241238073e-02
8.054722656103065204e-02
8.052270785579521140e-02
8.049830258166110197e-02
8.047416877195696927e-02
8.045032427261793184e-02
8.042654989893380235e-02
8.040255269324907139e-02
8.037852042797419272e-02
8.035472084907965828e-02
8.033099826625406115e-02
8.030744036288370302e-02
8.028369140743892018e-02
8.026000407137096060e-02
8.023630606704833246e-02
8.021238554939212617e-02
8.018930004418053925e-02
8.016534875541343752e-02
8.014228785161932322e-02
8.011927654670637777e-02
8.009528750116158557e-02
8.007174631011179655e-02
8.004866070927807442e-02
8.002470721112117658e-02
8.000098501818801722e-02
7.997793550625015291e-02
7.995483600820384174e-02
7.993133634381684172e-02
7.990821697495120723e-02
7.988476219075663076e-02
7.986132174971098674e-02
7.983792491161245675e-02
7.981476605602634555e-02
7.979160645870810031e-02
7.976858868498211408e-02
7.974600418320253181e-02
7.972279887767090567e-02
7.969932202285846812e-02
7.967570274103023820e-02
7.965286198833387843e-02
7.963053138771412909e-02
7.960760047472356660e-02
7.958441828456430667e-02
7.956100553501528616e-02
7.953825453672748458e-02
7.951516830327380603e-02
7.949204589062584814e-02
7.946854490644003621e-02
7.944586972299301497e-02
7.942279270389612789e-02
7.939950848700751129e-02
7.937622319615439404e-02
7.935315763996536598e-02
7.933043097755400341e-02
7.930746759799577050e-02
7.928462524845694692e-02
7.926161842343006081e-02
7.923842471512403118e-02
7.921530892686452774e-02
7.919263136214928223e-02
7.916975478276819245e-02
7.914763395650420419e-02
7.912462471237741157e-02
7.910209109112659176e-02
7.907940186277767625e-02
7.905698410248658548e-02
7.903469971914288406e-02
7.901226632113134141e-02
7.898955102276031259e-02
7.896730767409175511e-02
7.894489076146184170e-02
7.892204181988626832e-02
7.889961521826781288e-02
7.887735148518222605e-02
7.885501626641124029e-02
7.883217236694095575e-02
7.881018023646019222e-02
7.878749422087757970e-02
7.876479308690140235e-02
7.874213953391202836e-02
7.871991909682350685e-02
7.869790373678678397e-02
7.867579648816240556e-02
7.865334322764712394e-02
7.863076148562843370e-02
7.860910936313779407e-02
7.858629511368758758e-02
7.856409585555346187e-02
7.854206043199257747e-02
7.852019144538319173e-02
7.849763972825950231e-02
7.847553947276274255e-02
7.845332886948498674e-02
7.843087466668527408e-02
7.840882850983926788e-02
7.838691140840921279e-02
7.836480552081540041e-02
7.834262456710161526e-02
7.832046476475228169e-02
7.829852102258366697e-02
7.827651720747721975e-02
7.825416358354568558e-02
7.823223988433139486e-02
7.821098582256798271e-02
7.818883852044362925e-02
7.816675692448554758e-02
7.814464422854117132e-02
7.812296005833101187e-02
7.810098683030515521e-02
7.807943942657066816e-02
7.805747489303611897e-02
7.803569613515236314e-02
7.801353064157025285e-02
7.799175772915799276e-02
7.796966504321928282e-02
7.794810354741513181e-02
7.792628175808703761e-02
7.790493495110512034e-02
7.788281359112146640e-02
7.786128354103385996e-02
7.783966448019025153e-02
7.781806735612127601e-02
7.779641499816554451e-02
7.777499327372326687e-02
7.775360749855858566e-02
7.773238810524810138e-02
7.771151314697441470e-02
7.769059040613608691e-02
7.766894110721922484e-02
7.764760757544876546e-02
7.762651853861723961e-02
7.760483196495659985e-02
7.758344957310911449e-02
7.756236130754429192e-02
7.754119456044521186e-02
7.751996585806698870e-02
7.749851258867390680e-02
7.747684629449319571e-02
7.745549857692567153e-02
7.743428505436393550e-02
7.741347524988700934e-02
7.739227328600981060e-02
7.737147762771155735e-02
7.734975006464413216e-02
7.732887430698001663e-02
7.730758366675073712e-02
7.728596606375984224e-02
7.726476793351666483e-02
7.724321744043211035e-02
7.722217877597264968e-02
7.720172177225333165e-02
7.718038831406531797e-02
7.715911010919029867e-02
7.713782496587544280e-02
7.711637295064732722e-02
7.709545378014630301e-02
7.707394719968817254e-02
7.705273175550683695e-02
7.703129806596258067e-02
7.700990755078182537e-02
7.698842655458770778e-02
7.696758537551125212e-02
7.694652087064995927e-02
7.692563401177907045e-02
7.690417313755465445e-02
7.688321007064476131e-02
7.686225456722783900e-02
7.684134796867315986e-02
7.682031601191074976e-02
7.679956718742973754e-02
7.677876293098778726e-02
7.675809645529527159e-02
7.673727639913671683e-02
7.671678297994696805e-02
7.669633658468585913e-02
7.667557750902735669e-02
7.665486803138817085e-02
7.663389491202980686e-02
7.661338279643194193e-02
7.659250701174989684e-02
7.657139527332813833e-02
7.655064284855722656e-02
7.652972658896761704e-02
7.650881703680045831e-02
7.648806202016364408e-02
7.646742470178896633e-02
7.644654734191473622e-02
7.642610134362849694e-02
7.640570318627216972e-02
7.638524237637187020e-02
7.636430819057844765e-02
7.634370017604483194e-02
7.632326505581399356e-02
7.630278923639104149e-02
7.628263790258815735e-02
7.626283047714918495e-02
7.624260135460764198e-02
7.622269214881108312e-02
7.620215448216467735e-02
7.618188359665349629e-02
7.616187970919929828e-02
7.614158341268409402e-02
7.612113675907528076e-02
7.610076489259198773e-02
7.608063368481472744e-02
7.606047032670164298e-02
7.604046637722433610e-02
7.602017525056098401e-02
7.599957913225323380e-02
7.597972666451113799e-02
7.595986886412350869e-02
