0.000000000000000000e+00
2.825000000000132960e-02
5.130502136751957654e-02
6.807578672638425754e-02
8.139644941033874481e-02
9.193367481942571473e-02
1.002747974616288174e-01
1.073715800757374383e-01
1.141719948542839758e-01
1.200193399522077042e-01
1.252595002315459727e-01
1.300462370847735860e-01
1.344934901803065408e-01
1.386690525921426831e-01
1.425974519108824667e-01
1.463940018531586507e-01
1.499968436994840726e-01
1.533910501683318772e-01
1.565571323100699574e-01
1.595547401149302047e-01
1.624824262773664207e-01
1.653539932455485584e-01
1.680457123338051639e-01
1.705728663259219458e-01
1.730572292622271080e-01
1.755236938694040294e-01
1.779830269169317969e-01
1.804376102919843516e-01
1.827917732488251179e-01
1.850742126771152130e-01
1.873119653137689244e-01
1.894598626255192819e-01
1.915250108504459314e-01
1.935148051402419966e-01
1.954918099067981530e-01
1.974588812125798176e-01
1.994167149054629773e-01
2.012677000106858349e-01
2.031028791449673854e-01
2.048815975222708641e-01
2.066122590204985121e-01
2.083440734215323831e-01
2.100758975927674577e-01
2.117853938455773743e-01
2.134503035069000854e-01
2.151105713777329287e-01
2.167158943218469025e-01
2.183030938201452331e-01
2.198037987697294415e-01
2.213209662866049143e-01
2.228130049217169617e-01
2.242625934488111650e-01
2.256774599810837945e-01
2.270752724724577343e-01
2.284285480455099382e-01
2.297838295505989503e-01
2.311184068228286925e-01
2.324441380257552536e-01
2.337757807730754811e-01
2.350785371077267483e-01
2.363514541076611186e-01
2.376132377528159534e-01
2.388396573343726237e-01
2.400456026833863721e-01
2.412305394386480284e-01
1.644507453930959262e-01
1.605951132664166503e-01
1.569088456680211574e-01
1.534842161594077437e-01
1.501974905012663231e-01
1.471194716269165759e-01
1.440799933013440781e-01
1.412330909721117023e-01
1.385059556683443105e-01
1.358678744927155069e-01
1.333682792457683286e-01
1.309486670413699261e-01
1.285956864906410146e-01
1.263571152411717136e-01
1.242137904007442756e-01
1.221408332920252415e-01
1.201602932192853690e-01
1.182246524086842387e-01
1.163574226676632323e-01
1.145344912370651752e-01
1.127726541830876700e-01
1.110790188100336945e-01
1.094187557626205010e-01
1.078203715424947973e-01
1.062588402895205952e-01
1.047496622819208273e-01
1.032860885642095106e-01
1.018784333185683427e-01
1.004970752808706513e-01
9.915967225665428542e-02
9.786877353059995899e-02
9.660455054315632284e-02
9.537741969010424259e-02
9.418158562264822287e-02
9.302367312549673917e-02
9.189153057803584046e-02
9.078456683580068964e-02
8.971011495060925156e-02
8.865767984782003952e-02
8.764123479591298671e-02
8.663931377243226650e-02
8.567346156981887895e-02
8.472171250001311882e-02
8.379752944109916668e-02
8.289491527546338778e-02
8.200739228060824337e-02
8.114192627991463624e-02
8.029163698072137867e-02
7.946669022915986424e-02
7.865997933068569203e-02
7.787261249669856500e-02
7.709924366970968834e-02
7.634128110714370752e-02
7.559895199152577572e-02
7.487511133857345513e-02
7.416229034732721437e-02
7.346451232719077018e-02
7.278145025939791735e-02
7.210983679279890646e-02
7.145275937406771194e-02
7.080729533629108452e-02
7.017484517731378824e-02
6.955354421591393443e-02
6.894519361814931135e-02
6.835026974896933616e-02
6.776299553017563204e-02
6.718593407341368062e-02
6.662344495302463532e-02
6.606878592181328336e-02
6.552563807483680058e-02
6.498896168413631491e-02
6.446291044466405384e-02
6.394666530884068889e-02
6.343680810696993022e-02
6.293712840271663278e-02
6.244778771070433332e-02
6.196528176581168890e-02
6.149018124501771931e-02
6.102173095896692989e-02
6.056164340775957444e-02
6.010871045730008244e-02
5.966499969455195396e-02
5.922719041161381148e-02
5.879645456759641231e-02
5.836978666497769086e-02
5.794974628195689870e-02
5.753878978308819836e-02
5.713296939861409185e-02
5.673390100192046703e-02
5.633971526421641118e-02
5.595204921743138216e-02
5.556939070958875904e-02
5.519313336926218172e-02
5.482106229017737198e-02
5.445389488128965505e-02
5.409298063651267474e-02
5.373601280343301423e-02
5.338518755497681512e-02
5.303781702211204929e-02
5.269560847643856016e-02
5.235838350395474738e-02
5.202557253178788366e-02
5.169702027491283880e-02
5.137219535095063905e-02
5.105222435512303536e-02
5.073700468470182523e-02
5.042574060136026382e-02
5.011803589827379390e-02
4.981351786750629063e-02
4.951338133528043750e-02
4.921715290355201111e-02
4.892434770537691657e-02
4.863606655755520203e-02
4.835082676398856638e-02
4.806985866351572156e-02
4.779148740450954447e-02
4.751672044576447929e-02
4.724477508551241933e-02
4.697655359464901481e-02
4.671154207214926746e-02
4.644962853337750164e-02
4.619055731728159697e-02
4.593515830772454400e-02
4.568226458104744647e-02
4.543251909302301050e-02
4.518573008275457437e-02
4.494234197182682411e-02
4.470115974834523720e-02
4.446242360014052153e-02
4.422651906750245387e-02
4.399313888528660899e-02
4.376217773768632802e-02
4.353426351382641557e-02
4.330918137657717437e-02
4.308600084117392148e-02
4.286511411389848369e-02
4.264643548658295091e-02
4.243035979494599874e-02
4.221613450382857846e-02
4.200446652710665418e-02
4.179505247710367521e-02
4.158777749455673522e-02
4.138263771052989870e-02
4.117951966489548365e-02
4.097835409179970134e-02
4.077924349744287136e-02
4.058204032924436766e-02
4.038686357171186736e-02
4.019397743586175520e-02
4.000296700677766215e-02
3.981357500873189403e-02
3.962616062987373011e-02
3.944080012745505848e-02
3.925722928182466542e-02
3.907520205079392794e-02
3.889506887545991776e-02
3.871656579650778474e-02
3.853977246813036772e-02
3.836472018654496496e-02
3.819134855085574987e-02
3.801958645575295725e-02
3.784929196957055597e-02
3.768074063207309254e-02
3.751366831951230552e-02
3.734809840105851597e-02
3.718415063258348474e-02
3.702164517699325919e-02
3.686065430178740721e-02
3.670106349755494768e-02
3.654290940490387274e-02
3.638622424031506819e-02
3.623092405626426871e-02
3.607700203750507928e-02
3.592440357842403842e-02
3.577306870251356630e-02
3.562322047000948677e-02
3.547463688460884834e-02
3.532736329465512026e-02
3.518142497049869810e-02
3.503682432385915591e-02
3.489332845680331863e-02
3.475101000303849885e-02
3.460997726904402327e-02
3.447009307028822689e-02
3.433133155866195663e-02
3.419376372299542943e-02
3.405727647990754170e-02
3.392194120828391501e-02
3.378770184923764186e-02
3.365453406395377267e-02
3.352238726660665413e-02
3.339142241866129013e-02
3.326147567483604683e-02
3.313255594013650440e-02
3.300462265077618029e-02
3.287771987408150132e-02
3.275177631983933191e-02
3.262678565277288278e-02
3.250291193012554147e-02
3.238000389114314981e-02
3.225794152818985128e-02
3.213688166302046401e-02
3.201677419270590463e-02
3.189758282778597243e-02
3.177926964200186721e-02
3.166189825206618125e-02
3.154543446642413262e-02
3.142987011627967897e-02
3.131514553849930327e-02
3.120119291390827110e-02
3.108810557163887989e-02
3.097592477483890328e-02
3.086459545425444817e-02
3.075414167038253987e-02
3.064444267365476482e-02
3.053559336755531928e-02
3.042748346261253678e-02
3.032027867352506123e-02
3.021376815584163322e-02
3.010809616330220595e-02
3.000317550664223509e-02
2.989896505673735050e-02
2.979554391399275026e-02
2.969288000295908225e-02
2.959097926287061753e-02
2.948981575791384535e-02
2.938932508471472915e-02
2.928954210742459874e-02
2.919040375767424644e-02
2.909202874854660559e-02
2.899434562282088290e-02
2.889730804421163091e-02
2.880098653346746529e-02
2.870523451568159079e-02
2.861023821591217320e-02
2.851587500557603572e-02
2.842205212779266854e-02
2.832889531490410950e-02
2.823640551352231409e-02
2.814447446545224885e-02
2.805327545966727898e-02
2.796269346149113377e-02
2.787268593091382640e-02
2.778324469848694744e-02
2.769442848445706484e-02
2.760621609979181657e-02
2.751857402320308232e-02
2.743145379592876187e-02
2.734490208623893692e-02
2.725892045046970913e-02
2.717348812790366941e-02
2.708866551997368699e-02
2.700437294455548809e-02
2.692059202551227992e-02
2.683731537313639726e-02
2.675462440121174901e-02
2.667246017429440730e-02
2.659074519568432882e-02
2.650956756939767955e-02
2.642891045325058974e-02
2.634880363216270116e-02
2.626912826747268559e-02
2.618993929095396467e-02
2.611129991408481232e-02
2.603315614061624261e-02
2.595539290732842841e-02
2.587818594042458342e-02
2.580151590218142388e-02
2.572528321807990292e-02
2.564946169687976063e-02
2.557417419925238355e-02
2.549930240372808021e-02
2.542491146590029893e-02
2.535093261080556548e-02
2.527741346316118853e-02
2.520433031884079800e-02
2.513173921774171371e-02
2.505948973839977612e-02
2.498772078148164821e-02
2.491635268484869437e-02
2.484539337173280460e-02
2.477490065749976544e-02
2.470480974182659439e-02
2.463509355068346784e-02
2.456579020078628051e-02
2.449688815591972990e-02
2.442833174691921849e-02
2.436024399776427762e-02
2.429247754038595108e-02
2.422510184205226014e-02
2.415812659820533448e-02
2.409153290584302443e-02
2.402537574505569928e-02
2.395957012577924761e-02
2.389409922117144425e-02
2.382903831998349486e-02
2.376431618008978397e-02
2.369990197024926526e-02
2.363592241080400558e-02
2.357224075371502914e-02
2.350896950169173438e-02
2.344604470828598464e-02
2.338347265727441782e-02
2.332122120342461358e-02
2.325926747371549752e-02
2.319775765237998277e-02
2.313650772937188294e-02
2.307565538268098460e-02
2.301511606035699931e-02
2.295490066744078350e-02
2.289499811686256103e-02
2.283542245395309145e-02
2.277610714684000226e-02
2.271715738330210010e-02
2.265855435441699317e-02
2.260020642530197188e-02
2.254222673028409563e-02
2.248451516457444788e-02
2.242714035151427421e-02
2.237002631952256237e-02
2.231319808490664358e-02
2.225668337617969783e-02
2.220048242917456449e-02
2.214456703406572635e-02
2.208885587133709028e-02
2.203348364889004540e-02
2.197840472031516168e-02
2.192360110628766012e-02
2.186910005399327062e-02
2.181487669225551373e-02
2.176093708520479564e-02
2.170725326837728841e-02
2.165383818351933332e-02
2.160065060929482195e-02
2.154773330797710162e-02
2.149510408515796500e-02
2.144271995821325771e-02
2.139065825947038257e-02
2.133879305081233524e-02
2.128721985629805635e-02
2.123589575082578118e-02
2.118482865495230349e-02
2.113403995899490462e-02
2.108349559605732226e-02
2.103320273506761873e-02
2.098313656755726453e-02
2.093335192242168352e-02
2.088375447896782811e-02
2.083439723685875933e-02
2.078531356304827438e-02
2.073646222522973481e-02
2.068781609213445061e-02
2.063940259680130396e-02
2.059122980952665660e-02
2.054326976155233797e-02
2.049557802978435594e-02
2.044809082067974848e-02
2.040086037487186255e-02
2.035384305242857184e-02
2.030706760985596937e-02
2.026052829160016056e-02
2.021415554845083784e-02
2.016805534400642475e-02
2.012208904687280697e-02
2.007638834064494338e-02
2.003092577491441539e-02
1.998565440250124614e-02
1.994057697621466618e-02
1.989569773601226887e-02
1.985107442492121954e-02
1.980666225534506719e-02
1.976240235418461055e-02
1.971832088236696867e-02
1.967448154700525420e-02
1.963083429002605851e-02
1.958740594306956906e-02
1.954418907039945363e-02
1.950111923129448088e-02
1.945828612334733754e-02
1.941562689058161373e-02
1.937318452560124471e-02
1.933092454635074176e-02
1.928886434137613848e-02
1.924698474275995941e-02
1.920527311210130927e-02
1.916374273673468465e-02
1.912241651126952990e-02
1.908127066247089498e-02
1.904031328548433377e-02
1.899953915372677715e-02
1.895895558517762813e-02
1.891851927821595891e-02
1.887823124213214299e-02
1.883818444857543462e-02
1.879828778439947279e-02
1.875852013428354337e-02
1.871897989028657727e-02
1.867962358096154907e-02
1.864037700314516433e-02
1.860129554501090132e-02
1.856240018367655287e-02
1.852368833806787574e-02
1.848516576142772427e-02
1.844674665384969658e-02
1.840852500477815901e-02
1.837045431728391576e-02
1.833252226555361075e-02
1.829478943930180901e-02
1.825716216110262469e-02
1.821971131431393554e-02
1.818241329702216524e-02
1.814533982848673399e-02
1.810838885467620785e-02
1.807161102096480065e-02
1.803495149358573524e-02
1.799849372336989606e-02
1.796215716405565044e-02
1.792595994674059390e-02
1.788997293060570759e-02
1.785412057645958950e-02
1.781841278797156869e-02
1.778281256168592894e-02
1.774740048354662980e-02
1.771211308174644450e-02
1.767697865364027676e-02
1.764196969723455521e-02
1.760707707312816894e-02
1.757234275769137266e-02
1.753777761696599657e-02
1.750332397592939404e-02
1.746901878528255014e-02
1.743485704592875885e-02
1.740082031744989710e-02
1.736693014220989928e-02
1.733320046933520264e-02
1.729959305191744456e-02
1.726605624496969915e-02
1.723266398567860347e-02
1.719945448746054706e-02
1.716640026035458344e-02
1.713344946916495193e-02
1.710062208392888750e-02
1.706794554261897856e-02
1.703539081610222494e-02
1.700295474882468350e-02
1.697063770319727494e-02
1.693845551315249776e-02
1.690637254364919795e-02
1.687442397866707744e-02
1.684258233701133034e-02
1.681088934660934786e-02
1.677929627167426552e-02
1.674783885647890269e-02
1.671651258684565822e-02
1.668531187797137050e-02
1.665423671784692361e-02
1.662328478656745212e-02
1.659245437593429018e-02
1.656167957445998928e-02
1.653106308682698866e-02
1.650054577421694590e-02
1.647014193509492574e-02
1.643980360662054829e-02
1.640962035317183876e-02
1.637958615200410528e-02
1.634963624690623230e-02
1.631984019429665034e-02
1.629013132574479161e-02
1.626055699045307612e-02
1.623106141439002725e-02
1.620166190793452532e-02
1.617238379395738446e-02
1.614322712600614607e-02
1.611417718565665014e-02
1.608524218944851203e-02
1.605641483315886631e-02
1.602769727575305281e-02
1.599909199739782406e-02
1.597054893206684145e-02
1.594213909866758205e-02
1.591384148293163714e-02
1.588564667928235585e-02
1.585752523848679707e-02
1.582953922072440067e-02
1.580166475881430999e-02
1.577388531104811920e-02
1.574619644255169371e-02
1.571860256193804983e-02
1.569108796906981684e-02
1.566367154865816458e-02
1.563635636833356213e-02
1.560912314780320276e-02
1.558200756307995261e-02
1.555500950475396937e-02
1.552807092933677913e-02
1.550125683964244383e-02
1.547452773996521591e-02
1.544792096548436300e-02
1.542138925895841783e-02
1.539492922746504844e-02
1.536856538665699878e-02
1.534233428859894943e-02
1.531618163812492606e-02
1.529013188839739579e-02
1.526416159290430730e-02
1.523826901270174117e-02
1.521245705761054001e-02
1.518669699055792688e-02
1.516108433115749554e-02
1.513555168074870450e-02
1.511010749222967131e-02
1.508472969969015809e-02
1.505946281261190400e-02
1.503429951633436512e-02
1.500920456433904593e-02
1.498419252384049216e-02
1.495926693115609551e-02
1.493438246335529462e-02
1.490963947557594205e-02
1.488498392844060658e-02
1.486040374754993287e-02
1.483592178240980552e-02
1.481150777643190641e-02
1.478718634165163137e-02
1.476293421421721874e-02
1.473876769766103989e-02
1.471470830856333456e-02
1.469073407696623590e-02
1.466678726982993675e-02
1.464295575907750835e-02
1.461919721197581234e-02
1.459552119664386804e-02
1.457190333478818045e-02
1.454834996953385806e-02
1.452489405493061214e-02
1.450153727111995472e-02
1.447823029462358413e-02
1.445501985779626408e-02
1.443182130849395006e-02
1.440872571549919878e-02
1.438576431214851070e-02
1.436283634863064207e-02
1.434002445442338070e-02
1.431723829256181801e-02
1.429453852341740216e-02
1.427191808954141050e-02
1.424938468659572854e-02
1.422690274527052545e-02
1.420452075270936532e-02
1.418219617137787825e-02
1.415994232832909483e-02
1.413776494540112949e-02
1.411568965819862131e-02
1.409365380787337696e-02
1.407167828616362470e-02
1.404980997922390673e-02
1.402799027554504918e-02
1.400624756809870641e-02
1.398457964702647105e-02
1.396296411786798752e-02
1.394143561128140252e-02
1.391993441194742942e-02
1.389849660124112263e-02
1.387713943123483618e-02
1.385585868755397077e-02
1.383465288646580638e-02
1.381352795624346541e-02
1.379244236584652172e-02
1.377146225333931995e-02
1.375052741770663167e-02
1.372961009106514474e-02
1.370879141029131276e-02
1.368805621435341402e-02
1.366738104659606656e-02
1.364676979489738706e-02
1.362623546540607522e-02
1.360575586624088174e-02
1.358531760029905999e-02
1.356496527088150994e-02
1.354467417488947056e-02
1.352441061195115701e-02
1.350421534742859975e-02
1.348405342467373647e-02
1.346399651490187699e-02
1.344400971285780733e-02
1.342408764807229149e-02
1.340422360335750962e-02
1.338443092165338133e-02
1.336470791498096944e-02
1.334502082518522481e-02
1.332540804134062229e-02
1.330583095507086033e-02
1.328632698342112339e-02
1.326686779791828863e-02
1.324749356163688885e-02
1.322816815261791679e-02
1.320891545563093739e-02
1.318970921214039638e-02
1.317055359725934072e-02
1.315147298593929981e-02
1.313243359559185253e-02
1.311345084991492882e-02
1.309450310195460487e-02
1.307563640447208242e-02
1.305683347985638065e-02
1.303806256622110082e-02
1.301934518189826195e-02
1.300070009489408263e-02
1.298210083545289772e-02
1.296355152762784790e-02
1.294505700717241137e-02
1.292664622717772105e-02
1.290823772771107492e-02
1.288991267960530596e-02
1.287164089993289573e-02
1.285344574133728823e-02
1.283527810980607253e-02
1.281716406495371496e-02
1.279911717121075265e-02
1.278112421764218687e-02
1.276317157512725509e-02
1.274526540980461253e-02
1.272741098323412756e-02
1.270963470072468404e-02
1.269190674286382881e-02
1.267422395809587876e-02
1.265658538427459623e-02
1.263899167150023262e-02
1.262139632260106392e-02
1.260389765869593393e-02
1.258646803142741966e-02
1.256906610556733639e-02
1.255172149640892965e-02
1.253441737218788377e-02
1.251717354871177690e-02
1.249996476071800477e-02
1.248280124066751540e-02
1.246569397426385006e-02
1.244863433377624284e-02
1.243163748808073787e-02
1.241468144998715550e-02
1.239778004186503635e-02
1.238092012987083990e-02
1.236410492582126763e-02
1.234733617928700233e-02
1.233062385559313689e-02
1.231395688606101713e-02
1.229734686164798974e-02
1.228076635062036459e-02
1.226421759992185612e-02
1.224771474748344302e-02
1.223124065636663205e-02
1.221481985993984332e-02
1.219847283714736719e-02
1.218216123904378168e-02
1.216585741500206264e-02
1.214961877818496183e-02
1.213345901193016441e-02
1.211731980567185007e-02
1.210125658506520929e-02
1.208521550124490307e-02
1.206921593664199432e-02
1.205327233622592586e-02
1.203737456120423932e-02
1.202151155908048885e-02
1.200569830068565214e-02
1.198992935311996022e-02
1.197418661773322346e-02
1.195850490773707475e-02
1.194284775372680962e-02
1.192723091786594691e-02
1.191168479819555703e-02
1.189612759362103367e-02
1.188066023599275434e-02
1.186518342991145503e-02
1.184975601856887162e-02
1.183438242740758595e-02
1.181904899465439918e-02
1.180374557658857293e-02
1.178849730621880920e-02
1.177330819218033731e-02
1.175815639519786626e-02
1.174306386381696043e-02
1.172799053004111580e-02
1.171293162094380613e-02
1.169793297365590012e-02
1.168296930904104414e-02
1.166806314875233619e-02
1.165318201457288261e-02
1.163833613370156284e-02
1.162353736739490939e-02
1.160877431433736395e-02
1.159405938839408456e-02
1.157937973562564449e-02
1.156474190865071361e-02
1.155014049922294117e-02
1.153556711476948216e-02
1.152102326687114153e-02
1.150650810251521716e-02
1.149204643030253548e-02
1.147762327156162665e-02
1.146323111289312968e-02
1.144886916683628131e-02
1.143455048971339649e-02
1.142024661640980709e-02
1.140598458287546413e-02
1.139177833092691605e-02
1.137760911735793967e-02
1.136344648532512658e-02
1.134935705514361626e-02
1.133531433844797709e-02
1.132128163490729589e-02
1.130728140193316966e-02
1.129333465027211603e-02
1.127942620918737093e-02
1.126555172113906378e-02
1.125171024357200789e-02
1.123788993597794883e-02
1.122410448750917056e-02
1.121036605076011772e-02
1.119667288556490392e-02
1.118300073920068527e-02
1.116933965507456439e-02
1.115574327303343882e-02
1.114218666773478250e-02
1.112865722548744829e-02
1.111515059832067498e-02
1.110170171794513938e-02
1.108828321627264302e-02
1.107488922547149313e-02
1.106152085062885038e-02
1.104818501522256136e-02
1.103489230881844751e-02
1.102162689923077976e-02
1.100839334564715499e-02
1.099518347610886626e-02
1.098200525510156789e-02
1.096887019302587862e-02
1.095576466456715803e-02
1.094269038529128990e-02
1.092965766297730734e-02
1.091662379343966149e-02
1.090365309050760068e-02
1.089069019092674118e-02
1.087774741345863549e-02
1.086487762595715612e-02
1.085202253281353224e-02
1.083918131358332926e-02
1.082640806678936141e-02
1.081365662753873413e-02
1.080091917936321089e-02
1.078820889144600781e-02
1.077554788982175438e-02
1.076290521751624429e-02
1.075030215123198851e-02
1.073772748540192945e-02
1.072518458806945296e-02
1.071266271127045699e-02
1.070017201485430614e-02
1.068770314945123590e-02
1.067525928655156664e-02
1.066285974130616598e-02
1.065049482780054679e-02
1.063817129441770037e-02
1.062585043621705472e-02
1.061354906211113558e-02
1.060129626993869256e-02
1.058906875858356411e-02
1.057688627369231249e-02
1.056471385197114976e-02
1.055257986408707216e-02
1.054047425220570877e-02
1.052841382725305808e-02
1.051635060278104106e-02
1.050432994956898569e-02
1.049234594263830089e-02
1.048039153964155923e-02
1.046846098120154944e-02
1.045654957458576340e-02
1.044467250454979290e-02
1.043281945129787003e-02
1.042099878418915881e-02
1.040921458286946100e-02
1.039745808047355669e-02
1.038571094077454793e-02
1.037400549250017123e-02
1.036229978546637787e-02
1.035065207924368291e-02
1.033901315233801133e-02
1.032740490658584642e-02
1.031581657941078867e-02
1.030425314236087242e-02
1.029272266706202088e-02
1.028122450561796963e-02
1.026973821885614202e-02
1.025827944282360626e-02
1.024686185481582523e-02
1.023546526734407658e-02
1.022408959824698538e-02
1.021273923201106160e-02
1.020143077945917520e-02
1.019012875271937957e-02
1.017887022280089537e-02
1.016764359926133898e-02
1.015643649602708531e-02
1.014524461430628410e-02
1.013407426327386784e-02
1.012292750029518407e-02
1.011181221277822340e-02
1.010072924996750776e-02
1.008963854184209696e-02
1.007862036802795180e-02
1.006760282800611694e-02
1.005661276533414972e-02
1.004563422741491796e-02
1.003470622925213551e-02
1.002378667580021421e-02
1.001290377474479965e-02
1.000204739033272450e-02
9.991206688930609481e-03
9.980381563828341629e-03
9.969589363153341655e-03
9.958821908937182110e-03
9.948079859638678246e-03
9.937346278105468889e-03
9.926646079674833478e-03
9.915983485519572205e-03
9.905335588064473340e-03
9.894682351806474707e-03
9.884084134804307920e-03
9.873508758680593633e-03
9.862960559928746207e-03
9.852417297260149254e-03
9.841909681232455243e-03
9.831408740890418274e-03
9.820953290745407238e-03
9.810509554657773079e-03
9.800103087477460284e-03
9.789705879981389081e-03
9.779343635869214291e-03
9.768989430644164917e-03
9.758657173089366199e-03
9.748342530141757001e-03
9.738070941356716248e-03
9.727804068097756218e-03
9.717567413225380868e-03
9.707349803524181753e-03
9.697159592410256601e-03
9.686979839867895792e-03
9.676823351002949991e-03
9.666688975636467118e-03
9.656555785192338925e-03
9.646455704129489050e-03
9.636398443341243070e-03
9.626352829063253291e-03
9.616322411646754942e-03
9.606330655825001674e-03
9.596354936949075265e-03
9.586385932076973981e-03
9.576445171295147607e-03
9.566527839222502272e-03
9.556637813843610330e-03
9.546775517364963770e-03
9.536922670938766111e-03
9.527095965909879172e-03
9.517268498084152650e-03
9.507477467807085025e-03
9.497701544301448418e-03
9.487965050097565967e-03
9.478232634963862369e-03
9.468530736834249173e-03
9.458855403974175680e-03
9.449184137548721774e-03
9.439547651715951559e-03
9.429921513423006330e-03
9.420294712243357238e-03
9.410718853638033732e-03
9.401155134932642765e-03
9.391616678387629258e-03
9.382103457325902118e-03
9.372589310158788156e-03
9.363115187797879657e-03
9.353653601453210120e-03
9.344219714818538525e-03
9.334802999778901711e-03
9.325408551287800440e-03
9.316017968133236127e-03
9.306657835718434857e-03
9.297304334308365004e-03
9.287992071917577919e-03
9.278688427912976100e-03
9.269398757781766029e-03
9.260131665953394431e-03
9.250885732824648544e-03
9.241650741294835103e-03
9.232434908058417822e-03
9.223239757358364654e-03
9.214063438523434346e-03
9.204893928311475015e-03
9.195746781178182339e-03
9.186626024079394548e-03
9.177519396678449071e-03
9.168443593003075542e-03
9.159372512957772439e-03
9.150335416885632678e-03
9.141319754603791092e-03
9.132314133804247946e-03
9.123334208624878094e-03
9.114369324951882012e-03
9.105417487526829001e-03
9.096481680261281344e-03
9.087568175688939820e-03
9.078670411423558906e-03
9.069782927228028924e-03
9.060918709569376617e-03
9.052082282278980929e-03
9.043256721803338838e-03
9.034444027715776704e-03
9.025649486480699646e-03
9.016864344292885303e-03
9.008084122459625309e-03
8.999339527513028347e-03
8.990604598793111579e-03
8.981906533247582813e-03
8.973215847075596829e-03
8.964533199047913792e-03
8.955878618491397436e-03
8.947244458312020310e-03
8.938626811538785688e-03
8.930024756830759469e-03
8.921435425685728116e-03
8.912862393004483685e-03
8.904309137161087184e-03
8.895782320647069308e-03
8.887251304011994923e-03
8.878740294759823737e-03
