5 5 5 4 5 4 5 6 5 5 6 6 6 5 5 5 5 5 5 6 6 5 6 5 5 6 4 5 5 4 4 5 6 6 6 5 5 5 4 5 5 4 5 5 5 5 5 6 5 5 5 5 5 4 6 5 5 5 6 5 5 5 5 5 5 4 6 4 5 4 4 5 5 6 5 5 5 6 5 6 4 4 5 5 5 5 5 5 5 5 5 6 7 6 5 6 5 6 5 5
6 6 6 5 7 5 5 5 5 5 5 6 6 5 6 6 5 5 6 5 5 5 5 5 6 5 5 5 4 4 5 5 6 5 6 6 5 5 4 5 6 5 5 5 6 5 5 6 5 5 5 5 5 4 5 6 5 5 5 6 6 5 5 5 4 4 6 5 5 5 6 6 5 6 6 5 6 6 4 5 5 6 6 6 5 5 5 6 5 5 5 5 5 6 6 5 6 5 5 5
6 5 5 5 7 5 5 4 6 5 5 5 5 5 5 5 5 4 6 6 5 5 6 5 5 6 5 6 5 4 5 4 5 5 4 4 5 6 5 5 4 5 5 5 5 4 5 5 6 7 4 5 4 7 6 5 5 5 5 7 6 6 5 5 4 5 4 5 5 6 5 6 5 4 7 4 5 6 6 5 6 5 6 5 4 6 5 6 5 6 5 4 5 5 5 5 5 5 6 5
6 5 5 5 6 5 6 4 5 5 6 5 5 6 5 5 6 5 5 6 4 5 5 5 5 5 5 5 4 5 5 6 5 5 5 5 5 5 5 6 5 4 5 6 6 7 5 6 6 5 4 5 5 5 5 5 6 5 5 4 5 5 5 5 5 6 6 5 6 5 4 5 5 5 5 5 6 5 5 4 5 6 4 4 5 6 6 4 6 5 5 6 5 5 4 7 6 5 6 5
5 5 5 4 6 6 6 5 6 5 5 6 5 5 5 4 5 5 6 5 6 4 5 6 5 5 5 6 6 5 5 5 5 4 5 5 4 6 5 5 6 6 5 6 5 6 6 5 5 5 4 5 5 6 6 5 5 5 5 6 5 5 5 5 5 5 5 6 5 5 5 6 7 5 6 5 5 6 5 4 4 5 6 4 5 6 5 4 6 5 5 6 5 5 4 5 4 3 5 5
5 5 6 5 4 5 6 6 5 5 6 5 6 6 5 5 5 5 5 5 6 4 5 5 5 4 6 5 6 5 6 5 5 5 6 5 5 5 5 5 6 5 5 6 4 4 6 5 6 6 5 4 5 5 5 5 4 5 6 5 5 5 4 5 5 5 5 5 6 5 6 4 4 5 5 4 5 5 5 4 5 5 5 6 4 5 4 5 6 5 5 5 5 4 5 5 6 6 6 6
5 5 5 6 6 6 6 6 5 6 5 6 5 5 5 5 5 5 5 4 5 6 5 6 5 5 5 6 5 4 5 5 6 5 5 6 5 6 5 6 4 5 5 5 6 6 6 5 5 5 4 6 5 5 5 5 6 5 6 5 5 5 4 5 5 4 5 5 5 5 4 5 6 5 5 5 5 5 4 6 5 6 6 6 5 6 5 5 5 5 5 5 6 7 5 6 5 6 6 5
4 5 4 6 6 5 6 4 5 5 5 5 5 5 6 4 6 4 5 5 5 4 5 5 5 6 6 5 6 4 5 5 5 5 5 4 5 6 5 4 5 5 5 5 5 5 5 4 6 6 7 6 6 6 7 6 5 5 5 5 5 5 5 6 6 5 6 5 4 6 6 5 6 5 5 6 4 5 4 5 6 5 4 5 6 5 5 5 5 5 5 4 6 6 5 4 5 5 5 4
5 6 6 6 5 5 5 6 5 4 5 4 7 5 5 5 5 6 5 6 5 5 6 5 5 4 4 6 6 5 5 5 5 6 4 6 4 5 6 5 5 5 5 4 5 4 4 5 5 5 6 4 4 6 5 5 6 4 4 6 5 6 6 5 5 5 6 4 5 6 6 5 5 5 5 6 5 5 5 5 6 6 6 6 5 5 5 5 6 6 4 5 5 5 5 4 6 6 5 6
5 5 5 5 5 4 5 5 6 6 5 6 5 6 6 5 5 4 4 5 5 6 5 5 6 5 4 6 5 5 5 5 4 5 4 4 5 6 5 4 6 6 4 5 5 5 5 5 5 5 6 5 4 6 5 6 4 6 5 4 5 6 5 4 4 5 5 5 5 6 4 5 5 6 5 5 6 5 5 5 5 5 5 5 4 5 6 6 7 5 6 5 6 5 4 4 4 6 5 5
5 6 4 5 6 6 6 4 5 5 6 6 5 6 5 5 5 5 5 5 5 4 5 6 4 5 6 4 6 5 5 5 6 5 5 5 4 5 5 6 6 5 6 6 5 5 5 5 5 5 5 4 5 5 6 6 5 6 5 4 5 5 4 5 5 5 6 5 4 5 5 6 5 5 5 6 5 5 5 5 5 5 5 5 6 5 5 4 5 6 5 5 5 5 5 4 4 5 4 5
5 5 4 4 5 5 4 5 6 4 6 5 5 5 5 5 5 5 5 5 5 4 5 5 5 6 7 5 5 5 6 5 6 5 5 5 5 6 5 5 5 5 6 6 6 6 6 6 5 5 5 5 5 5 6 5 5 5 5 6 5 4 5 5 5 5 5 6 5 5 6 6 5 6 4 6 5 5 6 5 6 4 6 6 5 4 5 5 5 5 6 5 4 5 5 4 5 5 4 6
6 6 4 4 6 4 5 6 5 4 6 5 5 6 6 5 5 6 5 4 6 6 5 5 5 6 5 6 4 5 5 5 5 6 5 5 5 6 5 5 6 6 5 5 5 5 5 4 6 6 6 6 5 7 6 5 6 5 4 5 5 5 4 5 5 5 6 6 4 5 5 6 4 5 5 4 5 5 4 4 7 5 6 5 5 5 4 5 4 6 5 5 4 5 5 6 5 6 4 5
5 4 5 6 5 6 5 4 5 5 5 5 6 5 5 5 6 6 6 5 4 4 5 6 6 6 5 5 5 4 4 5 6 5 5 5 6 5 5 5 5 6 6 5 5 5 7 5 5 5 6 5 6 5 5 6 4 5 5 4 4 5 4 5 4 5 5 6 6 6 5 6 5 5 5 6 5 4 4 5 5 6 6 5 5 5 5 5 5 6 6 5 4 4 5 5 4 6 4 5
5 5 6 5 4 5 6 4 5 5 5 5 5 5 5 5 5 5 5 5 6 5 4 5 5 5 5 6 5 4 5 5 6 5 6 6 6 6 7 4 6 5 5 6 5 4 5 6 6 4 5 5 6 6 4 5 5 5 6 5 4 6 4 5 5 5 5 5 6 5 5 5 6 6 6 6 7 5 5 5 4 6 5 5 5 4 7 4 6 5 6 5 6 5 5 5 4 5 5 5
4 6 5 4 6 5 5 5 6 6 5 5 4 5 6 4 6 5 4 5 5 5 6 4 5 6 5 5 5 5 7 5 6 5 5 6 6 5 6 4 5 6 5 5 5 5 5 6 5 5 5 5 5 5 5 5 4 6 4 5 5 4 5 6 5 5 5 5 5 5 5 5 4 4 6 5 4 6 5 5 5 5 6 5 6 5 7 5 5 6 6 5 5 7 6 5 4 5 6 6
4 5 4 5 5 5 5 5 6 6 5 6 4 5 5 5 5 7 5 6 5 6 4 5 6 6 5 4 6 5 6 5 5 6 5 6 4 5 5 5 5 4 6 4 5 5 5 5 6 5 6 5 6 5 4 5 6 5 5 6 5 5 4 5 5 6 5 6 5 5 4 5 5 6 6 5 5 6 5 5 4 7 5 5 6 5 6 4 5 6 5 6 5 5 5 5 5 4 5 4
5 5 5 5 5 5 5 5 5 4 6 5 4 5 6 6 5 6 5 4 5 6 5 5 5 5 5 6 6 6 5 6 6 5 6 6 6 5 6 4 5 4 6 6 5 6 6 6 5 6 5 5 5 4 5 6 5 5 5 6 6 4 5 6 4 6 6 6 5 5 4 6 5 5 5 6 5 5 6 6 5 6 4 5 6 5 4 5 5 6 5 5 6 6 5 6 5 5 5 5
5 4 6 4 6 5 6 6 6 5 6 4 6 5 5 7 6 5 5 6 5 5 5 5 5 5 5 6 4 4 6 6 5 6 5 5 5 5 5 5 6 5 5 6 6 5 4 4 7 5 5 5 5 5 6 5 5 5 5 5 5 6 6 6 6 6 6 6 4 5 4 6 5 6 5 4 6 6 5 5 6 5 6 5 5 5 5 6 4 6 5 5 5 7 4 5 5 5 4 5
5 5 5 6 8 4 6 6 6 4 4 5 6 5 5 6 6 5 5 6 5 4 5 7 5 5 7 5 4 5 4 5 6 5 5 5 6 5 4 4 6 5 4 6 6 5 5 5 6 6 5 6 5 4 6 6 5 7 6 6 5 5 5 5 4 5 6 5 6 4 6 6 6 6 5 5 6 4 5 4 6 5 5 5 5 5 5 5 5 5 5 4 6 5 5 5 5 6 5 4
5 6 6 5 6 4 5 6 5 5 5 5 5 5 6 5 4 4 4 6 6 6 6 5 6 5 6 6 5 5 4 5 5 4 5 5 4 5 5 5 5 4 5 5 5 5 6 6 5 5 6 5 5 4 5 6 5 5 6 6 6 6 6 5 6 4 6 6 4 6 4 5 5 4 7 6 5 6 6 5 7 5 6 5 6 5 5 5 5 4 6 5 4 5 6 4 5 6 5 6
6 5 6 6 5 5 5 4 5 4 5 5 5 5 5 5 5 5 5 5 6 5 5 6 3 5 5 6 5 6 5 6 5 5 5 6 6 4 5 6 6 4 4 5 5 6 6 5 5 5 6 5 6 5 5 6 5 5 6 6 5 4 5 6 6 6 5 5 6 5 6 6 5 5 5 5 5 5 4 5 6 6 5 5 5 6 5 5 5 5 4 5 5 4 5 5 5 6 4 4
5 5 5 5 5 5 5 5 5 5 5 5 4 5 5 5 6 5 5 5 4 6 4 5 6 5 6 6 5 4 5 6 5 6 5 6 6 5 6 4 4 5 5 5 5 6 7 6 5 6 7 5 6 5 5 5 4 6 6 4 5 6 4 5 6 4 6 5 4 5 5 5 5 5 5 6 6 5 6 4 4 5 6 4 7 4 5 5 5 5 5 5 5 5 5 6 4 4 4 4
5 5 5 5 5 4 5 5 5 5 5 5 5 6 4 4 5 4 5 4 4 5 5 6 5 6 6 4 6 4 6 6 5 5 5 5 6 6 4 5 5 6 6 5 6 5 6 5 5 5 5 6 5 5 6 5 5 7 5 6 5 5 5 5 5 5 5 6 5 5 6 6 4 5 5 6 5 6 5 5 6 5 5 5 5 6 4 5 6 5 6 4 5 4 6 4 6 5 5 6
6 5 6 5 5 4 5 4 5 5 5 5 6 5 5 4 6 5 5 4 4 5 5 6 5 4 5 5 5 4 5 5 5 5 4 5 4 5 5 5 4 5 5 5 5 5 7 5 6 5 4 6 4 5 5 5 6 6 5 6 6 5 5 5 5 4 6 5 6 5 5 6 6 5 6 5 5 6 5 5 5 4 5 5 5 6 5 5 6 6 5 6 6 5 5 5 5 5 5 6
5 7 4 5 5 6 4 5 5 4 7 5 5 5 5 5 5 4 6 4 5 5 5 6 5 6 5 5 7 4 5 6 5 5 5 6 6 6 6 5 5 5 5 6 5 5 6 5 5 6 6 5 6 7 4 6 6 5 6 6 6 5 4 5 5 4 6 6 5 5 5 5 6 5 6 4 5 5 5 5 6 6 4 5 5 5 4 6 6 6 5 6 6 6 5 5 5 5 5 5
5 6 6 5 4 5 4 5 5 6 6 6 5 5 5 5 5 5 5 7 5 5 6 6 6 4 6 4 6 5 5 5 4 6 4 5 7 5 5 5 5 4 6 6 5 6 6 4 3 6 4 6 5 5 6 5 5 6 6 5 4 5 5 6 6 6 4 5 6 5 5 5 5 4 6 6 5 5 5 6 6 4 4 5 5 6 4 6 6 5 4 4 5 6 6 5 4 5 6 5
5 6 5 6 5 5 5 6 4 5 5 5 5 6 5 5 5 6 5 5 5 6 5 5 4 5 4 5 5 5 5 4 4 6 6 5 6 5 5 5 5 5 5 7 6 4 6 6 6 6 5 5 6 5 6 5 6 5 6 6 5 5 5 6 7 5 5 5 4 5 5 5 5 6 5 5 6 5 5 5 6 4 6 5 4 4 5 5 6 4 5 5 5 5 5 5 5 4 5 5
5 6 6 6 5 5 6 5 5 5 5 6 4 5 5 5 5 4 5 5 5 6 5 5 5 6 5 5 5 5 5 6 5 5 4 6 5 5 5 5 5 5 4 6 5 4 6 5 5 5 7 5 6 5 5 6 6 4 5 5 5 5 5 6 5 5 6 5 5 5 5 5 6 5 5 5 6 6 5 5 6 5 6 5 5 6 6 5 5 5 5 5 5 6 5 6 6 5 5 5
6 5 4 5 5 6 5 5 5 4 4 6 6 5 5 4 6 5 5 5 6 5 5 5 5 5 6 5 5 5 5 4 7 5 7 6 5 6 6 5 4 6 6 5 5 6 6 5 6 5 6 5 6 7 7 7 6 5 6 6 7 6 5 5 4 7 4 5 5 6 5 5 6 6 4 6 4 5 4 5 5 6 6 5 4 5 5 5 6 5 5 5 4 5 6 5 5 6 4 6
5 5 5 5 5 5 4 5 4 5 5 4 5 5 5 6 5 4 5 5 5 5 5 5 5 5 6 5 5 5 6 5 6 5 5 6 5 5 6 6 5 5 5 5 5 6 5 7 7 5 7 5 6 6 7 5 5 6 5 5 6 5 6 5 5 6 5 6 5 6 5 5 5 5 5 5 5 5 6 6 4 6 6 4 6 6 4 4 5 6 5 5 5 5 6 4 5 6 4 4
5 4 6 5 6 6 5 6 5 5 5 6 5 5 5 6 4 4 5 5 5 5 4 4 4 5 5 5 7 6 4 6 5 6 5 6 6 6 5 5 5 6 5 5 6 7 6 7 6 5 6 6 6 5 6 6 7 5 6 5 4 5 7 6 5 5 5 5 5 6 5 6 6 5 5 5 6 5 6 5 4 6 5 5 6 5 5 5 4 4 4 6 5 5 5 6 5 5 5 5
4 5 5 6 5 4 5 5 6 5 5 5 5 5 6 5 5 5 5 6 6 5 5 5 6 5 4 4 5 5 5 5 6 5 6 5 6 5 6 6 6 7 5 6 5 5 6 6 7 7 6 5 5 5 7 7 7 6 7 5 6 5 7 6 5 5 4 7 6 6 5 6 6 5 4 5 5 6 5 5 6 6 6 6 5 4 5 4 5 5 5 6 5 6 5 5 5 6 4 6
5 5 5 5 6 5 6 6 5 7 5 5 6 5 6 4 5 5 4 5 5 5 5 6 5 5 6 4 5 5 6 4 5 5 5 6 7 5 5 5 6 5 5 7 5 6 5 6 6 5 5 5 4 6 6 6 7 6 6 7 8 6 6 7 4 6 4 5 6 5 5 6 5 5 4 6 5 5 6 5 5 5 6 6 6 5 6 5 5 5 5 4 5 4 5 5 5 5 4 5
5 4 5 5 5 5 5 4 5 6 4 5 5 6 4 4 6 6 5 5 5 6 7 5 5 5 5 7 6 4 6 5 6 6 6 6 6 5 6 6 5 6 5 6 6 7 7 7 7 5 7 7 8 7 6 8 6 6 6 5 6 5 5 5 4 7 6 5 6 5 6 5 6 5 4 5 5 5 4 5 5 4 5 4 5 5 4 5 6 5 4 6 5 5 6 5 5 4 5 5
6 5 5 4 4 5 6 6 6 5 5 5 5 7 5 4 5 5 5 5 5 5 6 6 5 5 6 6 6 6 6 5 5 5 7 5 6 5 5 5 6 7 6 6 6 6 7 7 5 8 7 6 7 6 8 7 6 7 6 7 6 7 6 6 6 5 5 5 5 6 6 4 6 6 6 4 4 5 5 5 6 5 5 5 5 4 5 6 4 6 5 5 4 5 5 4 5 4 5 6
4 5 4 6 5 6 6 6 5 6 5 4 6 5 6 5 5 5 5 6 5 6 5 4 5 4 6 6 4 6 5 5 6 6 6 5 5 5 7 6 6 6 6 6 6 6 6 6 6 7 6 6 7 6 8 6 6 6 7 8 8 8 7 6 6 6 6 5 5 5 6 5 5 5 5 5 6 6 6 5 5 7 5 6 5 5 5 5 4 5 5 5 6 5 6 5 4 6 4 6
5 5 6 5 6 6 5 5 5 4 6 4 6 5 4 5 5 4 6 6 6 5 5 5 5 7 5 6 6 4 5 6 6 5 6 6 6 5 7 5 6 5 6 7 5 7 7 8 8 7 7 6 6 7 7 7 8 6 6 7 7 6 6 7 5 5 6 6 5 7 6 6 6 6 5 6 7 5 6 5 4 5 5 6 6 5 6 6 6 5 6 5 5 5 5 6 4 5 5 4
4 5 5 5 5 5 5 6 5 6 6 5 4 5 5 5 4 6 5 4 5 5 5 6 5 5 5 6 5 5 5 5 6 5 6 5 6 6 6 5 5 7 6 7 6 8 9 7 7 7 8 8 7 8 8 7 5 9 6 6 6 7 8 6 5 7 6 5 6 4 5 5 5 5 5 6 4 5 6 5 5 5 5 5 6 4 6 4 5 5 5 5 4 6 5 6 5 6 5 6
6 6 5 6 6 6 5 5 5 5 5 5 5 6 5 7 5 5 6 5 5 5 5 5 5 6 6 5 6 6 6 4 6 6 7 6 8 7 6 6 6 7 7 7 7 5 8 7 8 6 7 8 7 7 9 8 7 7 8 7 8 7 7 7 7 5 6 4 5 5 5 5 5 5 6 5 4 6 5 6 5 4 6 5 5 5 6 5 5 5 5 5 4 5 5 5 6 6 5 4
5 5 5 5 5 4 4 5 5 6 5 5 4 4 5 5 5 5 5 5 6 5 5 5 5 6 6 6 5 4 5 6 7 8 5 5 6 6 7 6 6 7 7 7 9 6 7 6 7 8 8 8 10 8 9 8 7 9 6 8 7 7 6 7 5 7 7 7 6 7 5 5 6 5 7 6 4 5 5 5 5 5 7 6 6 4 5 5 5 6 6 5 5 5 6 6 6 5 6 5
5 6 4 5 5 6 6 5 5 5 6 4 5 5 6 6 6 5 6 4 5 5 5 5 6 6 4 6 7 5 5 5 5 6 6 6 6 6 8 7 8 7 7 6 7 8 8 7 9 8 8 8 10 7 9 8 9 8 9 7 6 7 7 6 6 8 5 6 6 5 6 5 5 6 5 6 5 6 5 5 5 5 5 5 6 7 6 5 5 5 5 4 5 5 6 5 4 4 4 5
5 6 5 5 6 5 4 6 5 5 4 4 4 4 5 6 5 5 5 6 5 6 6 5 5 5 6 5 5 6 6 6 7 7 6 7 6 7 7 8 7 8 6 7 7 10 7 8 8 9 8 12 10 10 11 9 10 8 9 8 9 10 6 7 10 7 6 7 5 5 5 5 5 4 5 6 5 4 5 5 4 5 5 5 5 5 5 5 5 4 5 5 5 5 5 5 4 5 6 5
4 6 5 6 6 5 6 5 5 5 6 6 5 5 6 5 5 5 5 6 6 5 7 7 5 6 6 5 6 6 7 7 7 6 6 7 7 7 7 8 8 7 7 7 8 7 8 8 9 10 9 11 11 9 8 11 10 12 9 11 9 9 9 8 6 6 8 7 7 6 6 7 6 5 4 6 6 5 7 7 5 6 5 5 6 5 4 4 5 5 5 6 4 6 4 4 5 5 5 5
5 5 5 6 5 5 5 6 6 5 6 5 6 6 6 5 5 5 6 5 5 7 5 5 6 6 5 7 6 5 5 7 6 6 8 8 8 7 7 9 7 8 7 7 9 8 10 8 10 10 10 10 11 9 8 9 11 11 11 10 9 9 8 6 7 8 8 7 5 6 5 6 6 7 5 5 5 5 4 6 6 5 4 5 6 4 5 5 5 4 4 6 5 4 5 5 4 5 5 5
6 5 5 5 4 5 4 5 5 5 4 6 5 6 5 4 5 5 5 7 5 6 5 6 6 6 5 6 6 5 6 6 6 7 8 6 6 8 8 8 7 7 8 9 8 10 9 10 11 10 11 10 12 11 10 11 12 10 10 10 8 8 9 8 7 9 7 7 7 6 7 5 6 4 5 6 5 3 5 5 5 6 5 5 5 4 5 6 4 5 6 6 4 5 5 5 5 5 4 5
5 6 6 4 5 7 5 5 6 5 4 6 5 5 5 5 6 5 5 4 7 7 6 5 7 6 6 7 6 6 6 6 6 8 8 8 9 7 9 8 7 13 8 8 13 10 11 9 11 12 11 11 11 11 15 11 11 14 10 10 11 8 9 6 9 8 7 7 7 5 6 6 6 5 6 5 6 5 4 5 4 4 4 5 5 4 5 4 4 5 6 4 4 5 6 6 6 5 5 5
5 6 5 5 5 4 6 7 5 5 5 6 5 7 6 6 5 4 5 5 4 6 6 6 6 6 7 6 6 9 7 6 6 8 8 8 8 7 10 11 8 9 8 10 12 11 12 12 15 13 13 9 13 10 12 11 12 12 11 10 12 10 10 8 8 7 9 8 8 6 6 6 6 6 6 5 5 5 7 5 4 6 5 5 5 6 4 5 5 5 5 6 5 5 5 4 5 6 6 6
5 5 5 5 6 5 5 6 6 6 6 6 6 5 5 6 6 4 6 5 5 6 7 5 7 6 6 7 6 6 7 7 6 5 8 7 8 10 10 10 11 11 12 10 11 13 14 12 13 10 14 13 15 16 12 16 15 14 13 13 11 11 9 9 9 9 7 8 8 6 5 6 6 6 4 5 5 5 6 5 5 4 5 5 4 6 6 5 5 5 5 5 6 5 5 6 5 5 4 5
4 5 5 5 5 5 4 6 5 6 5 5 5 6 5 5 5 6 6 5 7 5 7 5 5 7 8 8 6 6 7 7 8 6 10 7 8 11 9 11 9 10 11 9 10 12 12 13 11 14 15 14 18 15 17 14 15 13 14 15 13 12 11 9 10 11 8 9 9 7 7 6 6 7 6 6 6 7 4 4 5 4 5 5 5 4 5 5 5 5 5 5 5 4 5 5 6 6 5 5
6 5 5 5 6 5 5 7 5 6 4 5 6 6 5 6 6 5 6 6 6 5 7 5 6 6 6 6 8 8 8 7 8 9 9 12 8 11 8 12 11 12 12 13 15 13 14 11 14 13 17 16 17 17 14 16 16 14 15 14 13 13 11 9 11 9 8 11 8 8 7 6 7 7 6 5 5 6 6 5 5 6 6 6 5 5 5 5 5 5 5 5 5 6 5 5 4 5 5 5
5 6 6 5 5 6 6 6 5 6 6 6 6 6 6 6 6 7 6 6 5 6 6 7 7 7 7 8 6 7 7 7 8 11 8 11 11 10 12 11 12 12 11 14 13 12 14 15 16 15 19 18 16 16 16 17 18 15 17 15 12 13 12 10 13 11 12 12 9 8 6 5 7 6 5 6 5 4 5 5 5 5 5 5 7 5 5 4 4 5 5 4 5 4 4 5 5 5 4 5
6 6 6 7 5 5 6 5 5 5 5 5 6 5 6 6 7 6 8 5 8 6 6 8 7 6 9 8 12 6 10 10 9 11 10 10 11 9 12 11 14 15 14 16 15 14 15 15 16 15 19 18 20 21 19 17 20 14 17 14 14 16 12 14 10 10 13 11 10 7 5 8 7 5 8 5 6 6 7 5 5 5 5 4 6 5 6 5 4 5 4 4 6 5 6 6 5 7 4 5
5 4 6 4 5 5 5 5 5 4 6 6 5 5 6 7 6 5 6 6 5 6 6 6 7 9 7 7 7 10 9 8 10 9 11 13 13 13 12 17 12 18 16 19 13 14 16 17 17 19 21 16 21 20 20 19 18 19 15 14 19 16 12 15 13 14 12 15 13 10 6 6 7 7 4 6 7 5 7 5 5 6 5 6 3 6 5 5 4 5 5 5 5 5 4 5 5 6 5 6
6 4 5 6 5 5 5 5 5 6 5 5 5 6 7 8 6 9 7 8 8 6 8 8 8 8 9 9 11 13 11 12 10 11 12 13 14 14 14 13 12 17 14 14 19 20 17 18 24 16 19 20 20 21 20 20 22 24 19 19 19 17 15 15 13 13 9 12 12 8 5 8 9 6 6 6 7 4 5 6 5 5 6 5 5 5 5 6 5 4 5 5 6 5 4 4 4 4 5 5
5 6 6 5 5 5 6 5 6 6 7 8 7 6 6 6 7 6 6 5 7 8 10 7 7 10 9 7 11 13 10 11 12 14 15 14 10 17 12 16 16 19 16 14 17 19 21 21 19 19 20 24 24 23 20 21 23 21 23 21 20 17 17 19 14 14 12 9 11 9 8 7 6 6 6 8 8 6 6 6 8 6 5 6 8 5 5 6 5 5 5 5 5 5 5 5 6 4 5 5
5 5 5 5 6 6 6 5 6 7 7 6 6 7 5 6 6 8 8 9 6 6 10 11 6 12 10 10 12 12 10 14 14 14 12 17 13 17 18 13 18 19 20 21 15 21 17 23 23 24 25 25 25 23 22 27 22 23 22 20 20 20 18 15 14 15 12 15 13 8 10 10 8 7 8 8 7 6 6 6 7 7 5 5 6 5 5 5 5 5 5 5 5 5 5 5 5 4 5 4
5 5 5 6 6 6 6 5 8 6 6 5 6 7 7 8 6 8 7 8 9 11 8 6 10 10 9 10 13 10 14 13 14 18 15 17 14 18 13 16 19 19 16 21 22 25 19 21 23 21 26 26 23 26 27 25 23 25 22 21 21 25 21 19 14 17 13 13 14 11 8 7 7 7 6 7 7 6 5 7 6 4 5 5 4 7 4 5 6 5 5 5 4 5 4 6 5 5 5 6
5 6 5 5 5 6 7 7 7 6 5 8 5 6 6 8 8 9 8 8 9 9 9 8 11 10 10 9 12 11 13 12 10 17 20 17 14 19 21 22 24 23 20 23 26 20 25 24 28 24 28 29 28 26 27 29 28 28 23 26 25 22 23 17 20 13 15 20 18 12 9 11 7 8 8 7 7 6 7 6 6 6 6 6 6 4 5 5 4 5 5 5 5 4 5 5 6 6 5 4
6 5 5 5 5 7 5 6 7 6 7 6 8 9 9 7 7 5 8 10 9 7 15 10 13 9 13 13 15 12 17 14 20 12 12 19 21 21 24 20 23 21 29 27 25 25 27 28 25 30 26 28 27 29 29 27 27 25 28 28 22 24 19 16 18 17 17 21 16 13 8 9 10 8 8 7 7 6 6 5 6 5 6 6 5 5 6 6 5 6 5 6 4 5 5 5 5 6 6 5
7 5 6 5 7 5 6 7 6 9 6 8 7 7 9 8 9 9 10 9 10 13 11 11 14 11 12 13 14 17 16 17 15 20 17 22 23 18 21 25 22 24 19 29 25 25 28 26 26 26 30 30 31 32 30 30 32 33 28 27 27 24 21 23 23 21 20 20 19 11 12 14 9 10 9 9 7 6 5 4 6 5 5 5 5 6 5 5 5 5 5 5 5 5 4 5 5 5 4 4
5 7 6 6 5 7 5 8 7 6 6 10 8 9 10 10 11 10 8 10 15 11 16 14 12 16 13 18 16 14 17 16 22 22 17 20 18 25 22 31 25 22 28 26 27 29 29 27 29 31 33 33 31 33 33 32 30 28 28 30 27 28 21 21 23 22 19 18 20 21 10 9 9 7 9 6 8 8 5 4 6 7 6 6 5 6 4 5 5 5 4 4 5 4 5 5 5 4 5 5
7 7 8 6 5 8 6 6 7 9 7 8 8 12 9 9 9 11 14 9 11 13 16 13 14 19 21 15 16 14 21 20 20 25 23 24 27 23 24 23 29 29 27 31 35 29 34 32 30 32 31 32 32 35 33 32 36 32 33 27 28 31 26 21 25 22 18 20 18 12 10 9 10 11 8 8 7 7 7 6 6 5 5 5 6 5 5 6 5 5 6 6 5 5 4 6 5 5 4 5
7 6 7 6 7 6 6 7 9 6 6 10 9 7 8 9 13 9 10 10 12 17 10 16 16 17 18 21 17 23 23 21 23 22 25 25 25 24 23 31 24 26 26 31 32 33 36 33 28 33 36 37 35 37 35 34 36 33 33 31 29 30 27 25 26 20 21 19 19 19 15 13 13 7 14 10 8 10 7 5 6 5 5 6 7 5 7 5 5 6 4 4 6 5 6 4 6 4 6 5
6 8 7 6 5 6 7 9 9 11 8 9 8 8 14 12 15 11 17 17 15 15 11 15 19 16 15 16 20 20 26 25 19 26 26 26 28 22 25 29 25 28 32 28 32 35 38 34 34 36 33 33 38 35 39 37 35 37 36 35 33 25 30 27 25 24 25 27 23 20 12 11 9 8 13 11 11 11 7 6 6 5 6 5 4 7 5 4 5 6 5 4 5 5 5 4 4 5 5 5
6 5 8 6 7 10 10 7 8 9 10 12 11 11 13 11 12 15 12 16 18 16 18 16 17 19 22 20 24 21 22 20 23 25 26 27 30 31 31 34 33 35 36 33 35 35 38 31 35 35 38 37 39 37 37 40 36 38 39 33 36 32 33 31 32 29 28 18 23 21 13 10 15 9 10 12 10 8 7 7 6 5 6 7 6 5 6 4 5 5 7 6 5 5 4 5 5 5 6 5
7 6 7 8 9 12 8 8 8 12 11 12 15 12 8 12 15 11 13 15 17 21 15 23 20 26 27 22 18 26 25 24 26 25 27 29 29 31 30 33 32 33 33 35 35 40 37 37 37 39 39 39 40 40 38 39 39 39 37 37 35 35 32 33 23 27 24 24 22 23 13 17 13 12 10 9 12 7 8 6 9 5 7 5 6 5 5 5 5 4 5 5 5 5 5 5 4 4 5 5
9 9 9 9 8 11 9 11 10 12 15 12 15 11 17 11 19 22 16 20 20 19 20 14 21 22 26 29 28 27 27 30 27 29 30 38 31 33 26 31 38 33 33 37 38 41 36 38 41 37 40 39 39 41 39 41 42 41 35 38 37 32 34 33 34 32 26 24 26 18 15 18 15 11 10 12 14 7 6 6 8 7 7 4 5 6 5 4 4 4 4 5 5 4 6 5 5 5 6 5
11 9 9 9 10 10 14 7 13 12 10 12 16 17 15 18 13 17 16 19 21 22 22 24 21 23 23 27 26 36 29 26 31 30 36 31 36 34 31 37 40 39 37 39 38 42 41 42 42 43 40 41 44 43 40 43 38 38 40 40 42 38 32 29 32 27 35 32 25 26 15 14 13 16 11 11 9 8 10 9 7 7 6 8 5 4 6 4 4 6 4 6 4 5 5 4 4 4 5 4
10 10 11 12 12 15 16 14 13 13 10 14 17 13 17 17 19 21 20 20 23 17 21 22 23 27 28 26 31 30 32 30 35 34 35 38 35 35 39 39 39 38 37 40 40 42 42 42 42 41 42 42 40 43 42 42 42 43 41 42 37 37 37 35 36 31 32 30 32 23 24 18 16 12 14 18 9 7 9 7 8 6 7 6 5 5 4 5 7 5 5 5 4 4 4 4 5 5 5 5
11 10 12 9 14 15 13 12 13 19 18 19 22 17 20 23 21 20 19 24 24 30 21 30 25 27 28 28 32 29 32 33 31 35 40 40 39 41 40 38 34 40 41 37 39 44 43 45 40 43 42 43 44 43 43 44 44 43 40 40 41 36 38 33 37 31 32 34 26 30 21 17 10 13 12 12 12 12 11 8 8 5 7 5 4 5 5 4 5 5 5 4 5 5 3 4 4 5 4 4
9 14 11 12 12 14 13 13 17 15 20 23 21 22 21 22 23 24 24 26 27 28 29 28 30 30 30 28 37 32 34 40 36 35 38 37 40 38 40 40 39 42 41 44 44 42 44 45 45 42 44 46 44 44 43 46 41 42 43 46 39 41 40 36 31 33 27 26 32 28 24 21 19 12 18 9 16 17 11 7 6 10 8 4 3 5 5 4 5 6 4 4 4 4 4 4 5 4 3 4
12 11 16 13 16 19 20 18 18 20 29 21 19 22 26 20 25 24 24 26 28 33 28 29 32 31 27 35 33 34 38 38 31 39 40 39 40 38 39 42 43 41 44 43 43 43 43 44 45 45 45 46 45 44 44 45 45 44 45 43 43 40 42 39 39 30 38 29 29 29 20 19 20 13 12 8 13 11 10 13 8 6 8 4 5 6 5 5 7 4 5 4 4 4 4 3 5 4 3 4
20 18 13 19 19 18 21 18 23 25 23 21 23 27 26 26 28 26 28 31 25 32 33 38 33 33 32 34 37 36 37 37 39 37 36 38 43 43 41 41 40 41 42 46 45 44 41 45 43 46 44 43 46 45 45 44 45 44 45 45 42 40 43 40 37 38 40 37 37 30 22 27 17 16 15 14 10 14 11 12 11 13 7 4 6 3 4 5 7 4 6 4 5 4 4 4 4 3 4 4
23 16 21 18 19 20 22 23 21 26 21 26 26 29 32 32 31 26 31 31 33 37 34 37 38 34 35 36 34 38 39 38 38 41 37 41 43 43 42 42 44 43 42 42 45 43 47 46 44 45 46 46 45 47 45 46 47 45 44 45 46 43 43 40 40 37 38 33 35 25 26 23 22 15 15 16 9 16 10 10 6 8 5 7 6 4 7 4 3 5 5 3 4 4 3 4 3 4 3 4
19 24 19 25 23 27 29 26 22 28 29 29 28 28 28 31 29 37 31 33 34 35 33 35 37 38 38 37 44 45 38 41 40 43 44 39 46 45 44 45 45 43 45 42 46 46 46 48 45 46 44 47 46 45 46 46 45 46 45 46 45 46 41 44 41 38 36 38 30 36 31 24 21 24 20 14 13 10 12 14 7 7 8 9 4 5 5 5 6 4 4 4 3 4 3 4 3 4 4 4
25 23 23 22 29 28 27 24 28 29 28 28 30 32 35 32 29 36 35 33 39 37 41 39 39 37 41 39 41 41 41 40 42 41 42 43 44 44 40 45 45 44 45 46 43 48 47 45 45 46 46 47 44 48 47 46 47 47 46 46 44 45 46 42 40 41 39 38 33 33 27 27 15 20 20 13 19 13 10 9 9 5 10 5 6 7 6 5 4 4 3 3 4 3 3 4 4 3 3 3
21 28 28 28 27 33 32 29 32 34 31 29 33 34 33 41 36 41 39 39 34 41 42 42 37 42 44 42 45 44 41 40 43 43 46 44 42 47 47 47 46 44 46 48 45 48 47 47 47 45 45 49 45 48 48 45 47 46 46 48 46 46 48 41 42 41 38 37 35 31 36 30 25 19 17 21 23 17 14 13 8 9 8 10 4 5 6 4 4 4 3 4 2 3 3 3 4 3 3 3
25 30 31 28 30 27 27 29 29 38 32 35 36 35 39 35 39 36 39 44 43 39 39 41 44 40 44 42 39 44 46 44 44 44 46 45 44 47 46 47 46 46 47 46 47 48 47 47 47 48 47 46 47 46 47 48 49 47 48 45 46 46 44 44 43 40 41 36 37 40 35 26 23 24 16 19 17 17 14 13 6 7 6 4 7 5 3 6 4 4 4 3 2 3 3 3 3 3 2 4
33 33 29 33 30 36 35 35 38 36 36 38 35 33 42 41 38 41 38 41 44 40 40 44 42 43 43 42 43 43 45 45 43 46 44 46 48 45 45 46 46 48 47 48 47 47 47 47 48 46 50 47 45 46 48 48 47 48 47 47 48 45 46 45 40 43 35 42 36 43 30 31 24 17 20 19 18 14 11 13 12 9 8 9 5 8 6 5 5 3 3 3 3 3 3 3 2 3 3 3
30 33 34 35 33 37 37 32 40 39 43 38 39 38 41 41 40 41 44 41 39 44 40 44 44 47 45 45 43 44 47 46 46 47 47 46 48 48 48 48 46 47 49 47 47 48 46 48 46 48 48 47 48 49 47 48 48 48 47 47 46 41 47 47 44 45 45 42 40 35 33 34 26 25 22 16 19 16 15 14 8 7 7 9 6 5 7 3 4 3 3 4 2 2 3 2 3 2 2 3
33 34 31 37 36 36 39 38 39 43 42 36 43 41 44 40 43 45 45 41 43 45 44 47 44 45 47 49 47 47 48 48 44 47 47 48 47 48 46 47 49 47 48 47 46 50 46 47 48 47 47 47 47 49 47 49 49 49 47 47 49 48 47 46 47 41 40 45 40 38 42 31 25 23 18 18 22 19 19 15 11 13 9 10 8 6 6 7 3 3 3 2 3 3 3 2 3 3 3 2
35 38 38 40 37 37 38 40 41 40 40 43 41 43 42 41 45 45 44 45 41 44 45 46 45 46 46 46 47 48 47 48 47 46 46 46 46 48 48 47 48 48 49 47 47 47 49 48 48 48 47 47 49 50 48 48 47 49 46 48 50 47 49 49 48 45 44 43 41 34 35 38 28 27 23 22 19 14 19 17 8 14 11 10 6 7 7 6 4 5 5 3 3 4 2 2 2 3 3 3
37 36 35 38 37 36 41 42 37 40 45 40 42 41 44 43 44 45 44 45 46 48 44 48 46 46 47 47 48 47 44 47 48 48 47 47 48 47 49 48 47 49 47 48 48 47 49 47 49 48 48 47 48 49 48 47 47 47 49 48 48 49 49 47 43 44 43 42 41 42 38 31 36 26 28 22 20 19 19 22 11 14 8 7 7 8 6 5 4 4 4 2 4 4 4 5 3 3 3 3
34 35 38 36 36 38 40 42 43 44 42 43 39 44 46 41 45 47 47 45 46 47 44 42 48 47 46 47 46 48 48 48 48 47 48 48 47 48 48 48 49 48 46 49 48 50 48 48 49 49 47 48 47 50 47 50 47 48 47 47 48 49 49 50 46 45 46 42 46 42 43 34 37 31 29 21 28 19 24 13 16 11 14 10 4 9 7 6 5 3 4 4 4 4 3 3 2 3 4 3
39 39 39 38 40 40 38 45 44 39 42 44 45 45 43 45 42 45 44 44 46 45 45 47 47 46 48 47 47 49 47 48 49 49 48 49 48 47 48 46 50 47 47 48 47 48 48 47 48 48 48 48 48 47 48 48 48 48 50 50 48 49 48 48 48 46 43 44 41 40 42 40 32 25 29 24 28 21 25 19 13 12 10 8 9 8 6 8 6 5 3 4 3 3 3 3 3 3 3 2
37 38 36 41 41 39 38 38 41 43 43 42 41 45 44 45 47 46 46 48 46 45 48 46 47 48 49 47 48 48 47 49 48 49 48 50 47 49 49 49 50 47 47 46 47 49 50 50 49 49 50 49 48 49 49 49 48 49 49 47 49 48 48 50 46 49 46 48 47 45 39 38 42 37 31 25 30 26 20 20 17 17 15 10 12 7 7 7 7 5 5 3 5 3 3 3 4 3 3 3
35 36 38 36 37 41 42 41 43 42 42 42 43 44 42 42 45 43 47 45 49 48 47 47 46 44 48 49 47 47 47 48 47 48 49 49 48 50 49 49 49 50 48 47 49 48 48 46 49 47 48 47 49 49 46 49 49 50 50 47 49 47 48 47 46 49 48 44 42 43 41 43 42 37 32 30 27 25 23 20 15 15 14 12 11 10 7 10 8 7 5 6 3 4 3 3 3 4 3 3
36 36 36 36 40 41 41 37 42 41 41 41 45 44 44 45 43 48 44 46 47 43 46 49 47 46 46 44 50 49 49 48 49 48 50 48 49 47 49 49 48 48 49 47 50 49 49 49 49 47 48 50 49 48 47 50 49 49 49 49 49 47 49 47 47 48 48 43 45 48 41 40 37 36 39 32 32 18 22 17 23 12 14 11 8 11 11 8 7 7 7 6 5 5 3 4 3 4 3 3
31 34 37 38 36 38 40 41 39 39 40 41 41 44 43 44 42 44 44 42 49 46 46 46 45 47 48 47 47 46 46 49 48 49 49 49 49 49 50 48 49 51 49 49 50 48 49 49 49 49 49 47 50 50 48 48 50 48 49 49 49 48 48 47 46 47 47 46 44 47 43 40 38 33 31 34 33 31 22 23 19 11 19 11 10 12 12 6 8 8 7 6 7 3 5 3 5 4 4 3
32 32 34 34 37 38 41 39 39 42 36 42 42 44 44 41 43 43 46 43 44 47 46 47 45 48 47 49 44 47 46 47 47 49 48 49 49 50 48 49 49 48 49 48 49 50 50 51 49 49 48 50 50 47 48 51 48 50 49 50 50 48 51 49 47 48 48 45 48 38 45 40 36 41 32 31 34 28 25 25 19 22 21 20 11 11 12 15 7 6 4 4 4 6 7 5 4 4 4 3
32 38 36 39 33 36 37 35 37 41 36 41 39 41 41 44 42 42 47 45 45 48 47 47 46 48 49 47 47 47 47 48 49 47 47 48 50 47 47 48 50 48 50 47 49 48 49 49 46 49 50 47 50 49 49 50 49 49 48 48 50 46 48 48 49 48 45 47 45 43 42 39 41 34 33 39 29 34 28 20 24 22 20 14 15 17 11 10 9 10 6 5 5 5 6 4 4 4 6 5
30 33 33 35 36 38 34 35 38 43 41 38 37 40 40 40 44 41 43 42 40 41 43 47 46 44 45 45 49 48 50 48 48 49 46 49 48 47 47 48 49 50 47 47 48 48 50 48 50 50 50 49 46 49 49 47 48 49 48 49 50 47 46 50 49 46 48 47 42 48 41 43 44 34 30 30 32 29 26 28 25 23 22 19 15 15 9 8 10 9 7 7 9 5 4 5 4 4 3 4
26 29 31 31 31 32 29 36 36 36 37 37 42 41 38 39 41 43 42 47 46 45 41 45 46 45 48 48 48 45 47 45 47 47 48 48 49 49 48 50 46 49 49 50 50 48 49 48 49 48 49 50 47 48 50 45 50 48 49 49 47 50 48 48 47 49 48 46 41 46 42 35 41 42 30 35 41 32 28 29 25 23 27 16 16 19 13 13 10 11 6 9 4 8 3 6 5 4 5 4
26 24 29 29 35 30 34 35 33 39 36 34 38 36 38 40 40 43 39 44 41 43 44 42 43 42 42 45 45 48 49 46 46 46 48 47 48 49 49 47 50 49 50 50 46 47 48 48 51 48 49 49 47 50 48 48 48 50 48 48 49 44 48 45 46 47 49 45 48 42 40 40 38 37 30 37 29 35 30 21 28 25 23 16 20 15 10 17 10 12 8 10 7 5 5 4 5 7 5 4
23 25 26 28 30 32 29 34 34 30 32 34 39 35 38 42 37 44 40 40 43 40 42 41 42 44 46 44 41 44 47 44 48 46 46 48 49 48 49 45 46 50 47 48 48 48 49 49 49 47 48 48 47 48 48 50 48 48 49 47 48 49 48 46 44 47 45 43 50 40 38 38 37 31 36 33 32 26 26 28 28 25 18 19 19 13 16 11 9 11 7 8 4 5 9 6 5 6 8 4
20 25 23 28 27 25 26 30 28 30 29 33 34 34 35 40 34 36 34 41 36 41 40 43 37 46 44 46 44 44 42 46 45 44 46 48 48 47 47 46 48 45 46 48 48 49 47 47 49 48 50 49 47 48 50 47 46 46 47 48 46 47 48 46 47 46 47 41 46 45 46 41 35 36 34 31 28 33 23 25 24 17 17 13 17 15 11 10 13 9 12 7 9 7 10 7 7 5 5 6
19 20 18 21 26 24 27 30 28 29 27 27 28 31 35 35 34 36 33 38 35 41 40 38 46 40 40 42 40 43 46 45 44 47 46 46 47 45 48 45 45 47 46 47 48 48 48 48 47 47 47 46 48 49 48 46 48 45 48 50 46 45 45 49 42 45 43 43 44 41 40 36 40 37 26 29 33 20 26 23 23 19 26 23 15 12 13 13 11 11 12 9 8 7 6 9 6 6 5 5
17 22 18 20 23 20 21 20 24 26 28 33 29 31 28 30 28 34 30 34 30 37 37 35 35 38 37 36 40 42 43 43 42 46 45 44 41 45 46 46 45 46 44 48 48 46 46 45 46 46 47 46 46 44 47 47 47 48 45 47 47 47 42 44 42 43 42 42 42 41 35 34 31 36 32 27 20 25 27 23 18 26 25 19 14 14 14 10 10 9 8 4 7 8 9 6 6 8 5 6
16 18 18 19 19 19 19 24 17 22 24 22 22 28 27 25 27 29 32 32 29 32 34 32 33 35 39 38 36 37 38 38 38 39 41 40 41 44 42 41 41 42 45 45 44 43 43 45 42 46 44 45 43 41 44 44 43 41 44 46 44 39 44 42 39 39 38 40 34 34 30 33 36 30 33 25 20 22 19 21 26 15 15 16 13 16 7 7 8 7 7 8 7 8 8 7 7 6 6 5
