388 389 396 391 380 383 384 375 382 386 371 382 364 382 376 363 368 357 376 359 357 357 332 334 344 316 347 346 329 333 315 317 301 309 280 276 299 289 312 307 253 284 290 281 253 241 218 214 240 196 249 226 188 237 182 203 217 213 253 261 298 316 317 325 336 369 341 389 384 394 403 409 414 415 417 419 424 423 425 429 429 432 432 431 431 435 433 437 437 441 441 438 437 438 437 439 439 446 438 440
378 383 389 401 387 381 380 373 391 374 369 373 372 379 353 350 382 352 361 361 359 358 353 338 339 319 338 321 315 336 335 325 287 299 299 284 307 301 294 264 266 270 274 253 220 237 224 185 236 216 242 221 200 207 203 199 231 226 257 286 244 290 310 318 364 371 346 362 366 397 389 389 409 417 419 423 408 422 426 428 425 431 431 435 431 438 439 441 437 441 438 439 438 438 441 437 442 439 441 438
385 390 385 386 368 379 386 386 373 376 379 372 364 368 367 360 369 376 348 353 354 364 332 351 353 329 328 331 332 340 319 327 320 314 315 300 281 276 276 285 280 255 253 263 268 261 218 248 197 190 220 210 224 166 165 256 223 239 245 215 286 293 291 317 327 367 367 378 387 392 405 389 398 403 414 424 421 423 422 431 430 427 439 437 431 439 438 439 439 439 436 439 438 439 442 439 436 441 440 440
390 383 395 391 383 388 380 384 376 381 354 389 374 351 372 351 369 352 371 345 361 357 350 345 355 330 331 316 352 311 323 300 314 310 305 296 304 301 286 275 283 268 249 253 235 225 230 222 205 221 241 210 222 183 183 227 230 239 268 300 293 280 308 344 321 354 358 386 370 392 405 393 421 416 411 417 422 423 424 432 430 438 434 433 434 437 442 435 438 439 437 439 439 437 439 441 442 443 442 439
388 395 385 399 370 383 383 378 377 376 365 368 375 370 367 374 362 362 338 372 349 360 354 341 348 337 352 322 336 334 316 325 305 322 306 312 312 288 286 274 258 269 278 246 262 250 217 240 207 256 223 227 216 189 189 228 238 214 240 261 267 316 351 344 348 359 378 361 367 393 388 380 397 405 421 419 422 418 423 430 430 435 435 436 434 437 437 438 437 437 437 442 442 436 438 442 437 441 440 441
390 394 396 385 397 379 384 377 378 384 370 368 374 361 356 364 367 371 366 355 342 360 334 350 330 348 336 343 316 337 314 312 307 315 300 292 281 300 299 273 262 296 264 236 254 253 199 235 221 176 234 249 212 209 197 198 269 239 250 264 294 314 331 338 333 345 360 379 371 397 391 396 408 414 410 423 431 426 429 434 429 435 429 439 437 429 437 436 441 439 436 441 437 438 436 440 437 436 442 440
401 392 380 371 377 381 390 359 384 384 375 380 384 366 369 373 372 371 354 370 359 338 348 345 349 346 346 334 341 336 310 301 284 291 305 316 317 254 279 298 291 281 263 238 241 260 212 247 235 246 238 198 234 193 222 201 217 269 243 246 254 300 324 344 348 366 391 390 372 392 400 418 400 418 415 419 412 425 433 430 434 429 428 440 433 434 437 436 438 440 440 444 441 440 439 437 440 441 441 438
398 382 393 372 370 381 371 395 388 387 386 377 374 354 372 367 352 364 355 336 354 356 360 361 337 321 316 337 318 349 338 321 316 313 323 303 299 269 274 293 240 258 270 248 250 247 245 233 215 222 210 209 203 196 180 226 213 245 261 251 302 291 304 332 319 342 353 385 384 395 408 406 406 418 413 418 420 424 433 429 430 434 435 435 437 436 441 438 439 438 443 436 439 439 440 440 442 438 441 439
396 398 379 386 379 377 379 382 382 380 371 371 358 376 366 366 376 357 373 348 363 344 346 365 351 348 351 329 328 329 324 327 304 289 320 275 297 285 268 260 266 276 269 289 253 259 254 213 242 212 193 218 194 181 182 211 210 254 254 247 291 266 306 339 361 358 361 369 394 361 409 393 416 415 419 406 426 426 418 429 429 435 431 422 432 429 438 436 440 439 437 439 442 440 439 439 441 439 437 441
394 387 397 386 387 380 395 381 370 380 386 368 373 372 361 362 376 372 382 370 355 328 354 343 332 350 342 315 324 317 348 330 333 301 317 314 291 258 283 306 247 258 292 267 267 273 214 234 228 196 188 187 215 197 219 240 234 201 267 257 278 302 324 363 348 344 371 343 397 388 406 407 410 396 419 415 416 418 427 430 432 436 437 432 435 433 436 433 440 439 441 440 443 439 438 437 439 436 439 442
381 393 391 397 387 375 381 391 393 381 365 367 384 368 358 371 381 368 362 348 354 345 355 343 361 335 313 347 300 330 315 323 318 305 308 309 292 270 290 266 282 236 230 263 265 248 241 224 211 210 229 227 218 225 186 174 229 183 245 286 309 297 324 319 333 334 370 349 385 397 406 400 422 417 422 412 420 420 430 431 433 426 432 438 438 435 438 438 437 439 440 439 441 437 438 440 440 437 443 440
388 382 386 393 383 397 384 376 371 375 374 376 382 379 382 370 369 362 352 361 358 346 356 336 318 332 324 353 342 330 342 324 312 313 314 292 302 250 289 281 274 273 257 234 236 252 232 227 254 206 218 186 207 205 206 190 253 240 264 222 291 308 335 336 371 361 372 362 364 399 394 398 401 395 416 420 413 420 425 425 434 433 437 432 434 435 435 438 439 439 438 441 438 437 441 437 438 440 438 438
386 394 391 383 387 376 376 362 387 385 382 371 369 359 358 360 352 373 352 353 356 344 338 351 348 344 339 328 351 331 313 323 323 297 288 296 303 278 297 287 271 252 272 244 259 220 239 239 218 209 172 190 225 181 207 215 210 233 260 259 291 301 349 322 350 365 386 356 369 391 380 402 419 401 409 431 426 428 426 429 430 428 434 439 435 438 438 438 435 439 437 441 440 439 440 439 442 441 439 440
410 396 383 386 378 375 391 388 392 377 378 366 368 371 356 357 353 345 355 359 370 347 354 341 324 343 335 322 321 339 330 335 291 321 303 296 281 310 305 290 285 265 257 252 246 216 214 237 198 201 198 227 217 217 193 191 219 243 273 301 299 294 334 296 365 367 372 356 390 386 413 400 401 422 418 409 424 422 433 424 419 430 435 437 437 431 435 438 435 437 435 440 441 441 435 440 440 442 439 443
386 401 390 379 390 369 385 382 381 387 383 376 371 369 374 354 364 361 370 372 358 354 359 344 338 342 341 319 318 331 310 324 306 299 282 291 293 271 276 301 263 281 248 258 249 244 251 230 241 258 220 208 171 230 230 222 226 255 198 242 300 272 341 305 343 337 358 372 378 409 383 405 408 409 419 411 423 424 429 433 429 431 433 435 437 438 433 434 436 441 437 442 441 439 440 440 439 444 440 442
406 387 391 391 381 381 393 379 368 373 373 373 390 379 355 374 362 363 375 350 364 363 342 350 354 337 332 328 326 312 297 325 302 312 302 304 306 300 270 285 279 265 261 242 257 222 250 207 232 235 199 205 189 223 222 225 259 213 293 274 277 307 265 304 362 348 370 382 399 384 393 407 408 420 395 413 421 424 427 425 430 433 432 432 433 430 437 436 437 440 441 436 441 439 440 438 440 440 439 437
398 392 385 383 393 375 379 371 373 383 370 358 392 368 378 374 370 345 377 356 357 344 359 350 340 319 316 338 314 356 306 322 319 288 290 274 313 313 284 284 288 261 252 278 230 253 223 230 228 228 198 202 175 208 244 207 216 241 244 244 287 297 330 332 314 357 376 368 379 394 394 399 399 417 414 413 417 425 419 431 435 435 435 436 434 436 440 441 438 443 440 439 436 438 438 438 441 438 439 439
386 387 386 385 383 384 390 384 371 388 380 363 378 373 349 359 370 362 344 360 350 352 340 354 339 341 336 330 327 317 332 296 309 311 295 284 293 278 256 288 262 315 246 241 235 219 234 235 233 194 221 215 216 247 203 216 228 225 263 253 262 305 314 309 358 355 348 378 376 408 402 402 403 419 409 411 427 436 431 434 430 431 437 431 431 437 439 438 435 431 438 439 438 438 440 439 439 439 441 439
385 393 390 394 383 385 377 381 380 378 357 381 372 370 361 353 336 344 374 351 363 355 346 347 348 337 337 325 342 338 289 317 307 299 301 284 296 292 280 285 271 263 272 239 226 238 246 238 178 238 226 218 194 221 229 219 214 249 246 245 282 263 276 333 331 342 331 340 378 382 407 398 404 414 410 427 429 426 432 429 432 428 436 437 435 436 441 440 438 435 438 441 440 438 439 440 442 440 440 438
392 388 392 382 366 385 385 374 379 382 374 373 367 385 377 359 371 373 349 351 370 345 360 358 357 347 327 356 342 309 321 318 305 310 316 285 288 310 310 290 280 257 286 244 219 245 232 229 215 205 212 174 199 231 215 210 229 224 253 235 315 297 338 333 367 352 365 379 376 395 364 403 412 412 412 427 423 419 428 429 427 430 432 435 435 438 440 439 437 435 442 442 443 441 438 440 439 441 441 442
385 384 389 378 390 391 379 382 386 367 380 369 365 383 360 376 374 377 357 353 356 343 352 363 338 321 348 309 341 299 339 309 310 303 308 301 316 304 287 271 290 293 242 248 255 238 220 226 215 187 193 206 227 235 194 204 221 229 220 252 267 290 294 337 319 323 353 363 391 396 412 409 401 416 404 416 426 420 423 425 432 427 428 437 436 436 441 438 439 439 443 440 441 441 441 439 438 442 439 441
387 381 381 380 379 377 383 383 383 390 371 370 368 380 367 376 356 366 348 358 352 335 348 337 367 345 345 317 326 338 322 331 310 279 297 286 272 322 253 264 263 288 295 248 242 210 222 218 244 228 202 210 191 217 194 204 240 234 195 247 284 317 322 298 322 336 372 347 364 388 397 397 406 418 411 420 430 417 430 431 432 430 432 437 433 436 438 437 437 438 440 438 443 442 442 440 440 437 438 441
392 394 386 394 375 391 386 377 380 379 370 375 377 364 383 359 361 381 358 348 361 354 363 341 329 324 340 313 329 340 307 329 281 300 290 266 292 292 260 303 309 254 243 240 266 211 215 201 227 199 187 219 214 193 224 193 255 240 242 285 303 253 315 342 316 359 356 385 398 388 401 387 409 420 416 434 418 421 428 432 439 433 438 438 426 433 438 437 443 440 439 439 440 436 440 441 438 441 440 441
389 381 395 385 390 381 373 372 379 373 378 363 376 359 364 369 363 365 356 366 355 357 341 337 339 341 327 341 313 325 308 309 317 314 288 308 256 265 278 287 257 262 238 235 244 241 221 220 240 229 229 197 183 200 193 205 239 178 267 235 279 303 339 328 342 340 350 357 362 402 410 400 416 409 413 423 422 419 426 426 431 431 429 432 436 431 433 435 442 439 439 439 436 438 437 440 440 440 442 443
382 383 395 385 391 391 385 384 375 392 375 372 361 371 359 356 350 350 357 357 365 364 354 347 324 345 328 328 328 333 313 329 327 310 316 287 308 289 313 290 295 280 256 240 245 251 202 244 194 223 255 187 218 205 220 230 186 210 283 238 284 279 329 326 346 359 353 361 374 404 406 400 404 408 422 415 425 424 428 432 423 434 429 436 436 438 442 438 437 438 438 439 438 441 438 439 441 439 441 440
376 384 394 375 380 376 398 385 382 375 346 382 380 370 377 360 363 361 359 343 349 342 357 345 346 314 353 320 307 334 333 300 316 297 314 288 287 285 252 263 267 254 273 258 241 243 241 215 205 202 188 216 175 177 225 200 185 259 239 254 256 300 290 342 330 351 368 360 390 392 395 412 410 412 421 428 422 426 427 429 425 434 436 431 436 438 433 438 437 439 435 438 438 439 439 439 438 440 441 439
395 390 375 381 387 385 382 376 378 370 365 353 372 367 377 366 364 362 363 336 338 355 343 336 324 355 326 346 324 324 324 331 315 293 324 275 244 297 263 275 272 279 252 259 258 221 220 248 249 192 262 207 189 197 201 192 215 211 218 289 298 283 321 326 314 326 369 366 369 398 395 405 418 415 423 417 423 417 418 423 433 433 435 433 436 438 436 438 439 435 439 440 440 440 442 438 437 440 443 441
400 376 391 384 389 380 383 360 378 379 378 365 363 360 369 376 366 376 361 370 352 344 336 347 359 343 354 338 315 335 322 321 321 292 286 314 287 293 271 280 263 276 287 212 223 250 221 227 193 194 209 239 181 185 183 231 203 252 222 265 260 298 328 294 299 362 368 368 401 383 399 393 403 413 411 418 426 422 435 427 429 436 431 433 438 434 434 437 437 438 441 437 439 441 441 440 441 435 439 440
396 388 371 385 373 384 368 363 369 376 389 373 378 371 358 374 363 370 361 366 354 334 338 359 323 341 323 343 337 312 295 302 308 300 307 296 312 286 266 270 255 274 298 234 249 269 196 216 218 174 205 202 221 196 206 174 231 275 232 255 265 329 326 312 336 359 345 380 351 384 374 406 413 409 415 419 427 422 428 430 420 435 429 435 436 436 443 438 440 436 439 437 437 438 442 443 437 441 439 441
388 393 384 392 396 378 390 382 381 384 378 369 354 371 365 376 363 353 362 364 346 363 348 347 344 341 321 339 352 358 323 325 287 305 258 282 293 267 272 265 289 253 229 276 245 204 225 231 210 238 195 223 201 184 159 173 203 250 266 245 251 301 303 316 348 295 385 369 374 397 399 404 416 414 418 417 423 422 432 424 438 431 432 438 435 435 435 438 438 442 439 440 440 439 439 439 441 438 439 440
392 382 388 394 387 376 396 389 384 378 363 392 382 357 359 355 376 378 370 336 352 337 340 330 340 329 314 319 323 317 319 319 304 306 281 286 284 292 245 250 252 258 247 242 256 240 216 192 184 232 175 183 179 185 175 227 214 193 243 269 267 288 307 320 347 334 379 364 378 374 405 404 401 406 414 417 418 422 423 424 431 428 435 433 436 439 438 435 438 440 436 438 444 436 440 441 438 439 440 440
393 404 381 392 381 382 381 386 381 376 378 373 373 363 372 356 379 379 371 357 349 362 353 341 341 347 317 328 312 336 317 316 320 300 321 295 281 261 287 275 246 261 251 284 225 187 217 196 205 210 185 206 180 189 189 194 190 226 238 277 289 307 292 297 357 345 372 366 386 394 398 406 395 409 410 421 425 419 420 431 432 429 438 434 429 443 434 437 434 439 441 438 439 440 438 441 442 443 439 439
391 380 387 381 386 388 388 380 385 380 380 385 386 371 354 367 354 354 349 342 333 358 353 339 335 335 346 332 333 321 306 323 302 301 287 299 304 275 260 288 241 214 277 226 251 257 215 198 199 164 209 214 184 234 161 183 166 239 214 258 271 269 292 327 359 353 359 366 348 387 402 402 402 424 427 416 425 421 432 419 430 436 425 437 431 430 439 438 435 440 437 442 437 441 433 439 438 441 438 440
385 392 395 384 371 378 380 372 377 368 375 378 364 376 346 379 365 367 350 355 345 357 349 326 341 339 329 334 324 330 289 323 341 333 309 301 278 277 305 282 251 263 262 223 284 219 233 238 227 209 230 218 241 201 182 175 207 213 220 215 214 263 284 276 346 338 374 375 335 396 383 393 419 408 413 419 425 424 426 432 429 432 438 432 438 432 438 438 437 438 434 440 441 438 438 438 442 439 440 443
384 380 388 394 381 387 384 381 382 387 387 384 372 374 385 377 356 365 352 348 362 352 347 332 343 352 352 314 322 334 320 315 307 273 265 298 293 273 263 249 263 268 235 273 197 214 221 180 207 211 196 162 167 204 202 183 254 233 244 266 280 291 290 325 360 320 352 376 385 392 401 395 398 415 420 421 418 423 424 433 431 434 429 437 438 435 441 434 437 442 439 442 440 443 439 442 437 442 441 442
387 393 390 378 396 378 374 374 376 367 377 373 377 346 386 372 350 351 373 363 349 346 338 345 364 331 319 326 315 318 299 330 320 292 262 291 273 303 287 286 249 229 271 242 241 208 221 190 241 194 181 187 172 203 165 169 179 200 244 251 280 271 294 346 308 335 365 362 378 365 377 410 413 405 405 416 424 429 419 431 426 432 432 436 435 437 437 442 436 433 438 439 439 435 440 440 441 438 441 438
392 400 384 379 384 371 377 384 372 380 382 388 368 374 361 369 388 346 352 365 340 357 350 337 372 333 330 308 338 314 305 308 306 291 300 301 295 284 255 273 258 237 239 225 243 221 226 207 229 191 201 168 213 201 176 182 213 260 195 204 208 280 266 318 331 320 331 361 366 386 385 405 402 401 413 431 415 412 430 433 434 433 439 433 437 438 440 434 436 439 439 438 441 441 437 438 442 440 443 440
381 391 392 384 382 381 370 373 381 366 361 374 367 367 369 372 356 360 351 350 346 330 335 351 351 320 350 331 331 350 314 302 300 325 292 291 290 308 266 261 253 274 234 211 255 224 223 176 196 187 175 191 188 173 187 183 183 228 235 205 247 287 288 293 337 318 365 377 373 384 394 372 388 423 425 417 398 427 422 432 431 423 435 436 436 439 437 439 441 444 439 442 443 438 439 439 443 439 440 441
392 386 394 381 392 380 380 387 370 372 373 370 385 359 360 356 361 369 351 370 347 354 343 344 340 340 327 317 314 331 323 325 299 324 300 297 308 274 267 272 236 249 262 234 254 195 170 194 193 182 171 152 173 158 151 190 224 156 235 254 243 253 259 307 329 314 364 365 360 401 385 395 398 413 418 405 424 424 427 432 434 432 435 435 434 439 433 438 440 435 435 439 438 438 438 439 442 441 440 440
383 382 395 376 379 370 384 372 382 380 380 366 366 359 357 350 354 352 357 357 356 349 375 336 353 329 321 357 325 311 297 332 296 302 257 306 255 249 245 259 287 241 207 207 232 220 219 179 180 203 172 174 169 150 169 184 190 208 208 248 229 245 267 288 315 339 361 369 384 390 403 401 416 406 418 417 432 418 437 430 433 435 431 436 437 432 437 439 437 439 438 440 437 438 437 444 438 441 439 440
392 389 386 384 381 389 389 377 379 366 359 367 370 382 338 352 374 357 353 339 359 345 352 352 345 313 333 333 316 339 311 307 305 269 289 283 297 260 270 279 291 250 214 209 196 222 217 214 206 194 167 150 177 169 157 173 220 174 273 210 240 256 289 263 331 311 348 329 374 378 395 400 399 421 409 407 421 432 429 425 434 431 418 438 433 434 434 439 440 439 438 441 438 441 441 442 441 441 441 441
393 386 389 395 386 377 381 383 382 361 372 371 364 368 363 356 340 379 366 360 342 349 345 350 344 332 356 307 308 337 324 315 295 308 287 302 282 271 211 255 223 222 235 226 198 194 195 187 203 159 174 161 136 153 182 170 156 189 183 239 260 251 274 314 344 339 372 351 358 401 396 406 412 402 407 416 426 428 421 430 431 431 432 436 433 434 440 437 439 440 442 436 440 440 440 441 439 442 439 442
386 384 391 380 378 392 377 373 379 369 392 377 381 361 364 348 358 363 371 348 360 335 335 345 356 340 314 316 323 285 308 284 293 295 293 265 280 258 253 233 246 222 263 223 215 177 176 175 186 182 186 114 136 166 125 138 150 217 188 211 209 216 303 288 240 337 337 333 370 406 392 407 400 423 416 418 426 417 427 435 429 428 434 440 432 436 439 437 435 440 436 440 442 436 440 444 438 437 442 442
393 377 387 376 381 390 380 380 385 389 379 372 368 372 366 363 357 358 353 330 337 359 322 348 327 339 307 328 322 306 299 297 281 303 289 269 264 276 261 240 219 262 218 228 212 206 212 187 161 158 176 135 144 166 181 125 145 134 218 172 228 234 262 290 323 330 329 326 344 385 386 383 400 416 412 417 425 428 421 422 432 436 440 437 433 438 437 438 439 433 434 440 440 439 439 441 441 438 437 439
396 386 382 379 381 376 390 382 379 374 371 369 357 358 369 366 341 379 341 354 345 335 352 354 344 312 333 308 304 324 345 292 285 288 290 257 241 255 243 223 238 215 236 252 191 222 183 174 174 148 169 141 120 161 194 202 135 141 171 206 244 263 271 333 297 315 334 333 368 383 396 390 408 397 427 416 410 416 435 432 432 418 438 437 438 436 435 438 440 439 438 442 436 438 438 441 440 439 439 439
392 386 387 378 386 383 386 380 381 374 381 361 373 372 372 381 368 368 370 340 345 340 350 324 355 320 312 300 298 312 315 315 286 264 249 283 301 267 252 234 251 238 209 232 219 172 178 163 181 190 146 182 121 128 148 132 154 178 195 209 240 272 272 275 307 309 333 340 356 375 386 409 398 421 408 412 423 431 425 431 429 422 436 436 440 435 439 439 439 439 436 439 439 442 438 440 438 442 443 439
386 394 373 385 390 370 388 383 365 378 368 381 376 369 366 363 343 361 357 360 333 334 336 342 328 324 334 292 331 292 302 306 288 265 260 263 244 267 227 251 257 174 236 204 129 195 151 179 157 134 146 152 162 126 99 173 174 115 222 200 196 251 248 329 263 289 340 343 362 384 389 401 389 392 410 406 424 422 435 430 433 436 431 426 435 436 439 438 439 438 439 442 438 440 440 441 443 437 441 438
389 389 395 387 386 386 380 357 378 381 379 367 371 354 348 335 361 376 349 353 369 338 346 340 333 323 311 326 335 299 293 315 306 281 282 264 247 240 242 231 236 241 229 197 174 168 171 143 143 138 136 186 126 146 122 172 144 183 173 204 210 265 247 297 316 342 292 332 333 379 382 375 400 406 412 416 411 420 419 432 434 433 429 437 438 436 439 440 435 438 438 439 439 440 439 441 438 441 443 437
390 396 399 393 385 388 377 379 368 365 376 373 362 381 372 350 362 371 355 355 349 343 317 328 317 326 331 290 318 310 314 313 296 307 254 278 264 235 201 225 215 194 186 180 185 154 148 153 119 190 129 139 110 98 138 90 120 125 165 182 205 216 250 267 296 292 346 356 355 387 398 381 385 413 411 433 415 432 427 422 432 429 435 436 437 436 432 435 437 438 436 441 439 440 439 439 439 441 440 441
392 386 396 386 380 392 388 366 383 376 371 365 368 370 352 363 362 330 343 356 333 336 303 366 333 312 293 308 305 317 302 299 289 298 233 278 255 215 226 213 225 211 206 215 215 172 147 170 171 134 131 129 94 119 103 138 125 148 157 139 181 181 250 293 263 259 316 318 333 368 392 377 382 402 388 384 416 408 423 435 429 434 435 433 432 443 439 436 442 439 435 438 441 441 438 442 439 442 441 441
391 384 377 377 376 377 378 385 373 366 383 380 378 348 365 359 375 350 356 336 340 350 294 339 321 338 314 334 298 295 297 305 268 269 253 226 277 246 243 203 212 185 193 165 161 163 155 176 146 169 107 105 103 99 128 113 113 153 146 160 216 229 253 291 240 310 332 303 349 355 402 408 388 401 414 424 425 420 429 433 427 431 424 430 433 439 436 440 436 437 440 437 439 437 437 441 440 441 439 442
383 387 386 397 389 370 383 380 385 373 369 369 376 358 351 363 346 356 340 359 361 352 337 316 317 322 319 317 331 324 296 295 293 273 280 233 211 240 201 236 207 201 202 152 196 178 189 130 118 147 90 101 118 121 121 116 84 154 126 172 210 225 224 267 257 270 285 296 309 330 378 390 391 415 404 406 428 425 424 428 433 432 436 435 423 434 438 440 436 437 442 440 440 442 439 440 442 438 441 441
386 379 379 380 378 385 381 381 368 367 382 372 368 364 342 358 359 354 321 338 325 331 337 302 322 309 302 285 219 315 245 261 264 238 252 246 223 229 201 232 184 161 169 148 155 169 155 134 119 144 103 109 68 67 93 113 101 164 145 204 201 187 253 220 291 301 264 297 297 364 407 379 372 418 377 428 409 414 412 417 435 434 424 440 438 438 436 441 441 437 437 440 440 439 438 441 435 441 442 440
385 389 382 399 394 388 370 374 370 367 363 363 375 359 356 330 345 355 352 339 365 337 337 332 317 294 327 307 321 274 289 297 280 280 237 213 215 199 202 152 200 157 164 132 171 169 161 113 127 117 102 132 86 91 97 122 138 116 187 177 137 202 242 224 243 267 277 256 283 330 385 393 393 384 407 404 377 429 424 437 427 427 433 431 438 437 437 438 436 437 440 438 439 440 438 442 440 441 439 436
377 395 382 376 390 382 368 380 384 359 381 369 375 387 341 323 336 319 334 328 326 358 319 310 307 296 303 291 276 244 251 244 253 249 239 209 226 187 186 202 211 158 199 179 120 105 140 127 87 119 132 104 102 95 104 125 98 95 121 136 153 163 213 239 261 281 320 284 296 351 387 359 369 398 413 398 417 421 419 425 436 436 415 434 434 434 435 437 438 438 440 438 441 438 443 441 442 441 443 437
391 379 387 384 394 389 368 385 371 372 366 338 350 372 358 351 355 337 338 353 338 318 298 337 332 296 292 306 259 237 261 258 250 216 201 210 249 182 207 200 187 136 151 181 143 117 106 111 136 127 99 81 66 80 79 90 99 108 103 120 162 198 192 173 249 254 285 332 312 361 365 373 410 401 404 402 400 425 423 422 416 435 426 427 419 440 437 437 437 442 437 438 438 440 439 445 441 440 439 442
380 387 387 375 377 377 376 372 372 362 359 352 358 343 354 352 356 329 334 315 328 360 302 290 334 265 289 304 266 255 279 225 214 227 238 173 206 181 170 225 175 163 129 130 175 131 152 112 92 88 75 85 68 99 90 71 96 102 126 155 159 144 185 234 260 243 301 268 284 351 353 343 378 387 385 393 401 415 420 424 417 413 428 432 428 436 438 442 438 440 438 440 439 440 441 443 439 439 438 440
384 380 385 379 363 377 371 370 346 370 366 377 350 354 348 325 343 328 342 317 306 293 313 332 292 278 304 274 281 274 245 250 217 166 236 199 230 167 242 183 148 158 189 130 132 112 144 112 106 115 63 73 82 67 60 99 108 103 123 119 135 115 164 194 249 238 290 298 292 326 360 372 389 395 401 413 394 412 431 417 434 430 435 425 436 431 439 436 432 438 440 440 440 437 442 439 440 441 442 443
388 375 395 387 389 368 362 360 365 369 371 336 373 352 343 332 341 317 338 325 315 306 307 325 284 297 297 306 259 291 264 250 290 206 193 194 237 167 161 144 128 131 155 114 100 131 91 98 74 109 75 47 71 72 67 54 79 76 115 116 138 157 169 222 201 285 270 206 238 305 361 343 390 382 401 406 412 415 422 421 423 432 430 440 437 435 439 438 439 440 437 439 436 440 438 440 440 442 438 441
375 373 380 389 390 371 376 364 359 365 369 359 327 332 331 355 333 358 336 314 321 335 254 297 271 302 274 267 249 271 222 237 196 278 255 173 160 144 130 173 124 152 86 84 97 96 85 69 108 55 78 70 77 70 62 77 91 116 82 96 136 154 204 228 231 230 245 215 263 319 366 376 368 378 399 403 408 418 416 425 430 435 435 435 439 430 431 439 436 439 439 440 439 438 439 439 440 443 441 440
367 392 374 376 366 372 361 368 371 340 368 358 362 337 315 337 341 321 318 320 306 283 307 295 261 283 269 275 265 221 236 226 236 169 213 165 159 208 172 124 152 146 178 89 113 94 83 120 101 100 59 61 40 40 53 72 58 51 99 106 111 150 170 182 177 217 213 230 237 336 341 319 372 362 376 374 407 412 433 423 427 438 436 435 431 432 436 437 437 440 439 440 440 440 445 442 438 440 441 438
395 368 374 373 386 374 384 360 352 358 357 323 345 331 321 323 305 319 330 327 280 282 256 263 289 250 279 221 236 256 233 241 171 175 212 181 213 145 167 92 147 170 114 124 105 92 90 106 75 65 57 44 63 41 35 48 71 109 111 97 122 107 186 202 191 197 235 253 225 225 355 386 379 405 388 419 394 398 421 429 434 425 429 430 429 438 441 437 435 440 437 435 439 437 439 439 437 439 438 440
370 377 356 380 381 351 367 363 354 338 352 334 348 305 349 330 332 296 272 326 307 278 257 273 256 219 199 258 241 271 193 193 193 151 168 169 125 171 151 153 114 100 125 78 52 90 66 70 81 75 66 63 55 37 54 55 45 82 60 124 117 100 159 212 182 212 250 240 255 338 365 380 369 349 400 390 403 411 416 405 419 431 438 434 439 437 428 437 439 437 438 438 436 438 438 442 438 439 439 440
373 373 383 372 370 377 368 368 346 369 366 338 323 347 344 335 275 329 327 309 296 247 311 253 254 235 229 190 226 176 179 203 191 180 158 145 145 163 173 103 155 140 128 91 81 76 69 75 108 66 45 34 48 36 50 70 41 86 72 94 116 109 135 161 161 230 232 251 269 260 311 318 338 387 331 377 391 381 406 423 416 422 433 435 422 435 425 443 438 438 443 439 441 441 432 439 441 440 440 439
381 380 377 382 387 387 361 344 360 320 344 340 357 348 286 302 281 311 251 252 263 269 300 255 236 269 270 260 209 208 163 163 212 155 145 147 127 165 157 111 152 131 86 117 98 59 47 61 77 46 66 73 36 60 36 44 54 53 65 61 101 164 120 158 179 197 188 179 221 263 329 356 371 387 330 367 366 393 393 434 425 435 418 429 438 418 439 440 439 441 442 439 439 432 440 439 441 439 440 440
386 398 363 373 378 342 332 368 355 338 333 315 322 309 295 321 313 275 306 269 246 252 235 262 237 221 205 217 180 206 194 218 188 180 155 140 117 125 100 79 91 71 63 87 63 61 45 91 52 71 36 61 35 57 56 30 62 46 47 100 68 113 101 132 114 151 168 272 222 245 311 365 333 373 387 358 383 403 408 409 415 425 409 426 431 439 430 434 437 441 428 437 437 440 439 437 439 443 440 440
367 378 359 357 346 325 356 353 357 327 312 308 294 316 350 302 275 327 289 288 258 226 279 197 226 164 170 202 247 173 170 183 156 162 157 134 142 119 122 96 105 82 103 79 74 34 57 61 60 47 43 44 32 35 48 42 47 45 62 64 72 94 124 124 212 190 209 211 240 234 319 305 338 353 376 397 351 412 400 430 393 417 405 439 417 436 438 439 442 434 440 438 441 439 440 438 440 439 439 442
363 350 349 359 360 337 355 331 338 309 292 312 302 337 265 317 253 232 269 236 248 246 238 294 215 204 174 147 153 176 179 134 154 138 130 75 130 104 177 133 64 100 115 59 49 38 67 50 29 55 29 34 45 29 39 29 33 31 80 63 77 126 117 121 110 141 204 231 207 274 309 289 320 379 382 364 340 414 421 416 418 419 423 440 433 424 436 440 438 440 436 439 439 439 439 437 442 439 442 439
349 359 356 359 334 342 307 355 318 320 332 312 293 282 298 266 306 262 280 249 232 218 228 202 224 211 197 165 186 93 151 186 128 126 93 129 90 103 135 68 49 58 68 47 57 40 33 26 30 27 35 39 21 22 42 31 62 64 38 55 41 77 119 173 134 181 109 153 202 206 314 322 341 319 359 378 398 400 389 392 422 416 428 403 428 441 430 435 440 433 438 439 440 437 435 436 437 439 439 439
356 343 334 331 334 304 292 301 309 324 328 309 281 313 286 274 255 237 246 241 217 266 228 224 189 171 170 185 150 148 143 146 112 114 105 81 92 95 68 67 69 64 61 57 41 51 38 28 32 34 32 30 36 26 32 19 37 33 43 47 76 79 87 113 114 135 142 161 155 241 224 301 304 356 333 310 392 403 389 419 409 423 414 422 440 433 440 438 417 442 432 436 441 436 441 441 439 440 442 441
345 349 339 361 321 316 323 329 314 274 273 268 239 283 257 235 245 255 254 217 209 164 246 166 197 181 163 169 126 153 142 111 149 98 69 56 83 60 64 71 93 55 61 85 62 29 43 20 51 27 41 30 25 22 33 28 24 23 37 60 53 107 83 124 99 156 164 135 206 178 250 296 366 333 351 344 354 359 371 402 416 423 420 426 441 439 437 441 428 438 440 438 439 440 439 442 440 438 438 439
356 321 350 333 339 316 330 320 288 304 266 238 254 237 247 230 221 217 214 200 188 179 164 178 152 155 157 174 107 130 119 59 94 98 86 91 64 86 65 59 81 49 48 35 34 44 24 31 20 36 24 17 28 25 25 18 36 38 40 16 63 58 60 108 159 130 188 212 149 204 233 263 296 360 291 382 317 314 372 403 420 375 410 440 437 428 429 433 438 429 441 439 438 439 441 438 440 442 439 440
340 350 313 328 303 287 274 293 284 275 196 257 255 239 220 258 217 221 216 197 184 142 173 174 151 168 186 112 130 132 98 87 142 90 71 90 63 81 79 53 58 59 37 37 42 41 32 17 24 24 19 24 24 24 22 23 25 29 26 53 42 56 57 79 88 166 110 173 185 188 279 300 275 345 353 385 339 368 374 349 408 431 401 437 428 421 436 430 420 440 436 438 440 439 439 439 439 439 440 439
293 310 341 298 304 302 276 291 241 230 256 266 249 209 218 212 196 209 195 160 224 156 158 106 145 151 139 125 103 108 91 103 75 102 112 81 45 58 59 50 65 42 45 24 22 45 40 17 27 19 22 30 22 24 18 25 29 25 31 26 48 67 43 87 104 101 74 114 112 192 246 210 306 319 330 342 383 339 370 356 376 362 404 431 418 438 438 432 404 439 428 441 431 437 438 439 438 439 438 443
275 327 289 293 295 294 270 249 269 227 261 221 213 193 180 169 165 212 172 174 164 116 130 121 114 139 135 103 131 108 84 85 93 77 86 79 49 62 54 55 39 44 54 42 23 35 18 20 26 16 26 21 14 19 22 24 19 17 30 16 32 55 47 69 79 116 103 150 123 226 217 244 255 323 318 322 379 325 378 386 421 402 423 412 415 430 413 439 438 428 431 440 441 440 440 439 439 438 435 440
311 261 296 254 270 239 219 235 269 219 199 192 211 211 201 179 202 133 172 166 138 138 162 137 106 98 106 116 53 49 82 75 61 62 52 84 37 34 39 34 28 48 26 43 26 29 23 20 19 14 28 17 18 23 20 20 20 15 30 15 35 24 48 47 80 94 125 96 163 123 161 232 273 249 276 336 353 380 352 333 405 405 403 403 430 422 432 430 421 428 440 438 439 440 439 438 438 439 441 438
267 286 281 294 234 235 241 252 220 208 221 207 203 184 152 179 191 137 139 148 94 115 76 102 103 116 77 93 69 70 60 93 65 67 65 53 42 44 72 25 50 35 24 24 26 17 24 26 24 21 20 19 19 18 22 19 24 16 19 25 25 33 29 59 88 68 100 114 153 149 202 208 322 281 277 341 294 352 368 378 395 419 388 430 414 406 422 430 431 428 441 438 433 440 441 440 440 438 441 441
303 255 243 238 261 202 203 217 186 189 191 201 169 175 178 105 140 103 111 99 145 86 85 72 112 81 61 70 47 68 73 76 59 46 33 52 45 26 21 24 23 45 27 23 28 29 16 16 22 30 16 17 16 17 17 18 14 25 19 14 19 18 35 73 52 78 99 124 129 182 130 182 244 291 306 274 256 313 346 345 394 395 395 370 436 428 421 430 430 428 438 427 439 440 439 438 437 439 440 438
273 230 240 250 240 250 246 211 227 152 194 161 149 166 107 165 116 140 112 66 70 107 93 92 63 93 66 56 94 46 45 54 43 37 20 38 44 22 28 30 22 27 16 15 18 16 17 17 19 12 22 15 20 20 20 11 15 18 16 26 20 28 35 43 50 86 82 125 105 83 141 227 234 248 313 291 309 311 337 353 412 396 413 423 397 422 437 414 438 432 431 442 442 437 438 437 439 438 439 441
227 222 243 214 241 178 192 184 147 152 160 134 160 179 105 112 129 85 119 91 70 95 102 68 79 65 56 70 54 50 50 50 54 38 29 28 25 38 35 31 26 15 30 18 24 20 18 25 12 15 11 17 17 17 16 16 19 23 19 10 14 29 29 35 74 51 133 74 127 61 178 186 237 296 287 280 304 328 359 347 353 386 395 378 413 391 406 420 419 432 439 441 438 439 437 441 439 436 436 437
260 229 212 205 207 187 156 193 149 136 121 148 137 138 94 116 109 111 77 82 108 72 86 61 46 45 44 37 57 54 42 39 41 20 33 24 19 21 23 18 25 17 15 20 13 15 14 13 21 16 18 19 16 16 13 14 13 14 19 13 13 61 27 30 42 41 39 80 90 128 150 149 224 238 263 315 285 329 330 327 394 396 397 386 414 412 404 437 420 433 431 419 441 439 439 440 439 440 440 440
232 213 234 197 193 192 163 154 138 113 114 170 99 107 82 104 89 83 67 101 83 54 61 47 65 50 36 28 29 21 29 28 42 26 25 18 24 17 24 21 16 15 18 15 16 11 15 12 12 19 14 18 18 16 10 13 14 13 13 22 22 19 37 35 30 76 96 61 85 102 69 193 220 243 291 294 267 288 287 327 353 344 384 363 390 412 402 396 431 439 438 438 437 440 438 443 437 440 439 442
220 185 195 158 184 183 162 132 136 122 131 105 118 89 89 97 71 64 64 77 87 63 60 46 56 46 36 35 29 37 23 17 26 30 28 25 30 15 18 25 19 16 13 16 15 12 14 13 13 16 12 13 10 14 9 14 11 14 17 15 9 15 10 24 28 38 45 62 87 144 143 114 217 213 252 257 290 335 286 304 390 339 355 380 413 404 403 413 430 419 416 441 439 430 441 437 440 437 437 437
192 207 208 180 164 184 145 132 162 132 90 105 116 122 78 83 65 75 68 48 68 54 60 40 55 52 32 26 30 37 46 32 25 19 25 29 22 20 14 25 19 18 13 18 13 14 13 14 14 13 13 11 17 14 14 10 14 12 10 12 13 11 19 11 48 48 65 55 85 80 113 185 132 235 212 266 281 296 302 264 363 337 388 394 403 387 411 414 431 434 429 438 430 430 430 426 439 437 438 437
213 215 189 189 167 156 141 113 126 103 108 85 126 90 84 91 70 56 51 64 57 53 66 88 29 40 35 28 22 27 19 24 23 19 24 17 21 19 19 22 16 14 24 15 13 14 13 13 12 15 14 14 16 10 13 13 13 13 12 15 13 12 25 9 35 37 36 79 40 85 58 140 135 188 188 263 212 279 254 338 317 359 337 376 423 379 404 411 422 431 431 429 431 428 437 437 437 440 437 438
177 159 166 164 143 140 154 101 114 122 93 96 75 72 83 72 77 74 67 67 47 52 34 33 44 32 28 38 37 25 38 22 20 19 23 15 24 21 18 17 12 26 13 16 12 13 13 13 11 10 12 9 14 13 17 10 13 11 10 11 11 14 18 13 21 31 59 56 64 87 68 90 176 229 203 245 205 279 234 304 347 356 363 390 386 395 407 396 413 422 438 431 437 438 436 438 438 437 439 439
192 166 189 150 130 150 135 146 121 111 91 104 108 70 88 66 46 61 57 40 36 49 25 42 32 35 23 24 20 26 23 18 21 26 30 18 18 18 11 12 10 16 14 11 13 13 12 9 13 11 12 8 18 12 9 12 11 12 12 21 8 19 20 13 35 23 43 27 38 42 88 117 87 133 189 236 194 227 278 297 310 314 338 381 362 410 404 417 405 424 414 432 421 437 432 438 440 440 439 439
196 173 179 184 173 145 104 106 108 120 104 92 99 71 91 90 76 71 47 64 32 32 37 32 45 52 36 15 38 23 19 18 28 16 16 12 18 12 13 14 12 11 13 11 10 10 11 15 12 12 11 12 14 10 11 13 11 11 17 21 14 14 11 15 28 8 29 60 78 49 72 96 81 117 173 182 229 241 262 279 328 330 344 366 378 377 404 380 396 405 420 419 439 431 439 439 439 439 438 437
181 200 183 179 154 130 132 154 99 110 121 107 59 76 91 68 77 60 70 54 44 55 31 23 31 43 32 43 26 24 19 16 18 13 15 16 11 19 15 10 11 10 12 13 11 13 11 10 11 12 11 8 11 13 14 12 12 10 14 10 10 11 19 23 26 18 19 62 56 28 84 98 130 136 101 176 179 306 268 314 260 362 345 371 399 380 369 397 407 408 415 423 426 421 440 440 438 441 443 438
215 208 173 168 162 152 131 120 140 125 120 103 91 87 77 72 86 64 64 85 32 39 42 42 49 36 27 23 26 21 20 16 17 15 13 13 13 13 11 11 13 11 10 11 9 12 8 10 11 11 11 11 10 14 14 10 14 11 13 19 22 14 11 19 31 41 31 36 46 29 64 105 105 160 178 157 157 184 268 263 286 364 301 369 369 364 372 414 404 400 405 403 404 436 430 440 428 439 439 439
215 208 188 193 163 148 135 127 121 103 140 92 80 82 78 89 84 78 49 70 49 34 47 38 45 28 17 17 39 30 37 24 23 17 20 15 20 8 17 11 13 17 12 16 10 9 9 11 11 9 9 17 11 10 13 8 17 10 11 12 10 9 8 17 37 21 21 41 35 116 68 105 135 92 167 179 160 202 240 250 306 286 268 286 372 379 370 336 414 421 431 430 439 423 411 440 439 428 440 439
218 168 173 154 191 164 140 163 144 102 153 108 127 89 99 60 75 71 49 61 52 34 40 40 44 23 25 20 37 32 20 15 15 29 21 13 17 22 20 10 10 13 15 18 12 9 17 9 14 15 12 13 11 10 9 10 13 10 16 16 10 22 26 19 19 10 26 36 44 65 73 105 91 152 170 119 182 164 217 286 253 264 294 348 326 326 380 377 390 388 426 422 422 431 424 439 438 439 418 441
233 199 199 170 160 139 168 160 123 96 104 109 139 96 99 95 77 89 74 78 85 95 63 39 52 63 43 43 21 22 17 16 24 20 17 11 22 18 16 15 15 13 9 10 9 9 13 15 10 10 8 10 15 12 12 12 14 12 12 10 11 13 41 22 25 26 20 24 68 26 82 71 71 156 200 199 164 204 237 218 250 262 272 309 339 337 404 396 380 396 413 413 402 431 440 437 438 438 440 440
242 231 209 202 201 190 205 139 154 142 133 128 86 103 123 105 102 69 72 53 48 46 60 53 42 44 25 30 29 42 29 35 21 23 12 16 12 17 9 10 16 12 12 11 10 14 14 15 10 12 10 12 12 11 9 17 10 8 8 10 29 17 13 18 25 11 20 25 79 43 77 139 89 85 180 156 105 180 216 217 252 266 231 319 330 301 360 365 389 377 422 386 439 404 440 430 429 433 431 441
245 258 223 212 171 203 170 156 168 110 136 161 131 138 125 103 90 69 102 68 95 51 60 60 57 62 64 47 47 29 32 36 25 25 15 26 12 11 12 15 9 14 9 12 13 16 13 12 8 19 10 13 14 10 11 12 10 13 10 9 9 31 15 33 26 26 9 36 20 80 90 95 122 127 191 131 214 141 193 291 220 247 267 335 302 347 381 321 389 372 405 396 412 439 440 440 429 422 437 438
269 260 230 236 210 184 209 173 174 180 164 148 111 135 104 85 111 71 90 94 58 97 73 65 47 59 40 52 64 34 26 36 16 24 22 14 10 20 18 27 14 9 16 11 13 11 13 16 11 13 11 15 13 13 14 8 18 17 8 16 22 13 19 31 42 13 36 40 23 84 100 109 109 171 137 174 198 237 219 211 232 249 310 315 302 354 335 377 401 394 413 405 430 431 408 429 435 433 413 439
291 252 248 211 224 233 219 183 209 181 177 161 145 145 142 88 134 130 137 81 113 76 75 70 97 45 43 36 35 57 56 32 43 29 22 19 20 13 26 20 10 22 22 15 16 13 15 19 10 14 11 13 15 11 10 15 16 20 13 20 21 23 24 29 21 35 38 76 37 51 42 90 147 133 150 187 223 183 251 240 255 317 331 365 315 353 389 400 384 403 386 424 396 424 406 431 421 437 442 428
297 286 303 261 238 244 210 200 216 193 205 195 192 172 140 129 145 120 148 98 120 69 89 102 43 73 61 46 71 60 27 37 46 33 25 26 22 33 19 29 16 19 16 17 12 12 11 14 15 17 14 19 16 9 12 18 12 19 15 10 32 30 38 17 63 32 68 64 48 81 99 150 107 139 232 213 172 294 238 269 264 294 226 286 335 383 368 360 385 387 386 408 413 431 427 412 439 440 439 439
309 263 301 280 251 263 263 266 237 208 187 150 173 157 183 158 180 118 156 140 158 98 86 122 108 89 78 90 69 64 44 48 62 33 38 44 47 23 22 20 22 18 36 11 12 16 20 18 19 14 11 19 20 25 17 12 10 10 20 24 16 23 56 30 71 37 53 79 66 77 133 141 183 134 167 224 274 242 228 274 309 241 259 319 363 354 354 387 395 411 419 439 410 418 410 429 429 423 438 442
312 289 289 286 274 285 280 235 281 240 230 230 246 187 177 208 182 166 134 127 140 117 106 124 112 60 78 72 89 71 69 65 62 54 56 52 37 12 34 34 38 20 15 13 23 20 28 12 20 20 17 16 17 24 16 24 15 17 14 18 22 44 31 45 46 69 84 73 115 133 182 143 119 163 150 225 287 264 293 282 222 344 338 324 361 341 425 422 411 419 421 425 437 413 430 430 433 440 441 442
