511 511 505 508 521 515 515 522 518 511 526 518 532 518 525 537 530 541 524 537 543 544 568 563 557 582 549 553 572 565 584 584 598 587 621 619 597 611 586 593 645 616 603 620 646 656 683 687 659 706 650 676 716 663 720 693 682 684 646 638 602 583 584 574 560 531 560 508 515 506 496 490 486 485 480 478 473 475 471 469 469 466 466 465 466 466 464 463 458 459 462 459 460 460 461 458 464 455 461 457
521 523 511 497 511 516 520 527 506 526 528 525 528 519 546 547 517 549 536 541 542 541 544 562 558 579 560 578 582 563 560 577 610 601 601 613 594 600 604 638 630 628 625 647 682 667 678 716 666 679 656 678 697 691 695 698 668 672 639 611 657 609 587 580 531 527 554 536 534 501 511 507 493 483 485 474 494 476 471 471 474 467 469 462 463 459 460 458 461 460 463 462 460 458 460 460 457 458 460 461
512 509 515 512 528 518 514 515 525 521 518 529 537 530 532 541 532 525 549 548 545 534 568 549 544 568 569 566 563 554 579 571 579 583 585 602 619 625 625 612 617 644 648 637 631 638 681 651 702 706 681 691 677 734 733 643 676 659 654 684 614 606 607 579 573 531 537 522 509 508 496 512 504 500 485 475 477 473 474 467 471 473 463 461 470 464 463 460 461 461 464 459 459 460 461 461 461 458 460 459
507 519 507 509 512 508 521 512 523 518 546 511 523 549 526 548 529 550 530 555 540 543 549 552 546 569 568 584 548 587 576 597 585 589 595 605 595 597 614 626 618 634 650 645 662 674 668 679 695 681 661 691 677 719 717 674 668 659 633 601 604 618 586 555 579 547 541 512 529 509 494 510 475 482 489 485 473 472 473 467 466 465 464 465 461 462 460 464 462 460 464 460 462 459 459 460 457 457 460 458
514 507 515 502 531 517 519 523 521 522 536 533 526 530 532 524 540 537 563 527 553 540 545 556 551 562 546 577 562 566 580 574 592 579 593 586 587 611 611 627 640 634 622 654 633 648 682 662 694 642 673 672 686 714 709 672 662 686 661 637 630 585 547 559 550 537 522 538 533 505 510 519 503 492 477 478 477 478 477 468 467 464 466 462 463 459 459 460 464 459 462 458 458 465 461 457 461 459 461 460
507 507 504 517 503 518 515 523 523 514 529 531 526 537 543 533 531 529 531 542 556 540 566 546 570 553 568 552 586 561 582 586 589 583 602 608 617 600 600 627 635 607 633 661 650 646 700 662 677 724 664 652 689 687 702 701 634 663 649 635 607 584 566 557 564 553 541 521 531 497 506 502 492 487 488 477 471 472 469 468 468 463 469 458 464 467 462 462 460 460 462 462 459 459 459 459 460 458 457 462
501 506 523 527 522 517 510 539 511 515 523 519 512 532 529 531 529 525 546 531 540 556 554 551 550 555 547 562 557 565 588 599 619 612 596 584 583 644 618 598 609 618 636 663 657 636 683 650 661 652 658 699 666 703 677 697 681 630 656 653 644 601 570 559 551 532 505 509 530 508 500 482 497 483 487 480 488 475 467 470 463 469 470 460 464 464 461 459 460 460 461 460 460 458 461 463 460 458 459 459
501 518 506 524 527 518 524 501 515 513 513 526 524 547 527 533 546 535 545 563 547 544 537 540 559 578 583 562 582 550 558 574 585 588 576 594 599 629 628 607 661 643 629 651 650 654 655 668 682 678 689 691 695 704 720 674 687 656 638 649 595 608 593 567 579 557 545 517 516 506 490 492 491 479 488 482 479 475 469 469 470 467 464 462 463 464 458 462 460 461 456 463 458 461 461 461 459 462 457 457
504 502 521 513 518 522 521 520 517 518 528 531 539 524 535 534 520 543 526 548 535 557 556 539 546 549 550 570 571 571 572 573 593 609 579 622 602 615 631 639 633 623 630 606 649 643 643 689 656 686 708 686 705 718 713 690 686 642 647 652 612 632 592 563 541 539 538 530 506 535 487 505 484 484 481 495 470 471 482 471 473 465 467 477 467 466 464 463 463 461 463 461 458 459 461 463 458 459 459 458
501 508 504 511 513 522 503 518 528 519 512 532 526 529 536 536 521 529 517 531 541 572 546 555 566 549 557 583 577 583 550 568 563 599 579 584 604 643 612 593 653 641 608 633 632 625 686 664 671 703 713 713 685 703 681 657 662 704 631 645 621 598 577 537 550 555 531 561 499 511 495 492 491 499 482 485 484 481 473 467 467 464 463 466 467 464 463 463 458 458 461 462 458 459 459 462 460 462 461 458
520 506 506 503 512 521 517 506 509 519 534 534 513 531 539 527 517 532 540 553 540 555 544 556 538 563 586 553 604 569 584 573 579 596 594 589 606 626 611 632 618 663 667 637 635 649 656 675 687 691 668 673 679 674 711 721 671 714 656 615 592 600 576 581 564 565 529 551 511 502 493 498 477 482 478 490 479 481 468 464 465 470 468 462 461 464 463 462 461 460 457 460 462 461 457 459 460 460 459 460
511 518 515 506 516 504 520 523 529 526 523 525 518 520 515 529 530 537 545 537 543 554 540 565 580 568 574 547 556 574 553 574 588 585 586 607 598 652 614 620 625 622 642 666 661 646 669 672 644 691 679 713 693 695 695 710 651 659 636 677 606 594 564 564 529 537 527 540 535 502 507 500 496 503 484 478 484 475 472 474 465 469 460 466 463 465 463 460 461 459 458 460 460 463 459 463 460 459 460 463
514 506 506 516 512 523 523 539 512 516 516 530 528 538 541 540 550 525 550 546 544 556 565 551 552 555 561 571 548 568 586 577 578 604 610 604 599 622 605 613 629 647 627 655 639 681 662 662 681 687 724 707 673 717 690 685 687 668 639 641 607 593 550 577 552 536 513 544 532 511 519 499 483 495 490 471 471 470 473 473 466 466 467 461 464 466 461 458 462 461 460 462 459 459 457 461 459 458 462 460
489 502 515 508 521 526 508 511 509 522 520 533 531 529 543 543 546 555 541 544 531 554 547 556 578 558 566 577 577 563 570 561 607 575 595 602 618 593 592 609 614 631 644 649 652 686 684 663 701 697 704 672 681 680 705 711 680 655 627 597 596 603 562 602 534 535 527 540 509 514 485 500 499 476 481 488 475 478 469 472 477 467 466 461 462 464 462 459 460 462 461 459 459 460 463 458 461 457 459 460
511 499 507 520 508 531 515 516 519 508 516 524 525 528 531 543 535 540 528 525 539 545 538 557 559 554 559 581 579 564 590 574 594 596 621 610 603 629 620 601 635 619 649 640 650 656 649 670 659 641 679 691 730 670 672 680 674 646 699 660 599 629 557 595 556 565 542 530 523 485 515 493 492 490 475 485 477 476 472 469 474 469 465 462 465 459 465 463 462 461 460 459 461 459 457 459 460 461 462 457
492 511 510 509 518 519 505 520 527 526 527 527 507 522 543 527 538 538 525 547 534 534 554 550 551 561 566 572 574 587 602 574 597 585 598 593 594 598 628 613 621 634 636 657 641 678 646 694 673 662 699 697 709 676 678 672 640 688 606 625 622 594 634 591 538 553 527 516 497 517 504 488 492 478 503 485 477 478 471 470 470 467 467 469 466 467 461 464 462 458 458 459 461 460 461 458 458 458 457 459
501 509 513 511 506 526 522 526 527 516 528 540 506 533 522 524 530 556 521 543 542 556 543 548 556 579 580 562 584 545 594 578 580 610 610 625 587 584 614 615 610 636 645 623 671 645 680 669 669 670 700 698 726 689 654 692 686 660 654 655 612 599 570 569 587 540 525 530 519 506 507 500 499 481 482 484 483 473 476 469 464 462 463 465 466 464 461 462 462 458 460 460 461 460 460 462 458 461 460 460
510 510 513 514 512 517 507 516 524 511 521 534 524 524 549 538 529 538 555 542 551 545 562 541 563 559 563 571 572 583 568 603 588 593 604 616 604 621 641 610 640 584 653 657 667 677 666 665 666 706 677 686 685 649 698 682 673 672 640 643 635 595 584 590 541 546 551 519 522 491 502 499 496 479 491 487 471 463 466 465 470 468 463 470 468 462 461 461 466 466 459 462 461 459 462 458 460 460 460 458
511 508 509 504 514 516 520 514 518 526 543 519 527 526 542 545 562 557 525 546 536 546 550 554 549 560 559 573 556 560 611 583 589 597 595 618 604 613 619 613 625 636 629 662 673 660 652 661 725 660 674 677 707 677 667 678 688 649 652 655 620 633 626 564 568 553 567 559 522 514 492 500 500 488 490 470 467 473 465 470 467 470 466 460 462 464 460 462 460 466 462 459 461 461 460 458 459 461 460 458
508 513 510 518 530 514 513 524 525 519 523 526 535 512 523 539 531 525 549 550 528 556 539 542 540 551 570 543 559 591 578 582 592 588 581 615 611 588 591 609 622 645 616 655 681 652 666 668 683 696 685 724 698 671 682 688 673 671 648 662 582 602 559 568 531 545 535 517 523 505 532 495 486 486 489 472 475 479 472 466 472 471 469 466 463 462 465 459 462 468 457 461 458 458 462 459 459 459 459 456
513 517 507 521 508 510 518 517 517 535 521 526 532 518 538 524 525 522 542 547 547 556 547 536 561 578 549 588 558 598 564 590 591 600 593 598 582 595 614 628 608 605 659 651 643 662 681 670 683 710 707 693 670 665 707 695 680 669 677 649 631 610 604 564 581 577 546 536 509 505 485 492 496 484 495 482 472 477 479 475 470 471 468 466 461 467 462 460 460 461 457 461 459 456 460 459 461 460 462 460
509 519 519 517 521 523 514 516 514 510 528 529 530 520 533 521 544 530 552 543 548 562 552 565 530 553 554 582 574 563 577 564 588 620 600 612 627 576 648 636 640 612 605 648 656 688 677 682 654 668 696 690 708 680 707 692 658 663 707 651 615 581 577 601 574 565 526 552 534 511 502 502 494 485 489 477 468 481 471 468 463 468 468 463 467 463 463 461 460 462 462 461 460 459 459 461 458 459 462 459
509 503 508 505 521 508 514 522 522 520 529 524 524 535 514 541 539 520 540 552 538 548 538 556 568 580 557 588 566 558 594 570 619 597 613 633 606 605 638 594 589 645 655 661 632 688 682 700 675 700 715 678 685 705 674 709 641 657 655 616 597 644 584 557 583 540 545 516 498 513 500 516 494 478 485 466 482 476 474 469 462 466 459 464 470 467 460 462 458 464 461 457 461 462 460 456 459 459 459 461
509 519 507 517 511 516 526 529 520 525 520 536 522 543 536 531 539 536 541 535 543 543 557 560 560 558 570 559 586 575 591 593 581 585 611 591 643 633 620 614 639 637 661 665 653 659 678 677 656 670 671 698 718 702 705 696 657 721 634 666 620 594 556 568 556 560 547 543 537 499 490 499 481 490 487 479 476 474 472 473 466 467 470 467 462 469 467 466 460 458 459 462 461 456 462 456 460 460 459 458
518 514 504 515 508 510 513 518 525 507 528 529 537 527 542 540 547 552 542 544 535 533 546 554 578 554 571 572 573 567 586 570 574 590 586 610 593 612 586 608 602 615 645 663 656 648 698 654 703 675 643 710 679 695 676 670 711 688 616 660 613 617 569 575 553 540 548 537 524 495 491 495 498 488 476 485 476 471 468 473 476 466 470 466 462 461 461 461 460 458 459 463 459 459 459 460 459 458 460 459
521 513 507 525 523 522 505 515 519 526 552 518 520 526 522 538 537 540 539 555 549 553 541 551 554 586 547 576 594 562 564 600 585 601 587 613 611 614 648 636 629 643 624 641 663 655 659 685 695 696 711 683 726 721 677 703 714 637 660 646 641 600 608 561 567 550 531 537 509 510 504 489 490 489 479 467 477 476 471 471 476 465 461 467 464 462 467 462 461 457 465 457 461 459 460 460 461 460 459 459
506 511 526 520 513 511 515 523 520 530 532 544 528 533 522 534 535 536 536 561 560 543 558 560 572 544 572 556 576 575 576 567 586 605 574 622 653 601 637 627 623 621 645 642 643 679 678 651 647 708 634 690 709 700 699 705 684 690 682 610 604 614 579 574 588 573 533 537 530 502 504 496 481 485 476 481 475 482 476 477 466 464 463 466 464 460 462 462 458 462 460 460 457 459 458 460 461 458 457 458
497 522 505 513 511 517 516 538 523 517 525 531 534 537 530 523 532 523 539 530 547 553 561 554 541 556 544 563 584 564 577 579 578 609 611 586 612 606 628 621 637 621 610 686 678 647 676 668 707 705 686 660 720 709 717 669 698 646 676 632 640 604 572 605 600 536 534 532 500 514 500 503 495 484 489 481 475 476 467 472 469 462 470 466 461 465 467 461 463 462 461 460 459 457 460 460 460 458 459 460
506 509 532 513 525 518 530 536 532 522 509 528 521 527 542 526 537 525 538 534 543 562 562 544 577 560 580 558 563 591 603 597 591 598 592 602 586 613 633 628 644 625 604 664 651 630 705 683 680 727 695 698 678 701 692 727 670 622 666 645 636 572 573 587 565 538 555 519 546 514 530 494 485 488 486 476 473 477 472 469 477 464 470 466 465 464 454 462 459 461 461 462 460 456 460 456 460 459 457 459
508 507 513 505 503 522 506 517 520 514 517 529 546 527 532 522 536 548 534 537 551 536 549 554 556 557 580 562 545 543 580 573 613 592 645 619 609 636 625 633 611 644 673 623 652 692 676 666 686 658 700 678 700 713 742 727 699 648 636 654 648 597 598 584 553 606 511 531 522 503 498 495 481 487 480 481 474 476 465 477 462 467 467 461 465 463 462 461 462 458 461 460 462 463 456 458 460 460 461 460
512 518 512 505 509 521 503 507 517 522 537 508 515 544 537 545 525 523 526 562 545 562 558 571 557 570 587 580 573 584 580 577 593 595 618 615 613 603 655 651 643 642 652 658 646 661 683 707 714 666 731 718 722 712 725 673 685 704 655 631 633 613 594 577 553 566 519 536 519 523 492 497 500 490 487 483 480 481 476 476 469 471 463 469 462 460 462 464 464 460 465 459 457 460 460 460 458 458 457 460
507 496 514 506 518 514 518 515 516 518 521 528 525 536 524 541 519 516 529 545 548 539 545 558 560 555 585 574 586 563 580 585 576 599 580 607 620 638 610 624 652 638 651 614 675 713 681 706 696 688 712 693 721 709 710 707 709 670 665 621 608 589 604 600 542 552 529 528 512 508 499 490 501 491 487 478 471 480 482 470 467 469 459 465 471 457 464 462 464 461 459 459 462 460 460 459 460 457 460 461
506 518 512 516 514 511 511 518 513 519 519 513 513 527 544 530 545 548 551 555 568 541 545 562 563 563 553 566 565 577 593 578 593 599 613 600 598 620 641 613 658 686 621 673 651 643 683 699 701 735 692 686 713 664 737 716 733 660 684 640 628 628 608 569 539 550 538 532 554 514 495 496 496 476 470 482 473 481 466 479 467 465 473 462 467 468 463 462 459 462 461 460 459 459 466 463 458 460 459 457
513 505 503 516 523 524 519 527 520 523 524 521 536 519 554 521 534 530 548 544 557 546 549 572 559 559 572 567 576 568 610 576 558 568 589 603 622 622 594 615 649 632 637 677 612 681 667 661 675 691 671 682 653 695 721 727 694 689 678 684 687 633 612 621 551 559 526 527 565 505 515 507 479 490 489 477 472 476 471 466 468 468 464 466 458 466 459 462 463 463 461 461 459 459 460 460 458 462 461 456
514 516 517 505 518 511 513 520 516 513 509 514 528 522 516 523 544 533 547 548 538 547 547 566 555 546 546 583 578 568 581 587 594 629 635 601 607 626 634 650 637 627 665 630 704 682 678 720 692 687 701 737 730 694 696 719 643 666 657 633 617 607 606 574 538 579 544 525 513 504 499 501 503 485 479 480 483 476 479 470 467 464 469 462 462 461 459 468 461 461 463 459 459 456 460 457 461 460 461 460
512 510 509 519 505 520 525 525 520 534 522 528 522 554 515 528 549 545 524 536 547 557 561 554 535 568 579 572 589 580 602 569 577 608 643 604 623 595 607 614 649 670 631 657 656 691 681 709 651 705 719 715 728 697 735 729 721 700 655 649 619 630 604 553 588 567 537 538 523 533 522 487 485 497 495 481 479 469 479 469 472 467 466 461 465 466 460 459 462 463 463 461 459 463 457 460 458 459 459 458
509 499 517 523 514 530 522 515 525 519 518 512 533 522 538 533 512 554 548 536 560 541 551 561 529 562 569 590 561 584 593 591 592 608 599 599 602 617 649 627 640 664 662 674 652 678 672 690 672 708 699 734 690 699 726 716 690 640 702 699 691 618 636 581 567 577 565 537 533 511 516 497 498 500 485 471 482 489 471 467 464 466 459 469 463 460 461 466 462 459 461 461 459 461 460 461 457 461 460 459
520 511 504 516 516 514 527 524 516 530 538 527 531 534 531 527 542 540 548 548 555 570 564 549 546 579 550 568 567 549 580 598 600 571 607 610 608 591 637 636 644 624 667 691 647 672 674 726 704 714 725 707 707 724 710 717 713 671 660 695 652 613 611 603 559 580 533 521 526 514 505 531 514 476 473 484 502 471 477 471 470 476 463 463 467 461 463 458 459 461 459 460 462 460 460 459 460 459 458 462
505 515 506 517 508 517 521 509 530 525 529 530 516 538 543 546 536 531 547 530 554 541 555 554 556 560 571 581 583 565 576 577 597 575 597 603 594 623 631 625 661 652 636 663 642 703 731 703 708 717 727 752 725 740 749 704 669 741 661 643 654 644 641 591 567 583 536 535 539 495 514 500 503 485 481 490 475 475 470 467 465 466 465 462 465 460 467 462 461 461 462 460 461 459 461 455 461 455 461 459
519 518 507 525 521 526 517 524 517 516 520 533 530 543 541 546 547 549 544 545 544 552 527 568 546 575 577 542 571 590 603 570 604 596 643 593 645 649 652 638 612 661 693 688 665 680 678 721 719 694 725 725 733 747 731 717 708 689 694 654 669 652 634 611 584 564 536 530 515 510 495 497 481 495 483 478 466 479 465 468 467 465 465 461 460 465 462 460 460 459 459 459 461 460 464 460 459 459 459 457
508 511 512 516 519 511 512 521 516 531 539 529 526 517 562 545 525 542 546 561 541 557 548 547 554 588 566 563 585 560 590 592 593 632 611 617 601 643 629 617 605 650 686 689 707 676 680 684 692 702 732 749 725 732 748 727 675 725 624 689 657 641 612 640 570 590 550 572 527 520 507 500 500 480 488 489 478 471 471 471 467 468 479 463 468 462 463 462 460 460 460 461 462 458 460 458 459 461 458 459
507 513 510 504 513 519 519 518 520 537 524 529 535 529 533 541 558 522 534 538 555 551 552 552 555 570 543 594 589 564 572 583 607 591 612 596 618 628 690 642 673 673 667 672 698 704 706 713 697 739 729 737 766 746 717 728 739 711 716 660 638 646 624 585 555 560 527 548 542 497 499 493 485 496 494 483 473 469 476 471 465 470 468 462 463 465 460 460 460 460 458 464 460 457 459 459 463 455 459 459
515 512 511 519 520 508 523 528 519 531 507 526 517 538 535 550 541 535 528 549 538 567 563 553 546 559 583 584 577 615 590 615 607 604 605 634 617 640 646 667 650 677 632 676 683 721 725 725 711 716 709 788 759 737 777 761 749 681 708 692 691 685 591 609 660 561 564 565 529 493 510 492 498 478 485 479 473 484 472 463 470 472 466 460 463 460 462 463 464 459 459 459 458 457 459 460 461 460 459 460
507 520 515 526 517 508 519 521 511 506 519 528 529 526 528 535 543 540 547 568 562 541 575 548 570 562 595 574 574 593 602 607 620 596 607 631 637 624 638 661 678 640 679 670 690 692 690 711 741 744 726 767 759 733 714 772 752 767 680 724 667 664 636 611 575 569 570 571 554 511 512 516 498 484 485 480 473 471 476 474 465 464 460 461 465 460 463 462 461 465 466 460 459 460 459 460 458 460 461 459
504 510 520 524 516 521 511 518 520 528 527 529 546 546 528 531 559 516 561 545 556 565 548 546 553 589 563 591 594 575 553 607 615 610 610 642 659 647 658 674 661 683 663 645 706 676 712 726 722 754 732 758 781 739 702 698 763 760 726 695 655 633 627 566 602 586 569 570 532 520 502 510 489 504 468 482 488 478 464 470 469 481 462 463 464 465 460 463 459 461 462 460 460 459 460 459 461 462 459 459
502 514 511 523 513 520 509 516 520 523 518 538 527 525 527 518 531 534 526 559 554 559 549 574 541 579 586 603 600 585 585 586 617 633 655 616 598 631 649 667 646 663 688 666 679 727 724 736 719 712 751 717 778 770 754 766 743 717 701 690 655 629 629 624 592 588 567 561 546 521 515 490 500 477 489 491 475 470 474 466 468 479 461 464 459 464 461 461 458 460 464 463 461 460 460 460 461 459 459 460
511 506 530 513 510 528 510 512 534 520 532 517 527 531 532 531 557 540 541 539 567 567 564 553 570 573 567 610 567 606 601 591 612 637 641 637 654 629 672 648 642 726 663 694 771 707 746 719 743 767 752 749 736 770 804 725 728 784 677 700 704 650 648 568 632 607 563 557 535 515 506 497 509 507 486 497 474 477 466 468 467 464 470 474 464 460 462 461 462 461 462 462 458 460 457 459 456 461 458 461
512 510 503 515 518 515 517 545 518 517 519 534 529 543 553 566 539 521 548 547 530 560 548 559 566 578 589 574 564 602 612 584 593 617 616 637 653 658 658 672 663 660 668 704 725 732 731 755 760 762 766 709 772 752 774 727 756 715 723 695 692 633 648 603 579 560 611 567 570 519 513 524 497 493 488 482 487 480 483 467 467 464 468 464 463 461 461 458 464 457 460 456 458 459 461 461 461 459 457 457
510 502 502 510 514 513 522 524 530 535 523 526 538 517 528 548 537 527 543 544 551 554 582 572 581 571 569 609 583 589 587 588 604 591 646 621 633 665 697 675 682 702 718 719 715 745 755 748 779 708 772 758 791 800 757 810 782 775 733 718 696 686 649 631 601 607 551 544 547 508 497 515 513 486 489 469 487 468 473 477 467 468 465 464 462 464 465 466 462 459 464 459 462 457 459 460 458 460 458 457
508 515 502 510 521 505 512 531 517 522 527 532 533 531 548 534 534 571 552 544 565 567 600 531 565 585 603 591 596 580 599 599 612 601 667 621 647 684 673 689 673 689 696 685 680 727 749 731 727 763 770 769 809 782 798 761 774 748 740 762 720 712 649 604 636 638 583 581 565 530 506 519 515 495 511 519 482 492 477 464 470 467 466 465 467 463 463 459 456 463 462 460 458 461 461 458 459 457 457 459
507 513 523 521 525 522 519 515 530 531 514 519 522 549 532 541 520 549 542 564 558 550 606 562 578 562 588 562 600 603 599 596 629 633 646 677 623 656 655 693 688 713 706 732 739 736 743 722 752 728 794 795 798 802 769 786 787 745 750 740 683 671 648 603 657 587 565 597 546 544 499 492 510 500 484 477 475 481 470 467 470 465 473 468 466 459 461 459 460 460 459 463 459 460 460 456 459 458 458 456
516 508 516 503 509 527 514 517 513 525 533 531 524 543 550 535 552 544 559 544 540 548 560 581 584 576 579 582 566 575 604 606 609 627 615 667 687 661 701 662 690 696 694 749 702 720 707 764 779 753 813 798 777 777 778 785 816 745 770 725 688 672 674 630 643 629 615 603 588 567 523 511 512 484 495 494 472 473 472 474 465 468 460 463 477 462 457 462 460 460 460 457 459 460 463 461 461 461 461 459
512 525 521 517 520 515 516 516 531 532 519 530 534 533 556 542 536 546 580 561 577 566 560 596 578 586 599 615 684 581 653 636 634 660 646 657 676 670 696 663 716 740 731 750 743 727 745 765 780 753 797 792 834 836 806 785 799 734 752 694 697 714 645 683 608 598 636 605 605 532 492 521 529 479 519 471 490 485 486 482 462 464 475 462 461 459 466 459 460 460 462 462 459 459 460 458 461 458 461 461
513 511 522 501 505 512 531 523 529 529 537 535 526 540 543 568 554 543 541 563 536 561 561 568 579 604 571 591 576 624 610 601 619 621 665 684 685 700 695 747 700 743 735 767 724 729 737 785 772 784 800 766 814 810 801 778 762 784 713 721 764 696 654 674 655 636 622 643 614 568 515 504 506 513 494 496 521 471 474 461 473 475 464 471 464 461 463 460 465 460 460 460 460 457 461 457 460 458 462 459
523 507 518 519 508 515 530 518 515 543 518 529 523 513 555 575 566 581 564 570 572 541 580 589 590 604 596 609 628 657 653 658 645 651 662 693 669 710 713 696 689 746 699 716 776 795 758 773 817 779 765 795 796 802 794 772 800 802 780 763 743 736 689 660 637 616 579 618 601 548 511 540 528 500 486 506 486 474 481 469 464 464 483 468 464 463 464 461 460 463 457 460 457 460 458 457 459 461 462 462
508 521 514 513 502 513 528 511 532 523 533 560 550 528 541 548 543 562 562 544 562 585 603 561 567 601 608 592 637 663 641 637 646 683 700 691 646 720 689 695 713 765 746 715 756 781 793 789 761 768 800 822 831 818 814 808 801 790 798 778 738 698 706 728 651 648 614 571 587 536 534 524 490 497 494 499 497 476 476 472 480 467 475 471 479 459 461 461 461 460 461 459 462 460 458 457 460 459 460 457
524 512 513 521 525 521 524 528 527 535 538 550 542 558 545 543 539 571 564 585 569 537 592 611 566 634 609 598 634 643 620 674 683 669 659 724 693 719 727 676 727 734 770 767 723 768 747 790 805 811 824 816 829 798 812 831 805 796 772 745 739 754 711 665 641 656 599 633 614 548 546 558 518 513 513 506 498 485 478 474 483 485 468 465 472 464 461 459 460 461 461 457 460 461 459 458 460 460 459 458
514 519 516 521 535 518 528 529 553 528 537 520 548 545 552 573 555 572 557 580 590 609 586 568 606 619 596 626 620 624 656 648 682 735 667 703 669 734 656 714 751 740 710 770 766 788 754 782 792 785 835 829 815 833 840 798 791 796 779 780 762 786 736 708 648 661 612 602 609 572 538 524 510 506 497 486 505 488 467 480 462 467 463 472 463 463 460 458 469 458 459 460 458 458 460 462 463 458 456 456
508 526 503 510 508 531 536 536 537 527 529 561 521 545 553 565 561 583 557 573 583 594 594 573 610 603 603 593 641 608 636 649 610 696 708 708 662 732 737 756 775 766 746 784 799 766 812 802 825 792 824 852 828 830 834 845 821 824 783 783 761 744 731 683 702 615 630 694 660 593 536 559 510 517 502 494 485 483 480 480 474 465 470 465 461 462 463 463 461 461 460 461 462 460 459 460 459 459 457 460
523 529 518 508 509 528 522 534 541 532 534 540 574 567 567 541 565 539 560 587 579 563 645 600 629 594 623 630 653 626 677 662 703 620 644 727 740 756 772 726 773 745 815 816 800 806 815 830 795 840 823 827 820 829 837 821 812 779 820 802 764 745 695 669 667 669 654 685 636 581 532 520 532 523 502 496 492 481 485 475 470 465 464 463 464 469 469 459 461 460 459 459 460 458 461 458 458 457 458 458
535 508 522 522 531 527 539 530 528 562 530 542 536 561 584 561 559 575 580 581 597 616 594 605 639 614 629 620 633 679 664 671 662 729 687 734 743 692 726 778 746 753 720 811 783 805 814 778 800 798 840 839 859 859 850 829 840 848 801 792 788 751 725 718 725 681 683 671 661 565 558 578 525 536 524 524 496 487 464 477 472 464 468 465 469 469 462 463 461 458 460 460 458 459 461 457 461 458 461 459
506 533 524 528 511 523 514 539 546 543 541 579 555 571 579 576 597 579 565 570 619 612 642 636 611 649 616 676 662 639 664 659 730 724 689 718 686 754 731 812 755 727 784 776 793 806 811 793 824 833 843 854 835 853 866 853 829 792 789 800 780 789 713 698 708 706 667 643 673 674 543 510 520 492 510 478 505 501 482 471 464 475 470 468 470 460 460 464 459 462 459 465 461 462 457 461 461 459 460 457
532 519 543 520 515 547 530 535 543 566 544 562 551 597 552 568 569 602 627 575 594 623 644 624 644 679 704 641 657 628 708 708 705 751 733 731 779 726 748 748 786 796 770 821 849 812 834 833 815 824 832 832 842 863 844 843 855 816 839 769 782 799 740 685 717 690 647 659 645 562 534 520 531 548 499 509 495 490 481 494 480 470 463 463 461 460 468 462 460 464 462 463 458 461 460 460 459 459 458 458
526 530 516 526 530 520 531 530 554 529 532 561 577 549 556 561 625 570 572 588 603 650 587 647 645 662 671 708 671 726 722 695 706 721 743 753 753 737 724 796 745 759 766 804 816 825 829 823 790 836 855 864 847 863 853 827 860 814 827 806 781 792 763 742 738 672 665 645 629 638 585 580 563 510 569 522 510 517 493 475 481 475 464 459 478 464 469 462 460 461 460 461 455 460 467 460 459 459 459 458
523 522 523 516 510 516 538 556 537 580 555 557 543 548 620 599 617 587 653 646 636 632 596 642 664 627 630 635 687 691 737 738 686 743 756 750 771 734 742 788 746 770 811 781 801 840 852 841 823 852 834 829 864 836 862 852 847 846 831 835 797 734 779 743 722 701 712 720 682 637 573 538 529 512 571 535 535 508 504 464 475 463 478 468 461 480 463 461 459 459 461 460 460 467 462 459 460 460 458 461
514 503 539 526 521 560 569 530 545 561 566 585 579 590 605 580 584 623 591 631 654 649 662 634 663 681 697 682 719 692 706 684 708 721 746 761 782 774 797 815 808 831 838 814 836 839 853 807 849 826 866 837 865 840 841 867 836 853 850 799 832 782 796 770 786 749 732 630 677 659 586 531 565 526 513 543 513 497 488 487 480 474 490 470 471 456 470 463 461 458 470 459 464 461 458 460 458 458 456 458
534 520 540 544 550 573 543 548 542 572 591 590 607 586 547 599 621 573 611 608 641 671 620 704 674 737 727 699 649 724 734 714 746 737 743 767 759 781 776 807 793 817 794 817 822 866 841 836 841 854 855 856 867 863 849 858 852 854 836 836 828 806 780 776 689 713 690 685 660 665 582 592 562 549 524 502 546 486 503 470 507 484 497 462 481 462 463 461 458 463 459 461 460 461 463 457 462 461 459 459
537 548 554 539 540 566 542 569 558 590 611 582 599 561 637 581 646 667 629 665 648 654 661 605 686 696 724 752 748 725 718 764 746 762 767 823 769 794 720 767 834 800 784 843 848 858 834 847 872 845 871 869 856 872 864 871 863 867 820 838 823 777 781 780 789 756 695 666 693 627 589 608 578 522 516 535 558 485 479 481 481 476 474 461 464 476 462 462 462 463 462 462 458 459 457 461 456 461 459 460
552 539 545 541 566 555 597 543 581 577 566 584 607 619 600 632 593 638 618 648 667 680 674 695 677 688 703 731 713 808 749 710 770 775 803 773 805 799 764 833 853 842 831 853 841 861 868 875 870 872 864 859 874 876 860 865 837 834 864 844 858 821 782 725 769 719 791 747 697 692 585 576 559 580 540 519 499 498 509 506 478 484 474 497 474 459 468 463 459 468 461 457 457 459 459 460 463 461 461 460
544 555 562 567 565 597 607 597 591 574 570 587 616 586 613 626 643 662 652 659 684 635 673 676 715 729 731 713 748 753 755 751 786 784 791 817 811 806 831 832 830 836 837 841 858 847 861 873 868 867 865 869 865 875 867 881 863 868 853 851 824 820 814 786 785 767 755 739 746 659 675 599 594 543 568 589 507 499 508 479 489 477 488 474 458 472 458 462 484 458 469 459 460 458 459 462 457 460 456 459
555 550 560 540 579 582 575 568 585 625 627 634 660 617 642 666 654 644 645 684 691 736 652 730 701 717 740 729 776 746 756 789 751 804 832 842 814 838 833 829 807 845 836 814 837 869 851 878 846 876 858 871 874 879 862 869 875 877 866 842 846 792 815 776 800 743 734 766 694 718 651 603 537 565 551 554 547 538 529 498 485 473 478 473 461 460 460 459 469 462 458 462 461 456 462 459 461 460 460 461
543 580 549 566 564 585 568 577 610 593 633 663 645 662 649 669 678 682 685 700 712 722 735 724 748 750 745 724 795 769 781 841 806 803 813 806 835 813 833 842 819 849 852 863 864 855 877 866 881 863 878 882 873 877 877 879 868 861 858 883 840 843 840 792 742 770 710 687 750 694 666 633 603 537 605 517 580 581 529 500 479 524 483 462 462 470 468 467 462 471 458 463 459 461 462 463 461 461 461 463
560 548 587 572 595 610 626 603 611 623 705 642 642 657 676 641 679 680 683 702 715 757 731 726 748 732 713 788 770 767 799 814 757 805 826 803 837 818 821 844 838 842 863 860 858 856 867 886 875 875 881 871 874 878 876 878 873 874 872 844 858 846 843 820 812 732 788 727 712 711 616 597 627 553 548 512 560 530 527 548 488 467 498 463 470 478 462 469 478 459 461 459 461 459 461 460 460 458 460 460
607 589 556 602 598 596 622 607 658 671 643 631 650 693 682 689 705 689 705 738 675 740 738 792 752 748 763 775 795 792 809 796 824 796 784 819 855 840 839 852 836 860 855 875 876 851 860 886 874 881 880 872 875 874 883 872 870 872 865 872 852 831 858 809 797 798 826 784 789 708 653 689 591 577 570 558 514 564 528 541 524 535 495 469 478 458 462 468 496 457 469 460 470 463 461 460 458 459 459 461
627 579 610 604 607 606 631 653 627 672 638 677 684 708 721 728 738 684 728 724 733 783 772 781 784 757 763 796 766 793 817 814 806 820 815 816 849 833 846 844 862 854 844 859 878 864 878 879 875 886 868 877 886 878 877 874 880 885 872 884 865 842 853 833 819 780 797 750 776 669 680 656 643 578 582 575 521 572 522 510 478 496 479 489 487 471 486 461 459 467 473 459 458 459 459 460 458 460 462 457
585 641 600 646 629 661 681 662 628 682 700 709 692 687 700 722 693 768 728 730 764 763 734 759 793 801 793 785 847 850 820 822 841 835 846 814 860 863 861 867 875 850 874 857 871 868 876 877 882 886 874 883 882 879 879 878 881 884 868 885 866 876 855 853 818 805 774 807 738 778 739 670 625 649 624 563 544 522 550 566 497 496 496 492 470 476 467 470 477 472 460 461 461 459 459 459 463 459 456 458
632 613 616 603 665 666 659 646 675 693 678 692 697 714 747 719 707 766 759 751 811 783 826 797 796 783 821 808 831 829 842 804 834 834 833 847 857 855 827 876 845 865 877 876 876 880 872 874 877 877 879 877 884 878 875 882 873 882 880 873 876 865 870 842 811 834 799 783 744 750 699 692 580 620 624 561 604 546 532 520 502 477 508 467 486 494 476 468 467 470 459 460 468 461 459 459 461 460 461 456
596 646 653 660 635 698 694 681 715 708 715 699 730 721 721 793 759 794 788 804 754 812 812 829 787 816 837 833 853 829 826 826 840 858 865 847 858 872 878 876 877 855 872 874 872 864 884 885 876 871 887 879 886 880 879 885 886 875 881 882 881 881 860 827 850 822 803 774 771 715 771 717 654 608 593 625 643 585 552 551 504 504 503 529 460 471 474 471 469 471 460 473 463 462 462 462 460 459 459 460
625 668 659 648 656 646 654 689 674 745 701 739 751 731 795 732 785 760 788 833 831 789 810 806 838 807 831 847 805 855 854 843 858 864 881 860 857 877 871 867 879 870 885 887 882 881 882 882 879 886 877 886 879 879 878 887 879 880 882 876 883 869 866 857 851 813 818 773 795 819 756 673 665 651 587 603 590 588 564 544 488 502 485 481 504 477 464 483 459 471 470 459 459 460 462 462 460 459 461 461
672 681 656 684 654 722 707 715 751 749 739 769 740 718 792 784 773 818 782 808 829 804 796 829 819 835 846 830 849 853 848 847 846 859 874 872 872 861 865 866 875 884 865 880 874 880 882 871 886 885 884 883 886 883 881 880 881 873 879 892 885 872 871 864 828 848 767 826 773 837 724 711 659 607 611 624 594 571 540 550 545 510 501 522 485 511 492 478 480 468 461 460 460 459 459 461 460 460 459 460
637 671 687 693 694 713 745 708 749 765 777 753 762 763 809 782 792 785 821 819 794 825 815 840 857 851 856 864 844 848 853 857 859 880 863 877 879 876 874 881 875 883 883 880 889 885 888 887 879 884 880 882 882 879 885 884 888 885 880 888 889 840 871 868 858 858 861 817 809 772 749 747 678 661 633 586 612 571 573 571 503 507 505 514 488 485 492 460 477 468 468 481 457 462 459 463 460 461 458 462
665 687 665 697 705 706 735 749 762 784 783 729 801 792 817 796 811 810 831 799 815 846 837 850 834 851 863 870 870 879 869 870 859 874 874 882 875 883 877 879 881 886 880 886 886 885 888 889 886 880 887 882 883 882 891 884 881 884 889 879 874 880 860 863 866 823 803 835 815 797 832 702 680 657 611 605 631 612 607 568 547 553 514 538 508 483 492 503 468 463 462 460 460 460 458 459 459 462 462 459
681 713 701 739 714 714 736 770 761 782 768 794 783 811 811 804 829 836 835 819 817 838 838 852 844 852 864 864 869 860 878 882 873 870 872 876 870 884 881 873 879 882 884 885 884 888 884 885 886 881 890 887 887 882 891 885 890 884 886 883 886 887 888 870 870 862 857 837 813 755 755 784 681 690 646 646 609 567 610 597 514 561 545 521 487 495 496 488 469 478 482 461 461 468 460 459 462 462 460 461
706 691 692 720 739 716 753 765 737 767 809 798 782 776 821 816 837 822 833 853 827 841 838 856 842 846 869 873 868 863 854 867 871 879 875 870 876 880 885 871 882 879 887 881 887 888 885 887 882 886 885 891 882 884 886 892 887 889 887 888 887 888 879 890 856 853 833 848 814 818 786 712 766 661 684 632 620 604 597 636 534 564 514 504 494 510 485 486 467 469 470 458 468 469 469 471 459 461 461 462
687 685 709 710 736 744 758 787 770 794 794 815 775 807 811 811 828 841 846 834 842 842 834 810 870 857 866 873 881 871 879 876 875 881 874 882 879 880 881 876 881 886 878 883 886 882 888 886 886 883 887 887 885 887 888 883 888 886 892 887 887 887 871 886 865 864 862 819 859 812 843 761 763 707 712 640 691 623 642 560 584 544 564 520 477 517 495 484 481 470 470 469 468 468 462 461 462 461 460 460
720 742 732 738 756 758 746 793 781 780 809 801 824 826 818 826 826 822 832 833 853 849 869 866 855 870 870 861 861 870 858 878 878 877 876 884 873 878 881 885 885 873 888 883 890 886 888 890 888 891 887 891 886 889 884 891 887 890 887 886 889 884 881 888 877 868 843 842 840 813 833 811 721 675 696 653 695 620 668 589 552 545 537 505 510 503 494 504 483 478 460 467 462 458 459 461 459 460 459 459
707 734 710 749 770 750 768 752 779 786 808 795 793 830 810 834 852 836 840 857 867 853 874 856 868 862 874 877 879 871 878 880 878 870 867 876 883 879 888 887 886 886 887 892 891 886 885 889 885 888 884 892 882 886 889 887 889 885 888 879 891 879 879 882 864 874 854 872 859 858 815 783 811 764 711 661 706 672 619 605 586 586 557 521 536 485 494 485 495 479 485 468 477 459 469 460 458 460 460 458
705 731 718 714 723 751 798 796 789 777 796 806 797 830 809 810 821 831 851 833 866 865 863 868 853 850 861 884 859 879 882 881 873 884 882 888 881 885 886 884 885 886 885 890 888 891 889 888 885 889 889 889 883 888 892 885 886 884 879 879 885 888 889 887 872 890 870 838 820 855 831 798 817 782 727 716 671 659 636 622 572 567 555 537 520 519 493 521 505 492 475 478 459 467 460 460 460 458 462 462
717 698 715 720 743 767 765 745 802 790 776 793 841 824 804 829 823 834 829 843 853 848 870 875 868 857 870 859 869 872 878 885 880 887 882 884 888 883 882 890 890 891 887 889 886 886 887 889 889 891 889 889 888 889 888 885 887 889 885 889 890 891 877 876 874 882 880 837 842 868 814 801 768 765 800 722 721 592 630 584 640 538 554 528 500 519 529 502 492 493 485 477 477 477 459 458 459 458 458 461
685 689 724 730 739 745 769 778 757 777 779 795 812 809 825 826 814 838 837 815 864 861 857 857 852 862 871 878 875 882 883 883 883 883 885 886 885 886 885 889 885 883 889 886 888 888 891 889 888 889 887 891 887 882 886 890 883 889 885 878 874 887 890 883 870 855 867 863 855 871 836 795 796 738 720 741 742 716 630 640 612 539 596 530 531 535 527 483 495 501 493 495 496 461 470 460 468 459 461 460
685 695 710 707 735 751 761 772 781 794 762 808 822 815 820 813 814 820 850 832 851 864 851 861 857 870 885 881 865 870 861 877 878 881 880 883 878 889 882 888 884 883 885 884 888 888 889 883 887 889 892 878 885 892 889 888 883 888 888 883 887 892 888 882 860 878 878 859 861 784 828 793 765 809 732 721 739 700 661 649 591 609 633 616 526 518 528 563 487 478 468 469 461 478 487 460 462 469 460 462
679 728 724 743 710 733 760 737 753 799 745 791 768 813 799 840 825 831 848 836 847 863 857 857 854 875 872 881 860 867 881 885 885 870 880 888 878 877 880 890 888 886 882 882 888 891 881 889 888 883 884 890 886 888 890 887 885 889 884 884 886 881 873 880 877 889 878 862 855 836 829 794 808 749 726 779 721 734 682 612 645 634 604 551 574 571 520 521 510 508 475 477 478 472 476 458 462 461 475 458
665 702 698 730 740 761 734 739 777 800 798 793 760 804 802 805 819 810 825 822 818 803 839 858 845 834 857 857 876 876 879 885 872 877 886 889 876 883 884 884 883 884 893 893 893 891 883 883 886 887 889 888 889 887 886 890 887 885 888 888 885 890 858 871 872 874 878 876 833 871 817 827 826 743 699 699 735 695 661 680 646 636 627 588 562 563 494 503 520 503 485 485 496 467 460 461 461 460 456 460
659 668 691 696 700 708 695 763 745 758 766 773 814 794 776 795 796 831 829 842 850 852 844 845 856 856 872 866 868 859 870 865 879 878 888 884 885 881 891 888 886 885 887 886 886 886 883 885 887 889 888 884 890 890 887 888 888 892 891 888 871 880 888 881 874 888 879 875 821 854 822 761 811 813 722 740 790 718 684 680 643 633 668 578 567 598 538 535 509 521 479 509 461 492 459 468 471 467 465 458
656 643 677 688 728 695 727 744 733 790 763 736 765 762 771 794 810 828 797 828 803 850 837 842 844 840 837 852 851 869 862 863 876 876 886 874 887 887 885 887 888 883 888 884 890 884 887 888 887 881 890 883 887 887 889 889 891 884 892 891 889 871 884 868 874 872 891 866 879 819 811 804 776 773 712 766 682 760 708 607 678 651 632 563 594 550 517 578 510 527 495 504 486 462 462 457 467 473 464 462
633 638 671 658 686 715 688 722 722 721 737 753 787 763 796 812 788 824 810 804 844 802 827 839 856 839 858 847 838 869 875 866 883 878 880 886 889 877 879 874 888 889 884 889 886 888 885 882 888 888 889 885 889 886 885 889 880 881 891 884 874 884 878 870 859 888 864 862 871 817 799 792 791 731 763 726 696 664 681 688 664 649 590 581 597 546 564 524 498 505 484 492 471 470 491 470 469 468 488 459
608 646 656 687 674 668 681 715 689 719 726 736 756 755 756 813 768 766 761 816 787 820 828 826 804 851 855 862 868 839 846 868 855 875 879 880 877 888 871 881 890 880 878 883 882 884 885 881 888 884 885 884 885 889 887 885 886 882 887 877 881 876 872 872 877 864 858 825 860 846 856 807 752 766 748 712 675 715 649 660 641 583 568 535 586 549 508 497 511 498 511 474 504 473 492 468 480 458 457 469
601 611 597 639 660 657 690 695 681 704 692 705 707 728 758 769 754 779 752 801 780 831 807 795 853 828 841 854 829 837 874 863 854 864 873 874 875 868 879 873 887 880 884 885 885 888 888 885 885 882 887 879 879 889 886 883 888 882 883 886 866 871 860 880 835 869 831 834 853 819 798 746 790 757 668 686 726 607 660 632 635 605 673 610 561 517 528 537 513 510 512 493 485 467 471 486 460 457 461 460
591 637 599 619 647 636 634 631 663 694 714 746 728 745 714 744 719 781 743 757 741 802 815 775 793 810 825 812 830 834 856 850 834 863 860 853 856 878 875 881 876 881 863 886 886 884 878 884 879 885 889 880 879 876 881 887 890 890 881 872 883 875 842 871 827 865 848 819 834 820 766 760 718 767 735 673 630 658 670 622 590 659 638 576 539 546 542 512 505 487 481 463 492 481 485 469 469 475 462 460
584 611 610 612 625 613 619 663 622 661 668 669 656 712 721 689 717 731 765 774 763 781 793 777 788 845 819 826 808 826 831 834 834 845 841 845 860 888 865 861 860 880 882 884 874 877 872 886 879 875 880 881 884 878 882 872 886 885 885 879 878 859 865 853 857 829 814 824 785 765 716 753 778 736 748 675 610 635 608 618 678 554 562 574 538 555 479 475 487 478 480 476 464 486 468 468 467 459 460 459
