128 128 113 121 146 136 135 153 140 130 161 142 175 142 154 179 166 189 154 183 191 192 242 234 218 271 207 212 248 237 273 272 303 284 346 348 303 328 279 291 398 335 317 344 397 420 469 478 424 515 405 455 533 430 544 495 470 476 399 381 309 272 272 254 230 166 225 124 136 116 97 87 77 76 68 64 54 58 51 46 44 39 38 40 40 35 36 31 26 24 26 27 30 28 29 24 30 16 28 22
149 146 128 102 130 140 145 158 120 157 164 158 162 145 199 203 139 201 181 184 188 187 195 229 225 264 227 262 271 232 230 257 328 308 308 335 292 304 314 378 370 363 356 400 467 435 458 537 435 468 420 462 501 488 497 505 443 451 387 331 419 324 282 267 172 160 214 179 174 109 128 125 89 72 71 56 91 61 49 49 54 42 44 33 37 26 26 23 28 24 30 28 26 25 25 28 21 24 24 27
133 124 135 131 166 144 133 133 158 150 143 162 177 167 170 186 168 153 207 201 196 175 241 204 196 245 246 241 236 218 266 248 264 274 273 306 343 354 355 332 341 394 401 379 368 380 468 409 510 523 466 487 457 574 574 392 459 425 414 475 333 319 321 267 250 169 174 149 126 121 96 129 110 102 77 55 61 55 58 40 47 50 30 29 42 31 31 26 26 28 33 25 26 26 24 27 29 23 26 24
123 141 116 123 135 125 147 132 151 143 198 127 154 204 159 202 166 203 164 215 183 191 204 212 195 245 242 272 200 282 258 303 277 283 296 313 296 302 333 357 339 371 407 398 433 455 443 463 496 465 425 486 461 542 539 452 444 425 370 305 316 342 284 217 264 199 188 131 165 122 93 122 60 71 83 73 58 54 54 39 41 32 35 36 31 30 24 34 30 26 32 27 28 27 24 26 21 19 25 24
132 117 134 107 167 139 141 150 150 150 176 170 157 166 170 154 183 180 231 160 210 185 196 221 209 230 199 260 232 237 269 253 293 261 292 279 280 329 330 357 388 371 349 414 376 404 471 427 491 391 455 450 475 531 526 449 429 478 427 382 368 273 201 221 207 183 150 184 171 116 127 145 113 92 61 63 59 66 58 42 41 34 37 30 34 27 27 27 32 26 30 22 21 34 27 20 28 21 26 24
122 118 114 137 111 144 137 151 150 136 164 168 158 182 191 174 168 163 170 191 219 184 236 201 244 209 238 214 275 228 274 279 286 273 307 321 342 305 306 359 379 316 374 431 399 397 507 432 462 553 436 407 482 483 510 507 369 429 404 376 319 275 239 224 236 213 186 148 165 105 120 110 88 78 84 58 45 51 45 39 43 33 45 24 31 43 29 31 24 26 31 26 26 25 28 23 28 27 21 28
105 119 148 162 151 142 125 187 132 136 152 145 134 171 165 162 161 159 197 165 186 224 211 212 205 213 206 233 221 233 283 304 340 326 296 274 271 396 345 306 322 342 378 430 422 382 478 408 430 410 424 506 438 515 460 501 470 366 419 412 395 306 250 220 208 169 119 124 162 120 103 69 103 70 77 66 80 54 38 45 34 46 48 26 35 36 29 28 27 25 26 20 24 25 27 32 26 23 24 25
107 140 117 159 163 142 159 110 132 132 132 154 155 198 162 170 199 175 195 232 198 192 182 185 227 262 273 229 270 205 226 258 274 280 259 295 304 366 359 318 426 390 364 408 404 412 415 440 473 462 486 489 498 514 547 453 479 416 382 404 298 322 295 240 266 219 197 137 136 116 88 91 90 65 80 70 63 57 41 45 46 38 33 32 32 32 22 29 26 28 18 30 24 29 26 25 22 29 22 22
112 110 148 133 144 150 147 143 140 142 162 165 187 153 175 173 148 192 157 206 178 218 216 179 199 205 203 248 249 247 253 251 294 326 263 353 309 335 369 384 373 352 366 320 402 388 393 481 419 480 521 472 515 543 536 484 482 392 397 411 327 372 291 229 184 185 183 166 116 180 84 117 73 74 67 95 49 51 69 47 49 36 41 61 40 41 31 31 29 27 30 27 20 23 27 28 23 26 28 24
112 126 111 130 131 146 113 141 164 145 131 169 158 162 181 179 150 161 139 166 191 250 198 217 239 203 219 275 259 271 207 244 234 303 266 274 319 390 333 291 412 388 320 371 369 357 476 435 448 513 531 532 474 512 467 423 432 509 369 392 348 303 258 177 207 216 165 224 106 129 94 91 85 109 69 75 74 67 51 43 40 33 32 38 37 37 32 35 25 24 26 27 21 25 26 28 26 32 27 20
144 119 119 111 130 152 142 119 121 143 175 173 134 169 186 160 141 169 183 210 192 214 193 219 181 233 279 210 310 244 275 255 267 296 292 285 318 360 326 373 342 432 443 380 375 406 421 455 482 487 444 450 466 454 531 553 448 538 416 334 288 308 257 267 236 236 165 206 130 110 92 103 61 70 62 84 64 67 44 38 37 49 41 29 29 35 30 29 30 26 21 27 25 29 24 23 25 28 20 25
128 141 133 117 138 112 140 152 163 155 155 154 141 146 137 164 165 180 198 181 190 212 188 234 267 241 257 198 219 249 218 254 282 277 277 320 301 408 330 345 356 354 391 439 430 399 442 451 395 490 467 532 491 495 495 525 402 424 376 462 320 291 234 233 163 181 160 183 177 108 118 108 100 114 72 65 76 60 52 53 36 40 30 41 34 34 33 27 26 26 26 24 26 30 23 30 28 24 27 30
134 117 118 137 131 151 152 184 130 135 140 165 164 185 188 185 203 157 204 197 194 218 232 206 210 216 226 249 201 243 279 259 260 313 327 312 301 350 313 330 364 401 360 417 385 465 429 427 469 484 558 523 453 543 489 475 483 440 383 387 320 296 205 260 207 176 132 194 167 124 145 104 68 99 86 44 50 47 51 48 42 43 40 27 34 33 27 25 31 27 28 27 23 24 22 27 21 23 27 25
83 111 137 129 148 157 121 128 121 149 148 172 168 163 192 192 198 216 191 190 165 211 198 221 259 220 237 260 261 228 244 231 323 258 297 310 344 288 292 324 334 372 393 401 412 475 477 432 509 502 512 450 469 468 517 526 466 418 359 300 301 314 233 311 174 173 159 189 125 133 77 106 104 59 69 84 56 61 39 52 64 43 36 28 29 38 33 25 30 31 33 24 22 23 32 23 25 22 24 22
129 104 122 147 122 168 135 138 142 126 138 153 159 165 162 193 175 185 162 158 187 196 184 217 225 217 224 268 266 238 285 255 294 302 344 326 317 364 351 304 378 343 406 388 405 416 403 446 424 387 463 489 565 447 446 463 454 396 507 422 303 362 219 295 218 233 189 164 152 82 137 94 90 87 62 80 61 56 49 41 48 44 38 32 33 26 38 32 32 25 29 22 26 25 23 24 25 22 27 20
91 130 124 122 142 143 117 146 165 159 159 159 122 147 193 158 181 180 155 202 175 176 218 204 201 229 240 248 253 280 312 254 300 278 302 295 294 304 364 333 347 376 380 420 388 461 401 492 445 432 504 497 525 458 462 452 386 481 317 356 349 292 374 293 181 210 162 139 102 138 116 86 88 63 115 77 60 60 48 50 45 39 41 42 39 43 30 32 30 24 23 28 25 27 27 26 22 23 24 28
107 122 133 133 118 157 149 160 161 139 163 188 118 170 149 155 165 218 149 193 189 218 188 203 221 266 269 229 276 193 294 260 267 327 325 356 278 276 336 336 326 380 398 350 445 398 463 444 446 447 507 502 557 486 414 491 476 424 415 416 330 308 244 242 278 188 154 168 144 117 118 106 105 70 74 75 70 53 62 43 33 34 34 34 38 33 27 25 30 21 24 28 29 27 27 29 23 26 26 25
129 128 132 135 133 137 122 137 158 128 147 176 150 156 206 184 163 181 216 186 205 200 227 192 230 223 232 247 251 273 241 312 285 287 315 338 317 349 391 326 382 273 413 422 436 464 438 436 438 518 460 476 474 406 501 471 450 453 382 396 379 294 275 287 186 198 209 146 151 87 105 104 99 64 87 82 49 33 41 37 45 43 31 44 42 31 26 28 35 40 27 28 30 27 27 25 26 27 24 24
131 119 125 114 137 136 149 139 143 153 193 143 161 161 187 199 231 218 157 201 178 196 208 211 206 228 228 254 219 226 328 271 287 304 300 339 313 326 345 334 361 378 363 429 453 427 410 428 554 427 453 464 518 462 445 464 479 405 411 416 344 375 356 236 242 217 242 224 148 137 89 108 101 80 86 47 43 54 37 46 42 48 36 28 32 33 24 28 26 37 29 23 26 31 26 22 22 26 25 25
122 130 123 142 172 133 135 156 151 142 153 158 174 132 151 186 166 157 205 205 162 215 183 191 188 210 249 191 221 288 261 269 294 283 269 335 329 284 284 323 347 393 334 416 467 413 439 444 474 498 477 556 504 444 472 484 449 454 402 433 272 310 226 241 168 198 175 142 153 115 173 99 80 80 82 50 57 65 49 41 51 47 42 36 33 29 30 26 30 38 20 22 21 22 30 24 25 24 23 18
133 139 123 148 124 122 143 142 136 172 147 162 172 141 184 153 156 149 190 199 196 219 201 177 228 262 206 285 222 304 229 286 287 302 290 301 271 295 332 362 324 316 423 407 393 428 467 450 473 528 520 492 448 435 518 497 464 445 463 403 370 325 317 232 269 258 199 179 122 115 78 88 100 73 98 72 50 62 62 55 45 49 46 35 31 36 26 28 27 26 20 27 23 20 25 24 28 24 28 26
129 144 144 143 147 151 136 137 136 125 162 164 168 145 172 150 193 168 209 190 202 232 209 233 166 212 214 271 254 231 261 239 283 347 307 333 361 257 399 377 382 328 315 405 419 484 461 469 415 445 499 485 523 468 518 494 422 433 518 409 336 268 260 309 257 234 159 210 177 128 111 112 93 72 83 62 43 69 45 42 36 44 41 31 38 33 30 29 28 29 26 28 22 22 22 26 23 28 28 23
123 114 127 117 150 122 133 151 147 146 164 155 151 176 135 187 183 144 186 208 182 199 179 220 244 261 223 281 242 222 293 247 344 303 329 373 320 319 384 296 284 396 417 426 370 483 474 505 453 507 535 464 477 518 455 522 390 423 419 335 299 397 273 220 272 185 195 135 104 131 105 134 89 63 74 38 70 60 52 41 27 37 27 29 50 38 26 30 20 29 26 23 26 31 25 21 26 22 22 25
125 143 116 136 126 140 158 162 146 157 146 178 151 190 177 166 180 175 190 173 192 192 221 229 226 223 248 223 279 255 288 291 268 276 328 287 393 374 347 332 388 381 429 435 415 424 464 463 421 446 447 506 541 506 519 496 423 550 373 437 347 296 221 245 219 225 202 193 181 101 87 105 69 86 79 62 58 61 51 52 41 41 47 40 32 43 37 36 24 25 26 27 30 23 31 20 26 25 22 21
142 137 115 135 122 123 133 138 155 121 158 161 182 161 188 188 203 208 190 192 174 174 198 213 259 214 248 249 250 239 278 246 252 285 274 328 289 328 278 322 310 339 393 428 416 401 503 414 516 457 392 529 465 495 462 445 531 484 338 428 335 343 245 254 211 185 201 182 156 95 90 101 100 86 59 74 55 52 45 46 58 36 46 36 31 29 23 28 28 26 27 30 27 23 27 27 23 24 24 26
150 136 117 155 148 152 110 135 141 156 213 141 145 161 149 184 179 183 186 217 205 217 189 211 212 278 200 262 293 232 236 306 274 309 278 330 330 336 401 379 367 393 356 389 426 417 424 475 495 501 528 472 557 551 457 509 535 383 427 398 391 305 323 224 242 204 168 183 124 123 114 82 87 83 63 43 60 55 49 47 56 37 30 41 34 29 38 29 29 24 34 25 29 25 25 26 28 25 23 25
116 127 156 143 130 131 137 152 148 165 173 196 161 170 149 173 176 179 178 232 227 193 221 230 254 193 252 214 258 256 257 241 275 318 254 353 416 310 379 358 356 346 399 389 391 463 464 407 402 522 376 489 526 508 504 518 474 485 470 327 310 337 263 254 280 253 168 175 167 109 114 96 69 74 59 70 58 70 63 60 39 34 31 38 33 27 30 30 25 33 26 24 22 25 22 27 27 23 20 22
101 152 119 135 127 141 137 185 150 143 151 171 176 183 167 152 170 153 183 164 200 214 230 212 187 219 195 230 274 233 260 262 262 322 331 277 330 318 362 347 379 349 328 481 461 401 461 446 519 518 483 425 545 529 540 442 501 399 459 372 385 311 249 317 307 179 171 169 103 137 106 115 98 77 83 68 55 59 37 50 46 30 45 38 26 35 38 30 32 28 26 28 25 21 24 24 23 27 24 25
116 126 167 133 158 139 168 178 167 150 125 161 147 160 188 157 179 159 181 173 194 234 228 190 259 225 262 221 230 285 313 301 288 304 290 312 280 332 372 363 395 356 310 437 407 365 516 473 467 558 497 501 463 510 491 559 445 351 439 395 377 247 252 281 233 184 216 143 200 136 162 93 79 84 76 62 52 60 49 44 63 34 46 36 33 34 18 28 24 30 27 29 29 23 22 19 29 23 24 23
126 119 133 118 112 150 120 140 143 134 144 165 197 161 172 151 179 200 178 178 211 178 207 213 217 220 265 228 198 189 263 252 332 292 393 343 321 375 358 373 327 397 450 351 412 494 458 440 482 424 511 461 504 536 590 561 502 403 376 415 404 302 300 273 209 319 130 167 152 113 105 96 71 79 66 70 54 59 37 58 29 42 42 29 35 34 32 27 30 21 27 25 26 29 23 23 23 27 27 26
125 141 129 116 127 149 112 124 138 148 179 120 138 192 184 196 155 149 160 230 197 230 223 246 222 247 279 266 256 273 267 262 295 294 342 335 333 316 416 407 396 388 410 421 394 427 473 523 537 439 563 541 549 533 557 452 476 517 418 367 372 330 293 261 211 238 144 177 147 155 93 97 104 89 78 71 67 64 59 59 43 49 34 41 31 27 28 33 30 27 34 26 17 28 26 24 25 25 22 25
118 96 138 120 143 138 142 134 140 147 149 161 156 179 157 191 144 142 164 192 204 182 197 221 223 213 274 250 280 234 268 275 260 305 264 318 346 383 329 354 412 383 405 335 455 532 470 516 497 483 533 493 547 526 527 519 526 449 433 349 323 287 319 308 190 212 163 167 131 120 107 90 112 87 82 62 52 66 68 44 39 46 26 37 48 19 35 29 34 26 22 27 28 24 27 23 23 19 26 27
120 143 130 140 133 127 128 143 133 144 144 133 132 161 195 168 196 200 208 219 241 187 198 228 233 232 211 239 238 261 292 260 297 304 332 306 300 350 388 331 424 479 348 452 404 391 473 507 509 578 490 476 534 435 584 539 575 427 476 386 362 365 323 247 185 203 183 173 211 133 98 100 99 57 47 70 54 66 40 66 43 35 53 31 41 42 29 27 29 27 29 24 26 23 37 28 25 26 24 23
133 117 113 137 158 151 145 160 148 162 155 148 178 148 214 146 174 169 203 194 218 194 205 252 223 225 248 237 257 243 327 257 222 239 285 308 351 350 294 338 404 375 380 461 333 468 439 428 454 487 446 469 416 501 544 559 494 483 465 477 481 377 335 352 210 226 157 156 236 114 136 120 66 87 80 63 53 56 51 39 43 40 32 40 25 39 28 28 30 30 32 25 23 25 27 28 21 28 26 18
135 141 134 116 142 129 135 143 139 131 126 134 160 153 136 150 194 175 201 206 182 200 207 239 217 198 200 275 262 239 268 276 293 362 375 309 320 358 376 407 379 365 435 363 513 474 464 548 491 481 512 582 571 497 500 543 395 439 419 372 343 321 322 253 183 265 198 154 133 117 104 112 110 75 63 64 70 58 60 42 41 34 45 30 29 31 23 39 31 23 28 22 23 18 27 20 28 22 25 24
131 122 124 145 113 147 157 156 150 172 150 161 150 215 133 161 204 199 156 177 203 217 228 215 175 242 266 253 281 268 308 244 263 322 388 318 356 298 325 333 406 448 367 421 420 489 467 526 416 519 545 534 563 499 578 568 548 507 417 404 345 367 316 213 287 238 176 181 150 174 151 81 78 98 95 69 58 45 64 43 51 40 40 30 35 33 28 23 30 36 30 27 24 34 23 23 22 25 23 25
121 104 137 150 135 165 150 138 159 145 141 128 171 153 182 168 129 213 200 177 225 189 206 229 163 233 245 288 227 276 293 288 292 323 305 304 312 338 401 360 387 433 430 455 414 463 451 489 449 524 505 572 484 504 558 540 483 385 514 503 491 346 376 268 242 262 241 182 172 130 137 97 101 104 78 44 73 83 47 39 36 40 26 42 30 27 26 36 30 25 28 28 23 26 29 28 19 27 21 25
145 125 118 137 139 139 162 156 140 169 183 158 170 172 166 161 191 184 204 205 215 245 234 203 200 266 205 242 243 204 271 303 307 250 321 325 323 288 378 380 398 355 439 487 397 455 457 557 516 534 557 522 525 558 530 541 538 449 430 497 412 332 329 317 227 268 173 150 159 137 117 165 132 59 52 72 111 49 61 44 43 58 32 33 37 27 31 25 24 22 26 23 25 27 26 25 21 25 23 25
117 133 117 141 121 142 146 128 165 159 163 165 135 184 188 195 180 168 201 164 212 192 216 216 222 225 249 270 274 239 258 258 304 256 303 311 291 354 370 358 429 410 380 436 393 516 569 517 522 541 563 607 559 589 606 521 449 594 432 395 417 398 389 290 243 276 178 175 185 98 134 110 109 77 68 91 55 57 49 40 36 39 35 32 38 25 40 28 26 31 31 26 27 27 27 21 25 20 27 24
142 142 117 155 148 161 138 157 140 141 145 172 169 191 189 202 198 203 192 192 193 209 156 237 198 251 262 189 253 285 312 242 314 299 392 294 398 408 413 384 332 427 493 488 440 465 467 550 546 498 561 559 571 604 571 541 524 488 495 413 449 414 374 331 275 230 181 165 136 125 97 101 70 94 70 66 38 67 33 43 40 34 40 29 28 38 31 26 29 25 26 24 28 27 32 21 26 24 25 22
120 127 131 137 144 126 127 148 141 170 185 167 161 139 229 198 155 190 197 227 188 217 201 200 214 281 239 236 275 224 284 290 295 371 327 339 311 390 366 344 320 407 478 487 521 459 469 477 494 515 574 607 557 570 599 562 462 560 357 487 424 392 329 384 245 286 208 251 160 149 117 106 107 65 86 88 61 44 48 51 38 43 68 32 42 32 34 29 25 27 29 25 29 23 25 22 24 25 23 24
119 133 125 114 132 149 144 140 144 181 158 163 176 166 176 191 224 148 174 183 218 207 212 208 216 244 191 293 287 232 253 272 317 289 331 300 342 362 488 394 458 459 439 452 507 517 519 533 503 588 563 584 640 600 544 566 592 530 543 428 384 402 357 278 217 229 160 203 191 101 109 91 78 100 93 74 52 47 60 46 40 45 41 30 36 37 25 28 26 25 21 32 26 22 24 23 28 17 24 22
135 134 126 145 148 121 150 161 145 167 119 153 140 181 177 208 188 177 162 207 183 238 234 213 194 224 275 272 260 337 288 336 320 316 318 376 344 389 400 443 411 463 376 460 475 554 556 558 532 543 531 686 633 581 662 633 609 471 529 489 491 478 294 328 430 231 233 240 164 92 122 90 103 58 73 67 51 71 50 32 46 50 37 25 35 28 28 31 33 23 28 25 21 26 24 21 28 28 23 22
118 148 134 155 142 124 145 146 131 121 145 162 166 159 168 177 191 187 199 244 232 187 260 207 249 229 294 251 257 293 310 317 346 299 324 369 381 355 384 429 467 385 468 449 486 493 486 531 589 596 559 642 626 575 540 658 617 645 472 563 448 439 383 329 258 245 249 252 216 132 132 140 104 72 77 69 54 48 62 59 38 34 25 29 37 27 30 28 27 36 37 26 23 26 24 23 21 27 29 26
112 129 142 152 140 150 125 142 146 159 162 166 195 193 165 170 224 141 226 196 216 237 200 196 215 283 235 290 296 256 213 321 336 328 328 393 425 400 423 460 429 476 434 401 524 461 539 560 558 616 572 626 672 586 516 505 639 630 566 499 419 378 364 239 312 278 243 244 169 143 111 126 87 113 47 72 83 67 34 44 43 68 28 31 32 34 29 30 24 26 28 24 29 25 27 23 25 28 25 25
116 132 130 150 132 141 127 141 144 155 141 182 159 160 160 141 168 171 161 226 214 226 204 256 192 265 279 309 309 278 275 277 337 376 414 339 303 372 405 441 402 432 488 443 468 565 554 583 549 532 616 545 670 653 617 645 600 550 517 491 422 364 365 357 292 288 241 229 196 152 136 87 107 60 86 85 56 42 54 40 44 62 30 33 23 33 28 28 23 26 34 29 27 23 27 25 27 22 20 26
131 118 163 132 125 165 128 134 175 147 168 143 156 167 172 173 221 184 189 183 241 240 233 215 250 256 238 326 242 320 305 291 330 380 388 381 418 369 454 404 391 564 435 498 656 523 606 549 597 645 617 607 585 655 720 564 565 683 465 511 518 408 410 245 378 326 230 220 180 137 123 103 126 120 81 96 55 61 35 44 39 33 43 53 34 28 29 28 27 29 28 25 24 25 23 24 19 30 22 27
128 127 112 133 138 133 143 195 144 141 145 173 163 196 211 237 184 150 203 199 166 228 208 225 239 261 285 254 234 312 325 274 294 343 341 381 413 425 426 452 435 427 447 517 563 575 571 624 632 638 644 532 658 616 664 567 623 544 561 501 494 377 411 314 271 224 328 243 245 145 137 156 103 93 82 71 81 65 71 40 37 36 44 32 29 31 26 24 34 23 27 23 24 25 27 24 28 24 19 27
124 111 108 122 134 129 149 151 168 176 152 159 182 141 162 204 181 160 194 194 207 217 271 249 270 251 244 325 271 285 280 282 314 289 399 350 377 440 507 461 478 520 544 550 540 604 621 608 673 528 658 631 696 718 630 736 678 664 581 550 502 481 408 374 314 324 212 196 200 126 104 141 134 78 82 41 77 41 51 60 41 43 35 33 29 34 39 36 30 26 32 23 29 23 25 26 24 24 23 20
120 134 111 128 146 117 128 172 138 152 161 171 170 166 202 177 176 247 215 193 239 236 304 170 237 280 319 291 297 269 304 307 332 308 444 350 400 479 456 487 457 488 501 480 475 567 613 574 567 643 654 654 733 677 712 637 664 613 597 638 552 543 410 320 383 390 275 272 240 168 121 148 139 100 130 142 72 90 58 33 45 37 36 37 41 24 28 28 19 29 32 28 23 25 28 22 26 20 21 23
122 134 151 149 155 149 146 137 162 171 135 144 150 208 172 188 151 203 192 235 224 205 320 229 262 229 281 235 310 316 310 299 369 374 401 463 354 420 420 501 487 540 525 580 593 585 601 557 620 572 704 706 712 721 655 690 690 606 619 595 480 455 406 321 428 286 241 305 205 196 103 90 129 107 76 58 55 67 47 38 48 40 54 45 38 24 31 24 29 28 24 31 26 28 28 20 23 22 24 19
138 127 136 111 125 163 138 142 133 158 169 168 153 190 205 178 212 194 224 191 184 201 230 273 275 261 267 273 241 259 316 318 325 365 342 445 487 431 513 437 494 507 502 611 519 554 531 648 678 620 742 714 674 673 673 686 750 605 661 568 490 459 462 373 398 369 343 318 288 244 150 126 129 75 96 95 48 53 54 51 36 41 28 33 61 34 24 27 28 28 23 21 24 23 28 25 23 28 24 23
131 151 148 144 146 135 141 139 168 170 142 163 172 174 220 190 184 198 266 228 260 240 229 302 263 282 307 338 477 272 418 385 378 434 404 421 464 451 508 442 546 593 577 618 603 572 605 645 677 623 712 701 786 791 732 688 718 584 624 504 510 543 403 477 327 307 385 319 318 176 90 150 164 66 149 48 87 76 80 71 33 34 57 27 30 27 36 23 23 28 30 26 25 25 28 23 31 24 23 26
134 126 146 106 116 130 167 154 164 166 180 178 156 186 193 246 215 192 195 230 176 229 230 242 269 319 251 291 262 360 330 312 349 350 439 485 483 514 504 613 513 603 587 654 565 574 592 689 662 686 719 650 749 739 725 675 643 688 541 558 646 510 425 465 424 383 357 401 343 248 136 117 120 136 91 99 151 47 57 29 52 54 36 46 29 30 31 27 33 28 24 27 25 22 28 20 25 24 28 28
152 117 141 149 123 138 168 143 136 190 142 165 153 132 221 260 236 271 237 251 254 190 269 287 292 316 302 327 363 426 413 426 401 413 435 497 457 538 541 507 489 605 515 551 675 710 635 664 754 677 653 710 714 729 710 667 724 731 678 645 609 590 492 435 390 347 269 346 317 205 130 189 168 108 79 115 76 57 67 50 33 33 74 39 35 35 34 30 28 29 23 27 23 26 19 19 21 25 25 30
122 148 132 135 113 130 167 131 167 157 174 230 207 161 188 203 195 231 230 197 231 275 315 231 242 315 324 293 388 439 389 389 409 481 514 495 407 555 494 510 542 647 611 548 630 683 708 698 644 660 721 765 789 761 756 739 725 702 718 680 596 517 531 574 416 409 341 247 286 185 177 159 85 101 96 104 104 57 59 56 72 37 54 50 69 24 29 30 29 23 28 26 29 26 25 17 26 24 26 21
149 130 131 151 154 150 154 161 161 179 187 204 190 222 196 197 190 250 237 280 247 183 299 332 238 381 330 303 380 400 350 463 483 456 432 567 500 555 575 465 570 590 661 657 563 658 612 701 736 748 773 755 786 723 744 787 731 717 668 610 600 630 544 446 395 428 310 380 343 205 204 225 148 133 135 120 104 75 63 56 73 79 45 38 50 33 28 22 27 26 27 23 26 27 22 20 27 25 26 23
135 145 136 148 178 147 163 164 215 165 177 148 204 199 211 256 218 252 221 272 294 326 281 242 324 350 301 362 352 360 426 411 479 587 446 521 453 585 427 547 622 601 537 660 655 701 629 691 710 691 797 783 755 793 806 723 707 718 678 682 648 696 594 533 414 440 335 317 332 257 186 160 128 117 103 81 119 82 40 70 34 41 32 52 31 38 25 27 43 25 24 26 22 26 22 29 28 22 19 19
125 157 112 128 124 169 181 184 179 164 163 233 153 199 215 241 228 275 228 256 277 298 296 255 337 317 316 296 394 328 386 411 330 508 535 531 439 584 597 634 671 657 612 692 724 654 746 728 779 707 777 834 784 785 794 821 770 776 691 694 648 609 585 478 521 344 376 509 440 300 184 226 127 143 108 94 80 74 65 65 57 38 46 31 29 31 29 31 26 26 28 26 31 24 26 25 24 23 24 23
154 161 143 124 124 164 151 176 189 173 172 187 254 243 246 192 239 187 232 284 267 235 407 313 371 301 362 376 419 367 472 439 527 355 400 572 601 633 667 573 673 613 758 760 728 735 757 789 712 816 772 785 770 787 804 771 748 688 766 735 651 615 510 457 454 457 426 491 389 276 174 153 174 153 111 100 91 69 75 55 46 35 35 34 30 45 44 27 29 27 25 25 25 25 27 25 23 19 22 23
175 121 154 152 172 161 184 169 162 231 168 191 181 231 279 232 227 263 272 270 302 345 299 321 392 341 372 357 382 474 444 462 441 580 491 591 607 502 575 678 616 630 560 752 694 736 759 684 725 724 811 808 850 851 827 786 814 829 730 713 704 624 576 559 571 485 490 461 443 241 228 273 162 184 158 160 95 82 36 59 50 31 36 35 43 43 31 31 28 23 26 25 24 24 20 21 27 22 24 24
117 172 156 161 130 156 134 187 202 190 190 266 218 248 268 262 303 270 244 253 354 341 402 387 333 415 350 473 443 397 448 433 580 570 494 556 491 633 586 750 632 578 697 678 715 743 750 715 777 799 820 843 803 845 864 837 789 711 705 733 685 710 548 517 540 532 451 408 468 470 198 133 149 93 131 65 119 111 66 46 36 56 47 43 46 28 24 31 29 28 26 34 28 29 23 27 29 24 27 22
169 149 195 146 139 204 169 179 196 237 199 236 212 304 212 247 246 317 369 258 298 358 402 364 402 479 525 398 432 371 536 535 532 625 588 586 681 578 620 619 701 725 672 773 831 752 801 795 764 782 798 802 818 861 824 820 846 766 812 672 693 730 607 494 560 500 415 439 408 237 178 150 172 211 107 128 100 86 72 95 67 44 30 33 27 28 45 31 26 31 30 31 28 28 26 24 26 25 23 22
160 163 139 160 166 149 170 168 218 166 172 233 263 210 220 235 363 250 255 289 319 420 286 410 407 444 460 538 462 574 565 513 538 563 609 632 633 598 573 724 615 645 664 744 766 782 796 782 710 803 846 867 833 864 838 790 856 760 788 743 694 713 654 606 603 461 454 413 378 396 289 275 239 130 252 155 128 146 93 58 71 58 37 30 64 34 52 24 28 29 22 25 20 24 40 25 23 23 25 24
148 150 152 139 128 135 184 220 186 271 219 226 194 208 348 308 351 287 419 412 389 378 307 402 446 375 376 391 498 503 599 601 493 614 638 628 672 592 610 707 618 667 757 693 734 816 843 814 781 842 800 789 865 810 865 845 828 831 802 809 729 595 690 612 568 528 549 567 484 394 257 193 168 133 254 179 179 126 119 35 56 33 67 44 27 69 29 25 25 23 23 26 26 40 27 24 24 25 22 26
135 110 184 159 150 228 246 169 198 232 243 282 268 292 323 270 283 363 297 377 426 413 445 388 442 479 514 485 562 507 534 486 543 566 617 649 695 680 728 771 750 795 811 760 808 812 846 747 832 790 869 813 869 819 822 876 810 845 842 732 800 700 727 669 704 627 592 376 478 434 288 176 246 163 136 197 141 102 86 85 71 54 87 51 46 22 46 33 29 22 49 28 32 26 23 27 24 20 22 23
174 147 188 194 213 260 195 203 193 258 290 294 328 283 205 309 361 257 335 335 400 466 356 530 468 599 584 519 420 577 589 554 616 600 613 662 647 693 684 744 720 768 724 774 783 871 821 812 818 845 852 850 875 868 839 855 843 848 811 809 792 747 688 685 501 550 505 497 442 454 276 304 237 208 159 113 208 81 111 45 123 72 100 28 71 31 30 28 21 33 24 28 24 27 28 25 26 26 25 22
183 207 215 189 188 240 196 249 230 293 334 282 312 236 389 275 411 456 376 449 420 426 443 324 491 514 576 634 623 576 567 660 620 653 667 787 670 723 570 665 809 733 702 822 837 861 803 835 884 828 882 874 850 883 864 884 871 878 776 813 783 683 698 692 713 647 517 458 512 371 295 337 272 154 144 183 233 77 65 71 71 65 58 25 36 58 31 26 28 27 29 27 24 24 24 29 19 26 23 26
213 188 199 190 241 223 304 195 276 268 244 284 330 354 317 384 300 392 354 417 456 483 469 517 474 501 529 593 553 751 626 550 673 678 746 675 750 730 661 802 843 822 801 845 823 863 876 891 882 887 869 861 896 898 858 877 814 808 865 829 859 782 695 580 667 565 717 626 519 512 286 268 231 278 192 152 110 106 130 122 64 75 52 102 51 22 44 32 24 41 27 23 20 27 29 29 30 27 27 26
198 222 238 247 243 309 331 310 296 262 253 292 352 286 343 369 407 446 425 437 490 387 467 474 550 585 589 554 629 635 644 636 708 703 721 774 753 745 801 804 800 810 814 824 856 838 865 887 878 874 876 880 869 891 877 904 867 877 851 846 785 778 764 708 707 663 644 608 623 441 475 316 306 199 248 296 123 104 128 66 88 60 81 59 24 44 22 29 74 21 42 27 24 25 22 25 22 25 18 23
222 210 233 188 271 281 265 251 284 369 372 385 443 350 405 455 431 408 410 491 505 601 427 593 529 563 605 589 682 623 646 711 634 741 803 826 770 819 809 796 748 830 816 766 814 884 851 903 835 891 858 883 893 900 872 885 894 897 869 821 833 720 770 685 737 617 601 665 513 570 422 325 182 245 212 223 205 191 169 104 76 55 65 52 24 26 27 22 46 28 24 28 27 21 26 21 25 28 27 26
197 272 210 245 237 284 250 269 339 304 387 448 412 447 423 462 481 489 494 525 551 571 600 574 626 625 618 579 725 672 695 823 749 740 766 752 811 764 808 823 776 842 845 872 874 853 898 879 906 870 898 911 889 896 895 906 873 865 861 914 815 826 820 720 614 673 549 501 633 518 457 391 326 189 332 144 279 284 167 104 64 159 81 26 28 46 43 38 29 49 20 28 26 26 24 29 25 23 25 27
232 209 290 256 307 342 372 328 345 369 538 406 407 440 481 402 487 484 491 531 559 647 586 582 630 595 554 711 674 669 739 765 647 754 795 751 814 775 781 833 822 824 869 866 860 858 877 913 896 897 907 893 895 898 898 900 893 889 891 834 860 831 828 780 763 595 716 583 556 551 357 316 372 222 208 135 234 173 163 212 89 41 104 30 47 64 30 44 65 24 30 25 25 23 26 24 26 23 24 24
334 297 228 323 313 313 366 335 439 466 410 386 424 511 489 504 537 506 538 609 476 616 613 724 639 630 657 684 729 720 756 729 788 731 707 776 854 825 821 843 811 859 852 896 900 850 861 914 890 907 902 884 899 895 910 892 886 891 879 891 845 804 858 761 730 735 793 708 714 546 429 505 302 274 255 230 142 239 169 196 158 186 99 42 65 23 27 41 98 22 47 23 43 30 26 26 24 24 24 22
375 268 341 329 331 332 384 428 380 472 399 482 498 543 573 591 604 499 586 580 601 704 677 697 709 653 662 729 669 722 772 767 751 784 767 778 842 814 834 831 867 854 832 858 899 873 907 905 893 915 888 901 918 906 900 896 907 913 886 914 878 829 849 804 780 701 732 633 688 469 489 434 411 270 279 269 151 263 155 135 63 101 61 84 78 46 80 27 24 45 46 23 21 22 22 25 22 26 30 22
294 404 323 417 382 449 491 453 381 490 529 546 509 504 527 574 520 672 587 598 660 660 606 657 725 741 724 706 838 846 776 788 820 815 838 770 868 874 867 877 891 846 893 856 891 885 899 905 908 918 890 912 909 901 905 905 907 915 883 916 876 897 848 849 779 749 685 749 605 691 609 461 372 424 368 241 204 152 210 247 99 98 101 98 45 59 39 46 62 48 23 27 24 23 23 25 28 24 19 23
390 350 358 331 460 459 444 418 483 514 486 513 524 561 630 572 544 665 655 636 756 704 791 734 732 705 785 754 802 800 824 750 812 808 810 837 860 855 795 897 840 873 898 898 894 912 896 894 898 903 905 905 910 907 900 908 896 913 908 895 895 876 887 824 763 807 738 708 625 635 524 511 273 359 366 233 330 207 174 151 116 63 130 41 79 94 60 42 40 46 22 25 40 24 21 22 25 25 23 18
313 419 438 451 401 529 523 493 560 553 555 527 594 580 575 729 655 732 716 744 643 767 769 799 712 776 819 805 851 804 794 790 824 855 878 839 855 892 903 899 901 854 891 899 889 882 915 916 901 886 915 911 915 911 910 912 919 897 908 916 909 909 873 794 839 784 742 687 677 564 676 564 434 336 304 372 410 289 219 219 117 118 116 169 28 49 59 45 44 47 26 50 26 26 26 27 27 23 22 26
376 469 450 426 446 423 436 507 475 631 539 613 638 600 727 601 708 656 715 812 804 721 756 755 819 755 808 832 750 853 855 833 859 871 907 867 857 903 889 884 903 889 916 918 911 913 912 912 907 922 901 916 905 905 905 924 913 910 913 895 909 887 875 858 844 767 777 684 727 776 650 471 455 427 290 331 297 294 240 203 82 113 78 62 115 60 30 75 24 43 43 21 19 26 27 28 24 24 25 24
479 492 442 503 442 580 550 566 642 633 615 673 616 572 728 714 681 774 701 758 803 749 734 805 782 813 832 802 838 845 843 841 835 867 889 889 895 867 874 881 895 917 882 910 897 907 911 894 922 916 923 913 914 913 913 912 909 898 907 929 920 887 888 874 794 840 668 794 683 819 576 556 447 329 344 362 308 258 192 216 204 132 114 153 76 129 92 63 66 40 24 22 25 23 25 23 24 26 26 25
406 475 508 524 520 563 626 547 639 668 699 643 664 663 756 707 723 715 788 778 725 797 769 823 855 854 856 872 831 839 858 864 863 907 877 899 908 902 898 911 896 913 917 906 923 917 919 922 904 916 910 909 914 911 920 918 923 918 908 922 923 820 891 886 861 861 868 779 759 680 632 633 481 449 392 287 347 258 258 258 117 118 116 136 80 79 95 26 61 39 40 66 18 25 23 25 24 24 19 25
466 507 462 537 548 549 611 633 664 714 711 594 745 726 780 732 765 772 809 739 775 837 821 850 814 846 874 891 887 905 887 889 860 895 896 912 897 914 900 905 913 918 910 918 916 924 919 924 923 907 920 912 912 915 928 919 916 920 922 904 901 909 870 874 883 788 747 820 770 734 806 540 485 437 338 330 385 343 339 256 205 222 138 186 127 77 96 114 41 27 27 24 26 22 23 18 24 25 26 19
497 566 544 620 567 568 613 678 666 700 678 731 705 765 765 749 802 816 815 787 771 818 823 853 832 853 874 876 887 871 902 914 893 886 891 897 886 917 911 895 908 914 919 915 916 923 918 920 921 913 925 921 926 918 930 919 926 918 915 916 928 918 927 895 890 869 856 818 767 645 647 708 492 505 418 411 337 246 344 311 132 237 202 150 80 98 100 81 43 65 72 23 25 43 22 24 24 28 26 27
551 520 519 578 611 568 649 675 611 675 764 733 708 695 788 776 817 792 810 851 805 835 822 864 833 840 884 894 886 872 853 883 895 907 898 888 902 907 920 894 909 910 922 911 922 921 921 920 917 922 921 927 913 919 919 929 920 925 926 924 923 926 909 927 851 849 812 835 769 780 710 558 670 453 500 388 358 327 314 394 181 240 134 117 98 132 79 76 40 39 45 22 42 43 43 50 23 26 26 28
508 504 557 556 605 626 657 717 687 736 728 772 687 761 773 761 803 833 841 815 830 836 812 764 888 864 877 891 905 892 908 899 900 909 898 914 905 909 910 903 913 920 901 918 920 918 923 922 923 917 921 921 916 927 922 920 923 922 927 919 922 924 895 928 876 872 872 782 865 770 829 655 665 550 553 399 506 364 412 236 283 197 241 153 58 147 98 79 64 41 42 44 41 44 28 28 27 24 27 25
583 622 605 612 653 658 629 737 711 698 758 750 795 799 778 800 791 793 809 810 852 842 880 880 858 885 890 870 872 894 867 904 907 907 901 917 897 904 911 914 923 894 922 915 925 921 923 924 925 929 923 930 920 923 915 929 921 926 927 925 926 920 911 923 904 883 826 831 818 767 807 760 577 472 522 431 518 362 460 303 218 201 184 123 133 116 93 116 75 60 24 40 27 22 26 26 24 26 23 22
552 606 557 641 681 640 671 644 699 718 761 734 726 805 766 812 854 822 829 864 877 848 897 860 883 874 900 900 907 893 903 910 906 893 885 908 912 911 926 924 926 917 921 927 925 922 923 930 920 926 922 933 912 923 929 924 925 922 925 905 932 908 907 919 875 899 857 893 868 862 766 704 765 667 553 450 541 471 361 327 294 288 234 149 186 82 98 75 96 60 77 39 61 25 41 25 21 24 25 22
543 593 576 567 588 648 736 731 724 699 734 757 741 803 760 763 791 803 851 814 883 881 873 884 854 841 872 917 868 903 910 912 891 916 915 925 911 923 922 918 922 925 921 926 927 930 926 919 922 925 925 924 918 927 927 921 924 923 912 905 920 920 926 919 889 931 889 823 785 849 800 745 778 702 586 565 469 443 397 363 258 253 226 183 153 152 95 150 116 95 59 65 23 41 23 25 24 23 27 28
572 534 568 577 629 678 673 628 746 721 696 728 828 791 758 807 789 822 803 835 856 836 884 900 884 861 884 860 893 898 908 916 911 923 916 916 925 911 917 929 927 930 923 923 925 921 925 928 927 926 925 931 926 924 922 923 924 928 919 928 929 927 907 900 895 912 909 818 831 887 771 742 675 664 738 578 574 305 384 287 404 188 223 167 110 150 172 113 92 93 77 59 56 61 22 22 24 21 18 26
501 514 588 599 614 631 678 699 655 691 699 733 762 766 791 799 770 818 816 772 880 869 862 862 847 874 892 902 896 908 910 916 914 916 922 922 921 922 924 926 922 923 928 925 929 925 931 929 926 927 925 927 927 919 920 928 920 926 922 908 901 921 927 911 885 860 883 872 853 889 815 730 729 611 574 618 618 563 384 399 346 187 314 172 172 183 167 76 99 108 95 98 99 28 45 23 44 24 26 24
502 518 556 548 608 641 667 684 698 734 658 758 784 777 786 764 773 786 847 805 846 878 850 870 857 890 916 913 870 888 870 900 901 913 908 917 907 931 914 926 920 915 923 916 927 929 930 922 925 929 931 912 923 929 924 931 913 928 926 922 926 931 930 913 870 904 905 863 873 706 805 728 667 758 597 574 612 527 446 423 304 345 387 350 166 149 170 241 80 64 41 44 26 61 83 25 26 45 25 25
492 598 587 627 552 605 657 609 646 737 628 724 680 766 741 824 793 803 845 820 840 877 865 865 856 901 896 908 870 882 909 918 919 889 905 923 911 903 907 928 928 921 916 911 924 931 913 929 921 918 923 924 925 927 929 927 921 928 915 916 926 905 896 908 908 927 897 873 857 814 798 728 757 631 590 698 569 604 492 346 416 391 329 217 264 261 151 153 129 130 54 60 61 46 57 23 28 26 62 22
461 536 532 594 616 660 599 614 693 748 734 722 658 748 743 750 786 762 794 786 772 749 819 866 839 816 860 859 904 902 912 917 896 906 916 926 902 912 915 917 916 921 932 929 931 930 921 916 926 926 931 927 920 923 924 926 921 921 924 927 924 924 863 899 895 894 907 899 808 893 776 800 799 621 529 530 603 521 449 490 421 397 377 298 238 241 98 115 150 116 79 79 103 41 24 29 26 26 20 23
443 466 513 525 530 550 519 660 626 652 670 682 770 732 691 730 735 805 798 836 848 850 825 837 859 857 895 885 887 862 889 875 905 901 925 916 923 913 930 928 915 922 924 925 926 920 918 918 926 925 927 922 925 927 928 916 927 932 932 927 888 912 922 911 896 925 907 896 784 857 787 658 763 770 573 619 727 570 497 493 416 390 464 275 253 316 191 183 130 156 63 132 27 96 22 43 47 38 39 21
437 409 482 505 592 523 591 623 598 719 664 610 673 659 685 731 760 803 734 804 749 842 821 823 829 820 815 849 849 888 879 872 898 898 918 895 922 926 922 919 929 918 928 922 923 915 921 924 930 910 928 919 920 926 925 924 929 921 930 930 929 885 917 881 894 894 931 874 907 781 761 749 692 683 551 672 497 654 546 337 486 429 389 244 312 218 147 274 131 167 98 117 81 28 27 22 44 58 32 29
388 403 468 450 507 563 509 584 582 570 604 640 715 664 730 768 715 796 760 750 829 745 796 814 852 824 864 839 815 878 896 874 915 900 904 920 927 906 910 892 921 930 915 926 921 925 920 915 927 923 925 918 923 922 919 931 911 911 932 915 900 921 908 885 860 922 873 865 897 773 738 721 719 591 662 585 529 454 488 505 461 425 298 285 315 206 244 157 106 122 78 96 45 45 92 48 38 40 83 24
337 419 432 504 477 460 488 562 509 568 579 608 645 644 648 764 668 672 657 776 710 785 793 798 744 852 856 873 876 826 832 882 857 890 903 908 905 923 892 907 927 903 902 916 914 920 917 909 927 918 924 920 917 925 927 917 917 908 922 905 906 901 896 889 903 875 866 789 869 840 860 759 640 669 633 556 480 565 421 446 410 283 254 183 288 211 130 107 139 103 137 57 117 57 95 44 65 26 21 48
323 345 312 399 449 438 507 525 494 540 515 537 543 587 653 676 643 696 636 741 696 802 758 731 856 795 820 850 798 820 893 871 851 878 894 893 900 880 908 890 916 907 914 915 921 924 925 920 917 912 920 906 911 928 922 911 924 908 916 926 880 887 867 911 814 881 806 813 849 780 739 632 723 655 462 502 588 333 448 386 394 330 474 347 241 146 172 189 138 135 138 93 80 43 50 83 27 23 27 26
300 396 316 359 419 393 392 386 449 512 555 630 584 619 560 616 567 697 616 651 613 741 766 688 720 759 784 758 802 812 855 845 814 876 867 853 850 900 900 907 899 909 870 923 921 914 904 911 906 917 925 908 904 896 911 923 927 928 906 896 914 898 828 885 797 871 837 782 809 784 668 653 566 668 599 477 377 441 469 371 299 444 404 276 189 206 202 135 120 85 70 28 90 71 83 47 46 59 28 23
288 341 339 346 371 346 358 452 358 443 462 462 432 553 571 507 563 593 663 679 651 696 722 685 709 821 779 792 756 791 801 807 810 830 825 833 864 920 872 869 863 902 912 915 895 900 887 918 901 900 907 910 910 895 911 892 914 909 915 908 900 854 878 851 850 799 768 791 704 667 564 643 695 603 631 476 343 393 334 357 483 226 240 266 190 230 61 60 84 66 66 59 34 81 47 45 42 25 25 22
