134 133 118 126 152 141 141 159 145 135 167 148 182 148 159 184 171 194 160 190 198 197 249 239 224 278 212 218 253 242 277 277 310 290 353 354 309 333 284 297 404 340 322 350 403 426 474 484 429 520 411 460 538 435 551 501 475 482 405 387 315 278 278 259 235 171 231 128 142 121 102 92 83 82 74 69 59 64 57 53 49 43 44 46 46 41 42 36 31 29 31 33 37 34 35 30 36 23 33 28
155 152 134 107 137 146 151 164 126 163 170 165 168 150 206 210 144 206 187 189 194 192 200 235 232 269 233 268 275 236 235 263 334 314 314 342 297 309 319 383 376 368 362 406 474 441 463 544 440 473 425 468 507 493 503 512 448 457 393 338 425 329 288 273 177 165 220 184 179 114 134 131 94 78 78 61 97 67 54 54 60 49 51 39 43 31 32 29 33 29 35 33 31 32 31 33 28 29 30 32
140 129 141 137 173 149 138 138 164 156 149 168 183 173 175 191 174 158 214 207 201 181 248 209 201 251 252 248 242 222 272 252 269 280 277 311 348 360 361 337 346 400 407 384 374 385 474 415 517 530 471 493 462 581 580 397 464 431 420 482 340 325 326 273 255 174 178 154 132 127 102 136 116 107 85 60 66 61 65 45 53 56 37 34 47 38 37 33 31 34 39 30 31 32 29 32 34 29 33 30
129 147 121 129 141 131 153 137 156 149 204 132 159 211 164 208 172 209 170 222 187 197 210 218 200 251 247 278 204 288 263 310 282 288 301 319 301 308 339 364 344 375 412 404 440 462 449 469 502 471 429 491 466 547 545 458 450 431 375 310 321 348 290 223 269 205 195 136 172 128 98 128 66 76 88 78 64 59 59 44 46 39 40 41 37 37 30 39 36 31 37 33 34 32 29 33 28 25 31 29
138 122 140 112 173 145 147 155 156 156 181 177 163 171 175 159 189 186 237 165 216 190 202 227 214 236 204 267 238 243 275 259 299 266 297 284 284 335 335 362 394 377 354 420 381 410 478 433 497 397 460 455 481 538 532 454 434 483 433 389 374 279 207 227 213 189 155 190 177 122 133 151 120 97 67 69 64 73 63 47 46 39 43 35 40 33 33 32 39 32 35 28 27 39 31 26 32 25 31 30
128 123 121 142 116 149 143 157 155 141 170 174 164 188 197 180 173 168 175 197 225 188 241 207 250 214 244 220 282 233 281 284 292 279 313 327 347 311 311 365 385 321 379 437 404 402 514 437 469 559 441 412 487 488 516 513 374 435 411 382 325 281 244 229 242 218 192 153 172 110 127 115 92 84 90 63 50 57 51 44 49 38 50 31 36 49 34 37 31 32 37 32 32 30 33 29 35 33 27 34
111 125 153 168 157 149 131 194 137 142 158 151 139 176 170 168 166 164 203 170 191 231 216 218 210 218 211 240 226 237 288 309 346 332 302 280 276 402 351 312 327 348 384 436 428 388 485 413 436 415 429 512 443 521 466 506 476 372 426 418 401 311 255 225 213 174 125 130 168 126 108 74 110 75 83 72 86 59 43 51 40 53 55 33 40 42 35 34 32 30 32 26 30 32 33 39 32 29 30 30
112 145 122 166 170 147 165 115 137 137 137 160 161 204 168 175 205 180 200 238 203 197 187 191 233 269 279 235 276 210 232 263 279 286 264 300 310 373 364 323 431 395 369 413 409 417 421 444 479 468 493 495 504 520 554 459 485 421 387 410 303 328 300 246 273 224 204 142 141 123 94 96 96 70 86 77 68 62 45 51 53 44 38 38 39 38 27 35 32 34 24 35 31 35 32 30 28 34 27 27
117 117 155 140 149 155 153 150 146 146 168 169 194 159 180 178 153 198 162 212 183 223 222 185 205 210 208 254 255 253 259 257 300 333 268 360 313 341 375 389 378 358 372 325 407 393 398 487 425 485 527 477 520 550 541 490 489 397 402 417 332 379 298 234 189 191 189 171 121 186 90 123 78 80 73 101 54 57 75 52 56 42 48 68 45 47 37 37 36 33 35 32 26 28 32 32 29 32 33 30
118 131 117 136 137 150 119 147 170 151 136 176 163 168 188 184 155 166 144 171 196 256 204 223 245 209 224 281 265 276 213 250 239 308 271 279 325 397 338 296 418 394 324 376 375 362 482 440 454 518 538 537 478 518 472 429 437 515 375 397 353 310 264 181 211 222 170 229 112 135 99 96 91 115 74 80 81 73 56 49 45 38 37 44 41 43 38 41 32 29 32 32 27 31 31 33 30 38 32 26
150 125 124 117 136 158 149 124 127 149 181 180 139 175 192 166 146 175 188 216 197 218 198 225 185 239 285 215 317 249 281 260 274 301 297 291 323 366 331 379 349 438 450 387 380 412 426 460 488 492 449 454 472 459 537 560 454 545 422 338 293 313 262 272 241 241 171 212 135 116 97 110 66 75 67 91 70 73 49 43 42 55 46 34 35 41 35 33 36 32 27 32 30 34 30 27 30 33 25 30
134 147 138 122 144 118 145 158 169 160 161 159 146 152 142 170 170 185 203 187 195 217 194 239 272 247 265 204 225 254 224 260 288 283 282 326 306 414 336 351 362 360 397 446 437 406 448 458 401 496 472 538 496 501 501 530 408 430 381 469 326 296 240 239 169 186 165 189 183 113 124 114 105 120 76 72 82 65 59 58 43 45 36 47 39 38 38 33 32 31 32 30 31 35 28 35 33 30 31 37
140 123 123 142 137 156 157 190 135 139 146 170 169 192 195 190 208 163 209 202 200 224 237 212 215 222 231 255 206 249 284 264 266 319 333 317 307 356 319 335 370 408 365 423 390 470 434 432 475 490 565 530 458 551 496 481 490 446 388 393 326 301 209 266 212 181 139 201 172 130 151 110 73 105 92 49 56 53 55 52 49 49 46 32 39 38 32 30 36 34 34 32 28 29 28 34 26 29 32 31
89 116 143 135 154 164 126 133 127 154 153 178 175 169 198 198 204 223 197 195 170 216 204 227 266 226 243 266 266 233 249 236 330 263 303 316 351 294 298 329 339 379 400 407 418 481 484 438 514 508 518 456 475 473 522 533 470 423 365 305 306 320 237 317 178 179 164 195 131 140 82 112 109 64 74 90 62 66 44 57 69 50 42 34 34 44 38 30 36 38 39 30 27 28 37 29 30 28 28 27
135 110 128 153 127 173 141 143 148 132 144 158 164 171 167 198 181 190 168 164 193 202 188 223 231 223 229 274 272 243 291 260 301 307 350 332 324 371 359 309 385 349 412 394 411 421 408 452 430 391 468 494 572 454 450 469 459 402 513 427 308 369 223 301 224 239 195 170 158 87 142 100 97 93 68 86 69 62 54 47 53 50 44 38 39 30 46 37 38 30 36 27 32 30 28 29 30 28 32 26
96 136 129 127 148 149 122 152 171 165 165 165 127 152 200 163 188 185 160 208 181 181 224 209 207 236 245 254 259 286 320 259 306 283 307 301 300 310 370 338 352 382 385 426 394 466 407 499 450 437 510 502 531 464 468 457 391 488 322 361 355 296 379 300 186 215 167 145 107 144 122 92 93 68 122 82 65 67 53 55 51 45 47 48 46 49 37 38 36 30 29 33 30 34 34 32 27 28 30 35
112 127 138 139 123 162 154 166 167 145 168 194 123 176 155 160 171 226 154 199 194 225 193 208 227 273 275 234 283 199 300 266 273 333 330 362 282 282 342 341 332 385 405 354 451 403 468 450 453 453 513 507 563 492 418 496 482 429 421 423 335 314 249 247 283 195 159 174 150 122 122 111 110 77 80 81 75 59 68 49 37 41 40 40 44 38 34 29 35 27 29 34 34 33 33 34 29 31 32 30
134 134 138 141 138 143 128 142 164 133 153 182 155 162 212 190 168 187 222 191 210 206 233 198 235 229 238 254 257 279 246 318 291 293 322 344 324 355 397 331 387 278 419 429 441 470 444 442 443 525 466 482 479 410 506 477 456 459 387 403 385 299 281 293 191 204 215 152 157 93 110 110 104 70 93 88 55 39 47 43 51 49 35 49 49 36 30 33 40 47 33 33 36 33 33 31 31 33 30 30
137 124 131 118 143 142 156 146 149 159 200 148 168 166 192 207 238 224 162 207 184 202 214 216 212 234 234 260 224 231 334 278 293 311 306 344 318 331 351 339 367 384 368 435 459 433 415 433 562 433 458 470 524 468 451 470 484 410 417 421 349 382 363 242 248 223 249 231 153 142 93 114 107 87 92 51 49 60 43 52 49 54 42 34 38 39 29 34 30 44 35 29 32 39 31 28 28 31 29 30
127 136 128 149 180 137 141 162 158 146 157 163 180 137 156 192 172 162 210 211 168 219 188 198 194 215 257 197 226 294 266 274 300 288 275 341 336 289 288 328 353 398 339 422 474 418 444 450 480 505 482 563 509 449 478 490 455 461 409 439 277 316 231 246 173 204 181 147 159 120 180 105 86 86 88 56 63 70 55 46 57 52 48 41 38 35 35 31 36 43 25 27 27 28 36 30 31 30 29 23
139 145 130 153 131 127 149 148 142 178 152 168 177 147 191 158 161 153 194 206 203 225 207 183 235 268 212 291 227 310 233 292 292 307 296 307 276 301 337 368 330 321 428 412 399 433 473 457 479 533 526 498 453 439 523 503 470 451 469 409 376 332 323 238 275 263 205 185 127 121 83 94 106 77 105 79 55 69 68 61 52 54 52 40 38 42 32 33 32 31 26 33 28 26 31 29 34 31 34 33
136 150 150 150 153 157 142 142 141 130 168 170 174 151 177 156 198 174 215 195 208 237 214 240 170 218 220 278 260 238 266 246 289 353 312 339 367 262 405 383 388 333 319 411 424 491 467 475 420 450 505 491 530 474 524 500 428 439 524 416 341 272 266 315 264 240 165 216 184 133 117 119 99 77 88 68 49 75 50 48 42 51 46 36 44 39 36 35 33 35 31 34 28 27 27 32 28 34 33 27
128 119 132 123 156 127 138 157 153 151 170 160 155 182 141 193 189 150 191 213 186 206 184 226 251 267 230 287 247 227 299 253 349 309 335 380 326 325 390 300 288 401 423 431 375 490 481 511 458 513 542 470 483 524 461 528 395 430 426 339 305 404 278 225 278 190 201 140 109 137 111 139 95 68 79 45 77 66 59 46 31 42 33 34 57 43 32 36 26 35 32 29 32 36 30 27 31 26 27 30
131 148 122 141 132 145 163 168 152 163 151 183 156 196 182 170 185 180 195 178 197 198 227 236 232 229 254 228 285 259 295 297 274 281 334 293 400 380 351 338 393 387 435 441 421 430 471 469 426 452 453 512 546 512 525 502 429 558 379 443 353 301 226 250 224 231 208 199 187 107 94 112 73 92 84 68 64 67 57 58 47 47 53 45 37 49 41 41 31 31 32 32 35 27 37 25 32 31 28 28
148 143 121 141 127 127 138 143 161 126 163 166 189 166 194 193 210 214 196 197 178 179 203 219 265 219 253 254 255 243 283 252 257 291 279 334 294 334 284 328 315 345 398 433 422 407 510 420 522 462 396 535 470 501 467 450 538 491 344 435 341 349 250 259 217 190 207 188 162 101 95 108 107 92 66 79 60 59 50 52 63 41 51 41 36 36 28 33 34 32 33 36 33 28 33 33 29 29 29 33
155 143 122 161 154 158 115 141 147 161 220 146 151 166 155 189 184 188 192 221 211 222 195 218 218 284 205 267 300 236 241 313 279 314 283 337 336 342 407 384 373 399 362 395 431 423 431 481 500 508 535 478 563 559 461 515 542 388 434 404 398 311 328 229 247 209 174 189 130 128 119 88 93 88 69 48 66 60 54 53 62 44 35 46 39 34 42 35 36 31 40 32 35 31 31 31 34 30 29 30
121 133 162 149 134 136 142 157 153 171 180 203 167 176 155 178 181 185 184 239 232 199 227 237 261 198 258 219 265 261 263 247 280 324 259 358 423 315 385 364 362 351 405 396 396 469 471 412 406 529 381 496 532 514 511 524 480 491 476 332 315 343 268 260 287 259 173 180 173 115 119 101 75 79 66 77 63 76 69 66 45 39 36 44 39 34 35 36 31 38 31 29 27 31 28 33 32 29 27 28
107 159 124 142 132 147 142 192 155 148 157 177 182 189 172 158 175 159 189 170 206 221 236 217 192 225 199 236 279 239 265 267 267 329 338 283 337 324 368 353 384 355 333 489 467 406 467 452 526 524 489 431 551 535 547 448 508 405 465 378 391 316 255 324 315 185 176 175 107 142 112 120 103 83 89 74 61 64 43 56 53 35 51 44 31 40 44 35 38 33 31 33 31 27 29 30 29 32 30 30
121 133 173 139 163 145 174 184 173 155 131 168 151 166 194 162 185 164 186 178 199 241 234 195 264 231 267 226 236 291 319 307 293 310 295 318 286 338 378 369 401 362 315 443 413 370 522 479 473 564 504 507 470 516 497 565 452 356 444 401 382 252 258 288 238 190 222 148 206 142 168 98 85 90 82 68 58 67 54 50 69 40 52 41 39 40 24 34 29 35 32 35 35 29 28 26 35 28 30 29
133 125 137 123 117 156 125 146 148 138 149 171 203 166 178 156 186 205 183 183 218 183 213 219 222 226 272 234 203 194 269 256 339 298 400 349 327 382 365 379 332 403 457 356 418 501 464 446 488 429 517 467 510 543 597 568 508 408 382 421 411 308 306 278 213 327 135 173 157 119 111 102 77 86 70 76 59 64 42 64 35 49 48 35 39 39 37 33 36 26 33 30 31 34 30 29 29 33 32 33
131 146 135 121 132 154 117 129 143 153 184 125 143 198 190 203 160 153 165 236 203 236 229 252 228 252 285 272 261 279 273 268 301 300 348 341 339 322 422 413 401 394 416 427 400 433 479 530 545 444 570 547 555 539 565 457 481 523 423 372 378 335 299 267 216 244 150 184 153 162 98 102 109 95 83 77 72 70 65 65 48 56 40 46 37 33 33 37 36 33 39 31 23 33 32 29 30 31 26 29
123 100 145 125 149 144 147 140 145 153 154 168 161 184 163 197 149 147 169 198 209 188 202 225 228 218 280 256 287 240 273 282 265 311 270 324 352 389 334 359 418 389 411 340 461 539 476 524 503 489 540 500 554 532 534 525 534 455 440 354 328 293 327 315 195 218 168 173 136 126 112 97 119 93 88 68 59 72 74 49 43 53 32 43 54 24 41 35 38 31 26 33 33 29 33 30 29 24 32 33
124 149 136 147 139 131 134 149 140 150 150 138 137 166 201 173 201 206 214 226 248 192 203 233 239 238 216 244 244 266 298 265 304 310 339 312 306 356 394 337 430 487 353 458 409 397 479 513 517 585 496 482 539 441 591 547 582 433 483 391 369 371 330 253 190 208 188 180 218 139 104 106 105 63 51 76 59 73 45 72 50 42 59 37 47 47 34 32 35 32 34 30 32 30 42 34 31 32 29 29
139 122 118 143 165 156 152 167 154 169 161 154 185 154 220 151 179 174 207 200 224 199 211 259 228 231 254 242 262 249 333 262 227 245 290 314 359 356 299 343 411 380 385 468 338 474 445 434 460 492 452 475 421 508 551 565 502 489 471 484 489 384 342 360 215 233 162 162 242 120 142 126 72 92 85 69 59 62 57 44 48 45 38 46 32 44 34 33 36 35 37 29 29 30 33 34 26 33 31 24
141 145 140 122 148 135 141 148 145 137 131 140 165 159 141 155 201 181 206 212 187 207 214 245 222 204 205 282 268 244 274 282 300 369 381 315 326 363 382 413 385 371 440 369 520 481 471 556 499 487 520 589 579 504 507 551 401 446 425 377 350 327 327 258 187 273 204 159 140 122 111 117 117 81 68 69 75 64 65 47 46 39 51 35 34 37 28 44 38 28 33 28 29 23 33 26 34 27 31 29
138 128 130 150 118 152 164 162 156 177 155 166 155 222 138 165 209 204 162 182 208 222 235 221 180 248 272 260 287 275 315 249 269 327 395 324 362 304 331 339 412 456 373 428 427 495 475 534 421 527 553 541 570 505 587 575 555 515 423 412 351 374 322 219 293 244 182 186 156 180 157 86 85 104 101 74 62 50 69 48 57 45 45 35 41 37 33 29 35 42 36 32 28 40 29 28 27 30 28 31
126 110 142 156 141 171 156 144 165 151 147 133 177 158 189 174 135 219 206 183 231 195 211 234 168 238 252 295 232 282 298 294 298 330 311 310 318 344 409 367 393 440 437 462 420 470 458 496 456 531 512 578 492 510 566 546 490 391 522 512 499 354 384 275 248 269 247 187 178 136 144 103 107 110 84 50 79 90 53 45 42 47 32 48 35 33 32 41 35 31 33 33 30 32 36 33 24 34 26 31
151 131 124 142 146 145 168 162 145 174 189 163 176 178 171 166 197 189 211 211 221 251 239 208 205 273 211 249 249 208 277 309 313 256 328 332 329 294 385 385 405 360 445 494 402 462 465 565 524 542 565 529 532 566 537 549 546 455 437 505 419 339 335 325 233 274 180 157 164 145 124 171 139 65 57 78 118 54 67 50 48 63 38 40 43 33 37 32 31 28 32 29 30 33 31 31 25 30 28 29
122 138 123 147 127 147 151 135 170 165 169 171 140 190 193 201 185 174 207 168 218 197 222 223 228 231 255 276 279 244 263 263 310 262 309 316 297 360 376 363 435 418 386 444 399 525 578 525 529 548 571 615 567 597 615 528 455 603 439 401 423 406 397 297 249 284 184 181 191 103 139 116 115 82 74 97 60 63 55 46 42 45 41 38 44 30 46 33 31 36 37 32 32 33 32 27 30 27 33 31
149 148 123 161 154 168 143 162 145 147 151 178 174 197 194 209 204 209 199 198 199 215 161 242 203 258 269 194 259 291 318 247 321 305 400 300 406 416 420 391 338 435 500 495 447 471 475 558 555 505 569 567 579 612 581 549 531 495 504 421 457 421 382 339 282 236 187 170 142 130 103 107 75 100 76 71 43 74 39 50 45 39 46 34 33 43 37 31 35 30 32 30 32 32 38 27 32 30 31 27
126 133 136 142 149 131 132 154 146 176 190 173 166 144 234 204 160 195 203 233 194 223 206 205 219 287 245 242 280 229 290 296 302 380 332 345 317 397 374 350 326 415 486 495 530 466 477 484 502 524 583 615 567 579 609 571 469 569 363 496 431 399 335 392 251 294 215 258 167 157 122 112 114 70 94 94 66 50 54 56 43 48 75 38 49 37 40 34 30 33 35 30 35 28 31 29 31 31 29 29
125 140 129 119 138 156 150 145 150 186 164 168 182 172 182 198 231 153 180 187 224 213 218 213 222 251 196 299 295 238 259 278 323 296 338 307 349 369 496 401 467 466 446 459 514 525 527 541 512 597 571 592 650 608 553 574 602 538 552 435 390 409 365 285 223 237 165 209 197 106 115 96 83 106 98 81 58 54 66 52 46 50 47 35 43 45 32 33 32 31 27 37 32 27 30 29 32 22 29 27
141 141 132 151 155 126 155 167 150 172 124 158 144 185 182 214 194 182 167 213 189 245 240 218 200 230 282 278 265 344 294 343 327 324 324 384 350 396 408 452 418 471 383 467 483 565 564 567 541 552 540 699 643 592 673 642 619 480 538 498 501 488 300 335 440 239 240 247 169 97 128 95 108 63 78 74 56 76 56 38 51 56 42 30 40 34 34 36 39 27 34 30 26 31 29 27 33 33 29 28
122 154 140 161 148 130 151 152 137 127 152 168 172 164 174 182 196 193 205 251 239 192 267 214 254 236 301 257 264 299 317 325 354 305 331 376 389 363 392 437 475 393 475 456 494 501 495 539 599 606 569 654 638 585 549 669 628 658 481 574 457 448 392 338 265 252 257 259 223 139 138 147 110 78 82 75 60 54 69 66 43 40 31 35 43 32 34 33 33 42 43 32 28 33 29 28 27 33 35 31
118 134 147 158 146 156 131 149 152 164 168 172 201 199 171 176 230 146 232 201 222 244 206 201 221 289 240 297 302 262 219 329 343 335 336 402 433 408 430 469 437 485 442 408 533 469 550 569 568 626 582 636 683 595 525 514 651 641 578 509 428 387 373 246 320 287 251 252 175 149 117 132 93 120 53 78 89 73 39 50 49 73 32 37 38 38 35 36 30 31 33 30 34 29 33 29 30 34 30 30
122 137 135 156 137 147 131 147 149 161 146 189 165 166 165 146 173 177 166 233 220 232 210 262 198 272 285 316 315 283 281 283 344 383 422 346 310 380 413 449 410 440 497 452 476 575 564 593 560 542 628 555 683 664 627 656 613 561 528 501 431 372 374 366 299 298 248 236 203 158 144 93 113 65 91 92 62 46 60 45 49 68 36 38 28 37 33 34 28 32 40 36 32 29 33 31 32 27 24 32
136 124 169 137 130 172 133 139 182 153 173 150 162 172 178 179 228 190 195 188 248 248 239 221 257 263 244 333 248 326 312 297 336 388 397 389 427 377 463 412 399 577 443 507 670 534 617 559 608 658 629 618 596 666 735 575 576 697 476 522 530 416 420 251 388 335 238 228 187 143 130 109 132 126 88 102 62 66 40 49 44 38 48 59 39 33 34 33 31 34 34 29 29 30 29 30 26 35 28 32
134 134 117 138 144 138 149 203 150 147 150 179 169 203 217 243 190 155 209 205 171 234 214 232 246 267 292 260 240 321 333 281 300 352 349 389 421 433 436 464 443 436 455 528 575 586 584 637 647 652 657 541 671 627 677 579 635 557 572 512 506 387 421 323 279 232 338 251 254 152 144 163 110 99 89 77 86 71 78 45 41 43 50 37 34 38 31 30 39 29 32 29 30 30 32 28 34 31 26 33
129 116 113 127 141 134 154 157 175 182 158 165 188 147 168 211 187 165 200 200 213 223 278 255 278 258 251 333 278 292 287 289 321 294 407 358 386 451 517 471 490 532 557 560 552 617 635 620 687 539 673 644 711 734 642 753 693 678 594 563 514 493 418 384 324 333 220 204 208 132 110 147 140 84 87 47 83 47 58 65 46 48 41 39 34 41 46 41 35 32 38 28 35 29 30 33 30 30 27 26
125 140 117 134 152 123 133 178 143 158 167 176 176 172 208 183 182 253 221 199 247 242 312 175 243 288 327 300 304 276 311 315 340 315 455 358 408 490 466 498 467 498 513 490 485 579 626 587 578 657 669 669 751 693 730 651 680 627 612 653 565 555 422 330 394 401 284 282 249 175 128 155 146 107 137 149 78 98 63 38 51 42 41 43 47 29 34 34 24 35 37 34 29 30 33 27 32 26 26 28
128 139 157 154 161 155 152 144 168 178 139 150 156 214 177 195 158 208 199 241 231 210 328 234 268 236 288 241 318 324 319 306 377 384 411 475 362 431 429 513 499 553 537 594 608 599 615 569 634 585 721 722 729 738 669 706 706 620 635 610 494 468 418 331 439 296 250 317 213 204 110 97 137 115 82 64 60 74 53 44 54 47 61 51 44 30 36 30 35 34 30 36 32 34 34 25 28 28 30 25
143 133 143 116 130 169 144 148 138 164 175 174 159 196 212 185 219 201 231 197 190 208 237 281 282 269 275 281 247 267 323 325 333 376 350 457 498 441 525 448 506 519 514 626 532 567 546 664 695 636 762 733 690 690 690 704 769 621 678 583 502 473 475 384 412 380 355 330 298 252 157 132 137 81 102 102 54 58 60 57 42 47 33 39 68 39 29 32 33 33 28 26 30 28 33 31 28 33 29 28
138 158 154 151 152 140 147 144 173 176 148 168 179 180 227 196 192 204 274 234 268 246 236 311 270 289 316 346 490 279 428 395 388 445 415 432 476 461 520 454 560 608 592 635 619 587 620 661 694 638 732 720 807 813 751 706 739 599 641 519 525 559 415 492 338 318 398 331 329 184 96 158 172 71 158 53 93 83 87 77 39 40 63 31 36 32 42 28 28 34 34 31 31 31 34 29 37 31 28 31
140 131 153 110 121 136 172 159 170 171 187 184 162 192 200 254 222 197 202 237 181 235 237 249 277 329 258 298 269 370 339 321 359 360 450 498 496 527 516 631 526 621 603 673 579 588 608 707 680 705 740 666 770 760 746 695 661 707 556 573 666 526 437 480 438 397 370 416 356 259 143 124 127 144 96 105 159 52 64 34 57 60 41 52 33 37 37 32 38 34 29 32 30 28 32 26 30 30 34 35
159 122 147 156 129 143 173 149 142 196 147 170 158 139 229 268 243 280 244 259 263 196 277 295 301 324 311 336 374 439 424 438 412 424 448 510 471 552 555 520 502 622 530 566 694 731 652 682 779 694 672 730 735 751 730 687 746 756 698 665 628 608 507 451 404 361 278 358 329 214 136 198 178 115 86 122 83 61 73 56 38 38 81 45 40 40 40 36 33 34 28 33 29 32 24 24 26 30 31 35
128 154 138 140 118 135 173 137 173 163 182 239 214 168 195 210 202 238 237 203 238 284 325 238 250 325 333 301 400 452 400 400 421 496 529 509 418 573 507 527 558 667 627 562 648 703 729 719 664 680 742 789 814 785 777 761 749 723 742 701 617 535 549 593 430 424 354 257 297 195 185 166 92 108 103 112 113 64 65 62 80 43 60 56 77 30 34 36 34 28 34 31 34 32 31 23 33 29 32 27
155 135 137 156 160 156 161 167 167 186 195 210 196 230 202 203 196 259 245 290 254 190 309 344 245 394 341 313 393 412 360 477 497 470 444 585 514 573 593 478 588 610 682 678 579 679 630 724 759 772 798 781 812 746 766 814 754 741 691 630 621 650 562 462 409 443 323 395 356 214 214 236 157 140 144 129 111 81 70 62 80 86 51 44 57 38 33 27 33 32 32 28 31 33 28 26 32 30 32 28
141 151 141 155 185 153 170 169 223 172 183 154 210 207 219 265 225 260 229 281 304 337 290 248 335 360 311 373 365 371 441 424 493 606 461 539 468 604 441 564 641 621 553 682 677 726 649 712 734 713 824 810 779 820 833 748 730 743 701 704 670 721 615 553 428 458 348 330 346 269 194 167 136 125 109 88 127 88 45 77 40 45 38 58 36 45 30 33 49 31 29 31 27 31 27 35 33 28 25 26
131 164 118 133 130 175 189 192 186 170 169 241 159 206 222 249 237 285 237 265 287 308 306 264 348 327 326 305 406 339 399 423 340 525 556 549 453 604 619 656 695 680 633 716 751 674 772 752 807 732 806 863 813 812 821 851 799 805 715 720 673 631 608 496 541 358 392 529 459 312 193 237 134 152 116 101 88 81 72 71 63 44 52 37 36 35 34 37 31 31 33 31 36 29 31 30 30 29 30 27
160 167 148 129 129 171 156 183 196 179 179 194 262 252 255 199 247 193 241 295 277 243 422 324 385 311 376 390 434 379 489 454 547 367 413 591 622 655 691 593 697 634 787 787 754 761 784 817 738 847 798 813 797 817 833 799 776 713 794 764 674 639 530 474 473 475 444 512 406 289 183 162 185 162 120 107 98 76 82 60 52 40 42 40 35 51 50 34 34 33 31 31 30 31 32 30 28 25 28 28
182 126 160 158 180 167 190 176 168 241 175 199 188 239 289 241 236 273 282 280 313 359 310 332 406 353 385 371 397 492 461 479 456 600 508 614 631 521 597 703 639 654 580 781 720 762 788 711 752 750 842 838 882 883 858 817 846 862 759 741 731 648 598 583 595 507 510 482 463 252 240 288 171 194 167 169 103 89 42 63 56 36 41 41 49 49 36 36 34 29 31 30 30 29 25 26 32 27 29 29
122 179 162 168 135 163 139 195 210 197 197 276 226 257 278 272 314 280 252 263 369 353 419 401 345 431 363 491 459 412 465 449 603 592 512 577 510 658 608 781 658 600 725 705 742 772 780 743 807 831 854 876 834 879 898 870 820 739 733 764 713 739 570 539 563 555 471 427 488 491 209 142 158 100 140 71 127 119 72 51 43 63 53 50 52 35 28 36 34 33 31 39 33 34 29 32 34 29 33 27
176 156 203 152 145 212 176 185 204 246 207 245 220 316 221 256 256 328 384 267 309 372 418 377 417 499 546 414 448 386 558 555 553 651 611 610 709 602 644 642 730 755 700 805 867 782 836 828 794 815 830 834 851 897 858 852 882 799 846 700 722 762 634 515 586 522 433 459 426 249 189 160 182 222 116 136 108 93 79 102 73 49 35 38 33 33 51 37 31 37 36 37 33 34 31 30 31 30 28 27
167 170 147 167 174 156 176 175 227 173 178 243 273 218 228 244 377 259 265 299 332 437 296 426 424 462 478 559 480 598 589 534 561 585 635 657 658 622 596 756 640 672 691 776 799 815 833 815 738 837 882 905 869 901 873 825 893 793 822 774 723 743 682 631 629 482 475 432 397 416 304 289 253 137 267 166 136 156 101 64 77 64 43 37 71 39 59 29 34 35 27 29 26 30 47 29 29 28 31 29
154 158 159 146 134 141 191 230 196 283 228 235 203 217 363 321 366 299 436 430 405 393 318 418 465 391 392 408 519 523 626 627 512 641 664 655 701 614 636 736 644 695 789 721 767 851 881 849 816 879 834 822 904 846 905 882 863 868 839 845 762 621 721 640 594 553 575 594 507 414 270 204 178 142 268 191 190 137 126 41 62 38 73 50 32 76 35 30 30 30 29 30 31 46 32 29 28 31 28 31
141 115 192 166 158 239 256 177 207 242 254 295 279 303 336 282 295 379 309 394 445 429 464 405 459 498 537 506 586 528 556 506 566 591 643 677 726 711 759 806 784 831 848 793 843 848 884 779 867 825 908 851 909 856 859 916 846 883 881 765 837 733 760 700 737 656 621 394 501 456 302 187 262 172 146 209 151 110 94 93 78 59 94 59 53 28 53 38 35 27 56 35 37 31 28 33 29 26 28 28
181 154 196 203 223 272 204 211 202 271 302 307 343 295 213 322 376 268 349 351 417 487 371 554 489 626 612 541 439 604 614 579 643 626 641 691 677 724 714 777 752 802 758 809 818 912 859 849 855 885 891 889 916 908 877 894 883 888 849 847 828 783 721 718 525 577 529 521 465 477 290 321 251 220 170 122 220 89 120 51 132 77 108 33 78 37 35 34 27 37 30 33 29 32 33 30 30 31 30 27
192 216 225 198 196 251 205 261 240 306 349 294 327 248 407 287 431 478 392 470 440 446 463 339 513 537 603 664 652 603 595 691 647 683 698 825 701 756 596 696 848 766 735 860 876 902 839 874 926 865 923 914 889 924 904 925 913 919 812 852 820 715 732 725 748 679 544 483 538 390 311 356 287 165 155 195 247 84 71 77 79 73 65 29 42 65 36 31 32 32 34 32 29 29 30 34 25 32 29 32
225 197 209 199 251 233 319 203 289 280 255 296 346 371 332 403 314 410 370 437 478 505 491 541 496 524 552 620 579 788 655 576 705 709 783 707 786 764 693 839 883 861 838 885 861 905 918 934 924 931 910 902 940 941 898 921 853 847 906 869 901 820 728 610 699 592 753 658 545 539 302 282 245 294 204 164 119 115 140 132 71 83 59 110 56 27 50 36 29 48 32 30 25 32 35 33 34 31 33 31
208 232 250 259 256 325 348 325 309 276 264 307 369 300 361 387 427 468 446 458 513 404 488 496 573 612 617 581 661 666 676 667 743 737 756 812 789 780 841 844 839 849 852 864 897 880 907 930 920 916 919 923 910 935 919 947 909 921 892 888 822 816 801 744 744 695 677 638 655 465 499 334 323 212 263 314 132 111 137 74 96 66 89 66 29 50 27 35 82 26 47 32 29 30 27 30 27 30 24 28
234 221 245 198 286 296 278 263 298 389 391 404 466 368 426 479 452 428 430 516 530 631 448 624 555 590 633 618 715 653 678 744 666 776 844 866 809 860 849 834 783 870 858 803 853 929 894 949 876 935 901 927 937 943 915 930 938 941 910 862 874 756 809 719 775 648 633 700 540 600 444 343 192 259 225 235 218 203 181 112 84 61 73 58 29 31 32 27 51 34 29 33 32 26 30 26 30 33 31 31
207 287 222 258 250 298 263 283 356 319 408 471 434 469 444 485 505 514 518 552 579 600 630 602 656 656 648 607 762 705 729 863 786 776 805 790 851 802 849 863 815 884 887 916 918 896 942 924 951 912 942 957 934 940 938 952 914 908 904 961 854 867 860 756 646 707 577 528 666 547 481 413 345 201 350 154 296 301 178 112 71 170 90 31 32 52 48 43 35 55 24 33 31 31 29 34 30 28 29 31
245 221 306 270 324 361 393 347 363 389 567 427 427 462 507 422 513 509 516 557 588 680 615 611 662 626 582 747 707 703 778 804 679 793 836 790 855 813 821 876 865 865 913 909 903 901 921 958 942 943 953 940 940 943 943 946 939 933 936 877 904 871 870 820 802 626 755 613 585 580 378 336 393 235 220 144 247 184 174 225 98 47 113 34 53 70 35 49 72 28 35 29 30 28 31 28 31 28 28 28
354 316 242 342 332 331 387 354 463 491 433 408 448 538 515 530 565 533 566 641 502 648 646 763 673 663 690 719 767 756 793 766 827 769 744 814 897 868 863 884 852 901 894 942 946 895 903 960 934 953 947 928 946 941 956 936 931 936 925 937 888 844 901 801 767 773 833 746 751 576 452 533 320 291 270 244 152 254 181 209 170 200 106 47 72 27 32 46 106 26 53 27 48 34 30 31 28 27 29 26
399 285 363 348 351 352 406 451 402 499 420 509 525 572 606 624 636 526 618 611 635 741 712 734 748 687 698 765 703 760 812 806 789 826 805 819 886 858 877 873 912 897 874 901 945 916 955 952 938 961 935 947 963 954 945 942 954 959 931 960 925 872 892 844 821 738 770 666 724 495 516 458 434 286 294 286 161 280 165 145 69 110 67 91 85 50 87 32 28 50 51 27 26 26 26 29 26 30 33 26
313 428 343 443 406 477 521 479 403 518 559 576 537 532 556 606 550 709 619 631 694 695 640 692 763 780 762 743 882 891 815 829 861 859 883 809 915 919 911 922 937 890 939 899 937 931 946 954 953 965 934 959 956 946 952 951 952 962 929 963 921 943 890 894 821 787 721 788 636 728 641 486 394 448 389 255 217 163 223 262 107 106 109 108 50 65 44 51 68 53 28 32 28 27 27 30 32 28 24 27
416 374 381 354 489 488 471 442 512 544 515 541 555 594 666 604 573 701 690 669 796 742 833 773 772 743 827 793 844 842 866 790 854 850 852 880 904 899 836 943 885 917 944 944 938 961 944 940 943 950 952 953 955 955 948 954 943 961 955 942 940 921 933 866 803 848 777 746 659 669 552 538 288 380 387 247 350 221 184 160 125 69 140 47 85 101 67 47 44 51 25 28 45 28 25 26 29 28 27 22
334 447 467 479 428 562 555 523 593 587 587 556 628 614 608 771 692 774 756 784 677 808 812 842 750 818 863 847 896 848 836 830 867 898 925 883 898 940 950 947 947 898 938 947 935 931 963 963 949 931 961 960 961 959 958 957 966 944 955 965 956 956 921 835 882 826 780 724 713 595 713 594 459 355 322 394 433 306 233 233 125 127 124 180 32 54 65 50 48 52 30 55 29 29 29 31 31 27 26 29
402 499 482 455 476 450 464 536 504 669 572 649 675 635 766 636 747 692 754 856 847 761 795 797 863 796 853 875 790 897 902 878 904 916 954 913 901 950 936 932 949 935 964 965 958 962 960 959 955 971 949 963 953 952 953 973 962 958 962 940 955 934 920 903 887 808 819 720 764 817 686 497 479 452 306 351 315 311 254 216 89 121 84 67 123 65 34 81 28 47 47 24 22 29 31 31 28 28 27 28
512 525 472 537 473 616 585 602 680 670 651 712 652 606 771 755 720 816 740 800 847 790 774 849 825 856 876 844 882 889 889 887 879 914 933 936 943 913 919 928 941 966 929 958 945 954 959 941 971 962 974 960 959 960 962 961 957 946 954 977 968 932 934 920 835 884 703 837 719 863 606 587 471 346 365 381 327 272 203 230 216 141 122 162 82 137 99 68 72 44 28 25 29 26 29 26 26 30 29 28
436 508 543 559 554 600 664 580 679 708 742 682 704 701 797 748 764 756 832 820 764 841 810 868 900 902 902 918 874 883 905 911 909 955 924 945 957 951 947 959 943 961 966 953 970 965 966 970 951 964 958 956 963 960 967 966 971 966 955 970 969 862 939 933 905 907 913 822 800 716 666 668 507 475 414 303 366 275 273 273 125 125 123 145 86 85 102 29 66 43 44 71 21 28 26 27 27 27 22 28
499 542 494 575 585 586 650 671 703 758 754 630 789 768 824 773 808 818 855 780 818 883 865 898 858 892 921 940 934 953 935 937 905 942 943 960 945 962 946 953 962 966 958 965 963 974 965 972 972 954 968 960 959 964 975 969 966 970 969 951 950 957 917 921 931 830 787 865 811 773 849 571 511 461 357 349 407 363 359 272 217 236 148 196 136 83 102 121 45 30 30 27 30 25 26 20 28 28 29 22
532 605 583 661 605 606 651 718 707 740 718 774 747 808 808 791 848 862 860 832 812 863 869 900 877 899 920 922 935 919 950 963 941 933 938 944 933 966 960 943 957 962 969 963 964 971 968 969 970 962 972 969 975 968 979 968 974 967 961 965 979 966 976 944 939 915 900 862 808 680 683 746 521 532 442 433 357 260 364 329 140 252 214 161 87 106 107 88 48 71 77 26 29 47 25 26 27 32 29 31
588 556 555 617 648 604 690 718 648 716 809 774 751 736 833 820 861 837 855 897 851 883 867 912 879 886 931 942 934 919 898 930 944 956 945 936 950 954 969 943 956 959 970 959 970 968 971 968 967 970 969 975 962 969 967 977 968 973 975 972 971 975 958 975 894 894 855 878 811 823 749 590 707 480 528 410 378 347 334 416 193 254 143 125 105 140 86 82 44 43 50 25 46 48 47 55 27 30 30 31
542 539 595 593 642 665 697 760 730 780 770 816 726 806 819 803 848 880 888 860 877 883 857 807 936 912 924 939 951 940 957 947 949 957 946 962 953 957 959 951 963 968 947 967 969 969 971 970 972 966 969 969 964 978 969 970 970 970 974 967 970 973 944 979 923 917 919 825 911 812 873 690 702 581 582 420 534 383 437 249 299 209 255 164 63 157 106 85 69 45 46 48 45 49 31 31 30 27 31 29
623 662 645 651 694 699 668 783 755 738 801 794 840 844 822 845 834 839 854 854 899 887 926 927 905 931 939 917 920 944 915 952 956 956 949 967 945 952 960 961 974 941 970 963 972 970 971 971 974 977 972 979 968 971 963 977 969 975 977 975 974 970 959 971 953 929 869 876 860 807 850 801 610 497 552 455 546 383 486 323 232 213 195 132 143 125 100 125 81 65 27 45 31 26 29 30 27 30 26 25
589 645 594 682 722 680 710 683 740 761 804 776 767 850 810 858 902 869 876 913 924 893 945 907 930 923 950 948 956 942 951 959 954 943 933 959 960 960 975 973 976 964 969 974 972 971 974 980 969 975 973 982 960 973 978 973 974 972 974 953 981 956 955 969 922 949 904 941 915 908 805 743 807 705 584 476 571 498 382 347 311 305 249 159 198 89 105 82 103 66 83 43 66 29 44 29 25 28 28 26
579 630 614 603 626 690 779 772 768 741 776 800 784 847 803 806 836 847 898 860 932 930 921 931 901 886 920 967 915 950 957 961 939 965 965 974 959 973 971 968 972 975 970 974 977 979 975 966 972 973 974 972 967 977 974 970 974 974 962 953 969 967 975 966 936 981 937 868 828 892 842 788 820 740 618 596 496 468 420 383 273 269 241 196 164 163 103 160 125 103 65 71 27 45 27 29 27 28 31 31
609 570 604 614 669 720 714 665 788 762 737 769 873 835 802 853 833 870 848 881 904 880 931 950 932 907 931 905 944 948 958 964 960 972 966 964 975 958 967 979 975 978 972 970 975 970 974 977 976 973 974 982 976 972 970 973 973 977 968 977 978 975 957 948 942 960 957 862 877 936 813 782 713 700 777 610 606 324 406 305 428 201 238 178 119 161 183 122 100 101 85 66 62 67 26 26 28 25 22 30
533 549 626 637 650 669 719 740 694 730 740 775 804 810 834 843 812 862 860 814 930 916 908 909 893 921 940 949 943 955 957 965 963 965 971 971 970 972 974 974 971 975 977 975 980 973 980 978 975 976 974 974 977 969 968 976 970 975 972 957 951 969 976 958 931 908 931 918 898 936 859 770 768 644 606 653 652 594 406 423 365 198 333 183 183 195 179 83 108 116 102 105 107 32 50 27 50 29 31 28
535 550 590 582 646 679 708 724 738 776 695 800 826 822 831 805 816 829 893 848 891 925 896 918 903 938 963 963 915 935 917 947 949 962 957 966 956 982 963 975 970 963 972 964 976 980 980 974 975 979 979 962 974 976 972 982 961 978 975 973 976 980 982 962 917 953 953 908 921 744 850 768 704 799 629 606 646 556 471 449 323 367 409 370 177 161 183 257 88 71 46 48 31 67 90 31 31 50 30 29
524 636 624 666 585 641 695 644 683 778 665 765 720 807 782 869 835 845 892 866 885 925 913 913 903 950 945 956 917 929 956 967 968 937 952 971 961 951 955 976 978 970 967 959 973 979 962 979 968 968 974 971 975 977 979 977 970 978 963 965 977 951 944 957 958 976 943 920 902 857 840 767 799 666 623 737 599 638 521 367 441 413 349 232 280 278 162 163 139 140 60 65 66 51 63 27 32 30 69 27
491 569 565 629 653 698 633 650 732 792 775 761 695 789 783 791 831 803 837 828 813 791 862 914 885 860 905 904 954 951 962 965 945 956 963 976 951 959 963 966 965 971 980 977 979 979 971 965 977 977 981 977 966 972 973 974 969 971 972 976 975 971 909 950 944 941 956 946 850 941 818 844 844 655 560 560 635 551 476 519 447 421 399 317 254 257 108 124 161 126 87 86 113 47 29 34 31 31 23 27
470 495 544 557 561 582 549 697 662 688 708 720 813 773 730 770 777 848 841 884 894 896 867 883 905 902 943 934 935 907 936 921 953 948 974 964 972 962 979 978 962 972 973 975 977 969 968 966 976 973 977 973 973 975 978 962 978 981 981 977 935 962 971 959 944 974 955 943 826 903 829 693 804 812 604 654 768 602 526 523 442 413 492 292 269 336 205 196 140 167 70 142 31 105 26 49 53 43 45 25
464 434 512 535 627 553 626 658 632 759 700 644 712 695 723 771 801 846 774 848 790 886 866 866 873 862 858 894 894 936 929 918 945 944 966 942 971 976 972 967 979 967 978 973 970 963 970 972 981 958 977 969 968 976 974 973 978 971 978 979 978 930 965 927 941 942 980 919 955 823 802 790 731 721 581 710 526 689 577 358 515 455 413 260 333 234 158 291 141 180 107 127 88 33 33 26 49 65 37 34
411 428 495 478 537 595 538 619 617 601 636 675 754 699 769 810 753 840 801 791 872 785 838 856 895 869 911 884 857 922 943 919 964 947 950 968 976 954 959 937 968 980 962 975 970 974 969 964 976 971 974 966 971 970 968 982 960 960 982 963 949 971 957 931 905 969 919 909 947 814 776 760 757 622 698 618 561 480 514 534 489 451 316 305 334 219 261 169 115 133 85 105 50 50 102 54 44 47 92 29
358 444 456 533 505 486 515 593 538 598 609 641 680 679 683 804 703 709 692 817 747 827 833 841 781 899 901 919 921 870 874 928 903 934 949 956 954 970 939 954 975 949 949 964 963 970 964 957 977 967 974 969 965 973 977 965 963 954 969 954 953 948 945 936 950 921 914 830 916 885 906 801 676 706 668 587 509 598 444 472 434 300 272 197 306 226 141 118 153 113 149 65 127 65 105 52 73 31 26 55
343 366 331 420 476 462 535 556 523 569 543 565 572 618 688 711 677 733 669 779 731 844 799 770 903 835 861 893 839 863 940 917 895 925 941 940 948 925 956 935 961 955 960 962 970 973 973 968 964 960 968 953 960 978 970 958 972 954 964 977 927 932 913 960 857 927 850 857 893 821 779 669 764 692 489 531 622 353 475 410 417 349 501 370 257 158 186 202 150 147 150 103 89 50 57 92 33 29 32 31
318 419 334 379 443 413 413 407 473 539 584 664 614 650 589 647 596 731 646 686 644 778 804 723 756 797 822 794 843 854 899 889 856 922 912 897 891 945 947 953 945 955 915 972 970 961 951 956 953 964 973 954 950 941 958 971 975 977 951 944 961 945 871 930 839 915 880 825 852 826 704 688 598 704 631 505 398 467 497 395 318 470 429 295 204 220 216 146 131 95 78 33 98 80 93 54 52 67 34 29
305 359 357 366 390 365 377 477 376 465 486 485 454 582 598 533 591 622 695 711 681 729 757 717 742 857 818 830 792 829 840 846 848 869 866 873 905 965 914 911 904 945 957 960 940 944 930 964 944 946 951 956 953 937 955 937 957 951 960 954 945 893 923 894 890 839 807 831 739 701 595 676 731 633 665 502 364 416 353 379 509 242 255 282 204 247 69 68 92 73 74 67 41 90 55 52 50 31 32 28
